Running 2m test @ http://localhost:9006/api/v1/user?id=1
  4 threads and 128 connections
  Thread calibration: mean lat.: 1.268ms, rate sampling interval: 10ms
  Thread calibration: mean lat.: 1.255ms, rate sampling interval: 10ms
  Thread calibration: mean lat.: 1.259ms, rate sampling interval: 10ms
  Thread calibration: mean lat.: 1.269ms, rate sampling interval: 10ms
  Thread Stats   Avg      Stdev     Max   +/- Stdev
    Latency     1.26ms  582.90us   6.78ms   66.17%
    Req/Sec     7.91k   500.97    10.89k    68.52%
  Latency Distribution (HdrHistogram - Recorded Latency)
 50.000%    1.20ms
 75.000%    1.65ms
 90.000%    2.08ms
 99.000%    2.73ms
 99.900%    3.21ms
 99.990%    4.20ms
 99.999%    5.18ms
100.000%    6.79ms

  Detailed Percentile spectrum:
       Value   Percentile   TotalCount 1/(1-Percentile)

       0.096     0.000000            1         1.00
       0.547     0.100000       329631         1.11
       0.734     0.200000       660797         1.25
       0.892     0.300000       989529         1.43
       1.045     0.400000      1318257         1.67
       1.202     0.500000      1647964         2.00
       1.284     0.550000      1813801         2.22
       1.368     0.600000      1977413         2.50
       1.457     0.650000      2143035         2.86
       1.551     0.700000      2307588         3.33
       1.654     0.750000      2472677         4.00
       1.709     0.775000      2554286         4.44
       1.769     0.800000      2637160         5.00
       1.833     0.825000      2718936         5.71
       1.904     0.850000      2800993         6.67
       1.985     0.875000      2884112         8.00
       2.029     0.887500      2925073         8.89
       2.077     0.900000      2967104        10.00
       2.127     0.912500      3006942        11.43
       2.185     0.925000      3049201        13.33
       2.247     0.937500      3089465        16.00
       2.283     0.943750      3110921        17.78
       2.319     0.950000      3130730        20.00
       2.361     0.956250      3151706        22.86
       2.407     0.962500      3172492        26.67
       2.459     0.968750      3192898        32.00
       2.487     0.971875      3202889        35.56
       2.517     0.975000      3212865        40.00
       2.553     0.978125      3223642        45.71
       2.589     0.981250      3233797        53.33
       2.631     0.984375      3243961        64.00
       2.655     0.985938      3249171        71.11
       2.681     0.987500      3254360        80.00
       2.707     0.989062      3259166        91.43
       2.739     0.990625      3264303       106.67
       2.777     0.992188      3269714       128.00
       2.797     0.992969      3272212       142.22
       2.819     0.993750      3274680       160.00
       2.845     0.994531      3277284       182.86
       2.873     0.995313      3279788       213.33
       2.909     0.996094      3282365       256.00
       2.929     0.996484      3283666       284.44
       2.953     0.996875      3284967       320.00
       2.979     0.997266      3286245       365.71
       3.011     0.997656      3287497       426.67
       3.049     0.998047      3288764       512.00
       3.073     0.998242      3289451       568.89
       3.099     0.998437      3290083       640.00
       3.131     0.998633      3290705       731.43
       3.173     0.998828      3291362       853.33
       3.221     0.999023      3291989      1024.00
       3.251     0.999121      3292303      1137.78
       3.287     0.999219      3292623      1280.00
       3.331     0.999316      3292945      1462.86
       3.385     0.999414      3293270      1706.67
       3.453     0.999512      3293596      2048.00
       3.493     0.999561      3293751      2275.56
       3.533     0.999609      3293907      2560.00
       3.587     0.999658      3294073      2925.71
       3.649     0.999707      3294231      3413.33
       3.735     0.999756      3294390      4096.00
       3.775     0.999780      3294474      4551.11
       3.825     0.999805      3294552      5120.00
       3.891     0.999829      3294632      5851.43
       3.965     0.999854      3294712      6826.67
       4.071     0.999878      3294792      8192.00
       4.159     0.999890      3294833      9102.22
       4.211     0.999902      3294876     10240.00
       4.267     0.999915      3294914     11702.86
       4.347     0.999927      3294953     13653.33
       4.431     0.999939      3294993     16384.00
       4.475     0.999945      3295014     18204.44
       4.523     0.999951      3295034     20480.00
       4.615     0.999957      3295056     23405.71
       4.675     0.999963      3295075     27306.67
       4.731     0.999969      3295094     32768.00
       4.791     0.999973      3295104     36408.89
       4.867     0.999976      3295114     40960.00
       4.911     0.999979      3295124     46811.43
       4.959     0.999982      3295134     54613.33
       5.047     0.999985      3295145     65536.00
       5.071     0.999986      3295149     72817.78
       5.115     0.999988      3295154     81920.00
       5.155     0.999989      3295159     93622.86
       5.199     0.999991      3295164    109226.67
       5.271     0.999992      3295169    131072.00
       5.355     0.999993      3295172    145635.56
       5.387     0.999994      3295174    163840.00
       5.519     0.999995      3295177    187245.71
       5.591     0.999995      3295179    218453.33
       5.727     0.999996      3295182    262144.00
       5.739     0.999997      3295183    291271.11
       5.911     0.999997      3295184    327680.00
       5.963     0.999997      3295186    374491.43
       5.995     0.999998      3295187    436906.67
       6.067     0.999998      3295188    524288.00
       6.127     0.999998      3295189    582542.22
       6.127     0.999998      3295189    655360.00
       6.139     0.999999      3295190    748982.86
       6.267     0.999999      3295191    873813.33
       6.267     0.999999      3295191   1048576.00
       6.307     0.999999      3295192   1165084.44
       6.307     0.999999      3295192   1310720.00
       6.307     0.999999      3295192   1497965.71
       6.315     0.999999      3295193   1747626.67
       6.315     1.000000      3295193   2097152.00
       6.315     1.000000      3295193   2330168.89
       6.315     1.000000      3295193   2621440.00
       6.315     1.000000      3295193   2995931.43
       6.787     1.000000      3295194   3495253.33
       6.787     1.000000      3295194          inf
#[Mean    =        1.265, StdDeviation   =        0.583]
#[Max     =        6.784, Total count    =      3295194]
#[Buckets =           27, SubBuckets     =         2048]
----------------------------------------------------------
  3597675 requests in 2.00m, 428.88MB read
Requests/sec:  29980.69
Transfer/sec:      3.57MB
