Running 2m test @ http://localhost:9000/api/v1/users
  4 threads and 128 connections
  Thread calibration: mean lat.: 5.538ms, rate sampling interval: 21ms
  Thread calibration: mean lat.: 5.891ms, rate sampling interval: 22ms
  Thread calibration: mean lat.: 5.496ms, rate sampling interval: 22ms
  Thread calibration: mean lat.: 5.461ms, rate sampling interval: 21ms
  Thread Stats   Avg      Stdev     Max   +/- Stdev
    Latency     3.24ms    3.28ms  63.58ms   95.03%
    Req/Sec     2.56k   163.47     3.25k    84.43%
  Latency Distribution (HdrHistogram - Recorded Latency)
 50.000%    2.59ms
 75.000%    3.25ms
 90.000%    4.45ms
 99.000%   16.59ms
 99.900%   42.69ms
 99.990%   52.96ms
 99.999%   60.83ms
100.000%   63.62ms

  Detailed Percentile spectrum:
       Value   Percentile   TotalCount 1/(1-Percentile)

       0.900     0.000000            1         1.00
       1.760     0.100000       109981         1.11
       2.008     0.200000       219936         1.25
       2.207     0.300000       329569         1.43
       2.395     0.400000       440011         1.67
       2.587     0.500000       549266         2.00
       2.691     0.550000       604467         2.22
       2.803     0.600000       659428         2.50
       2.927     0.650000       714237         2.86
       3.071     0.700000       768945         3.33
       3.247     0.750000       823819         4.00
       3.353     0.775000       851398         4.44
       3.477     0.800000       878930         5.00
       3.625     0.825000       906284         5.71
       3.811     0.850000       933633         6.67
       4.065     0.875000       961193         8.00
       4.231     0.887500       974860         8.89
       4.451     0.900000       988712        10.00
       4.739     0.912500      1002311        11.43
       5.139     0.925000      1016043        13.33
       5.703     0.937500      1029760        16.00
       6.067     0.943750      1036608        17.78
       6.503     0.950000      1043466        20.00
       7.039     0.956250      1050328        22.86
       7.679     0.962500      1057184        26.67
       8.479     0.968750      1064045        32.00
       8.991     0.971875      1067478        35.56
       9.591     0.975000      1070900        40.00
      10.303     0.978125      1074335        45.71
      11.183     0.981250      1077763        53.33
      12.327     0.984375      1081185        64.00
      13.071     0.985938      1082900        71.11
      13.967     0.987500      1084614        80.00
      15.351     0.989062      1086333        91.43
      17.775     0.990625      1088046       106.67
      21.551     0.992188      1089762       128.00
      23.695     0.992969      1090623       142.22
      25.775     0.993750      1091485       160.00
      27.695     0.994531      1092341       182.86
      29.759     0.995313      1093196       213.33
      31.903     0.996094      1094051       256.00
      32.991     0.996484      1094485       284.44
      34.079     0.996875      1094912       320.00
      35.359     0.997266      1095343       365.71
      36.543     0.997656      1095774       426.67
      37.983     0.998047      1096200       512.00
      38.719     0.998242      1096417       568.89
      39.583     0.998437      1096628       640.00
      40.639     0.998633      1096850       731.43
      41.663     0.998828      1097057       853.33
      42.847     0.999023      1097270      1024.00
      43.519     0.999121      1097381      1137.78
      44.351     0.999219      1097483      1280.00
      45.087     0.999316      1097594      1462.86
      45.823     0.999414      1097698      1706.67
      46.719     0.999512      1097805      2048.00
      47.167     0.999561      1097859      2275.56
      47.679     0.999609      1097914      2560.00
      48.255     0.999658      1097966      2925.71
      48.991     0.999707      1098021      3413.33
      49.631     0.999756      1098073      4096.00
      49.887     0.999780      1098101      4551.11
      50.655     0.999805      1098127      5120.00
      51.071     0.999829      1098154      5851.43
      51.519     0.999854      1098181      6826.67
      52.127     0.999878      1098207      8192.00
      52.671     0.999890      1098222      9102.22
      53.023     0.999902      1098235     10240.00
      53.567     0.999915      1098249     11702.86
      53.919     0.999927      1098261     13653.33
      54.687     0.999939      1098274     16384.00
      55.103     0.999945      1098281     18204.44
      55.487     0.999951      1098288     20480.00
      55.903     0.999957      1098295     23405.71
      56.383     0.999963      1098301     27306.67
      57.375     0.999969      1098308     32768.00
      57.919     0.999973      1098311     36408.89
      58.239     0.999976      1098315     40960.00
      58.911     0.999979      1098318     46811.43
      59.647     0.999982      1098321     54613.33
      60.159     0.999985      1098325     65536.00
      60.191     0.999986      1098327     72817.78
      60.319     0.999988      1098328     81920.00
      60.831     0.999989      1098330     93622.86
      60.895     0.999991      1098331    109226.67
      61.119     0.999992      1098333    131072.00
      61.375     0.999993      1098334    145635.56
      61.631     0.999994      1098335    163840.00
      61.951     0.999995      1098336    187245.71
      61.951     0.999995      1098336    218453.33
      62.431     0.999996      1098337    262144.00
      62.591     0.999997      1098338    291271.11
      62.591     0.999997      1098338    327680.00
      62.687     0.999997      1098339    374491.43
      62.687     0.999998      1098339    436906.67
      62.687     0.999998      1098339    524288.00
      63.423     0.999998      1098340    582542.22
      63.423     0.999998      1098340    655360.00
      63.423     0.999999      1098340    748982.86
      63.423     0.999999      1098340    873813.33
      63.423     0.999999      1098340   1048576.00
      63.615     0.999999      1098341   1165084.44
      63.615     1.000000      1098341          inf
#[Mean    =        3.244, StdDeviation   =        3.277]
#[Max     =       63.584, Total count    =      1098341]
#[Buckets =           27, SubBuckets     =         2048]
----------------------------------------------------------
  1199208 requests in 2.00m, 10.28GB read
Requests/sec:   9993.35
Transfer/sec:     87.70MB
