Running 2m test @ http://localhost:9002/api/v1/user?id=1
  4 threads and 128 connections
  Thread calibration: mean lat.: 0.980ms, rate sampling interval: 10ms
  Thread calibration: mean lat.: 0.972ms, rate sampling interval: 10ms
  Thread calibration: mean lat.: 0.981ms, rate sampling interval: 10ms
  Thread calibration: mean lat.: 0.983ms, rate sampling interval: 10ms
  Thread Stats   Avg      Stdev     Max   +/- Stdev
    Latency     0.99ms  654.71us  27.84ms   88.20%
    Req/Sec     3.96k   301.88    14.44k    85.57%
  Latency Distribution (HdrHistogram - Recorded Latency)
 50.000%    0.96ms
 75.000%    1.29ms
 90.000%    1.52ms
 99.000%    2.04ms
 99.900%    7.45ms
 99.990%   23.07ms
 99.999%   27.10ms
100.000%   27.85ms

  Detailed Percentile spectrum:
       Value   Percentile   TotalCount 1/(1-Percentile)

       0.126     0.000000            1         1.00
       0.394     0.100000       165626         1.11
       0.544     0.200000       330500         1.25
       0.690     0.300000       494554         1.43
       0.831     0.400000       659260         1.67
       0.963     0.500000       824883         2.00
       1.027     0.550000       906873         2.22
       1.091     0.600000       989097         2.50
       1.156     0.650000      1071611         2.86
       1.222     0.700000      1153963         3.33
       1.289     0.750000      1236200         4.00
       1.323     0.775000      1277504         4.44
       1.358     0.800000      1318921         5.00
       1.393     0.825000      1359868         5.71
       1.429     0.850000      1400793         6.67
       1.468     0.875000      1441875         8.00
       1.490     0.887500      1462407         8.89
       1.516     0.900000      1483540        10.00
       1.544     0.912500      1503560        11.43
       1.578     0.925000      1524333        13.33
       1.619     0.937500      1544664        16.00
       1.644     0.943750      1555054        17.78
       1.672     0.950000      1565357        20.00
       1.704     0.956250      1575529        22.86
       1.743     0.962500      1585906        26.67
       1.788     0.968750      1596160        32.00
       1.814     0.971875      1601398        35.56
       1.841     0.975000      1606455        40.00
       1.873     0.978125      1611703        45.71
       1.907     0.981250      1616713        53.33
       1.947     0.984375      1621946        64.00
       1.970     0.985938      1624541        71.11
       1.994     0.987500      1627004        80.00
       2.023     0.989062      1629604        91.43
       2.057     0.990625      1632181       106.67
       2.097     0.992188      1634774       128.00
       2.121     0.992969      1636022       142.22
       2.151     0.993750      1637342       160.00
       2.187     0.994531      1638628       182.86
       2.239     0.995313      1639893       213.33
       2.365     0.996094      1641163       256.00
       2.733     0.996484      1641802       284.44
       3.243     0.996875      1642446       320.00
       3.863     0.997266      1643091       365.71
       4.595     0.997656      1643735       426.67
       5.395     0.998047      1644377       512.00
       5.771     0.998242      1644706       568.89
       6.163     0.998437      1645020       640.00
       6.571     0.998633      1645344       731.43
       7.023     0.998828      1645665       853.33
       7.523     0.999023      1645990      1024.00
       7.895     0.999121      1646147      1137.78
       8.487     0.999219      1646307      1280.00
       9.535     0.999316      1646468      1462.86
      11.111     0.999414      1646629      1706.67
      13.183     0.999512      1646790      2048.00
      14.335     0.999561      1646872      2275.56
      15.319     0.999609      1646952      2560.00
      16.271     0.999658      1647031      2925.71
      17.295     0.999707      1647114      3413.33
      18.303     0.999756      1647193      4096.00
      18.943     0.999780      1647232      4551.11
      19.631     0.999805      1647274      5120.00
      20.223     0.999829      1647313      5851.43
      21.215     0.999854      1647353      6826.67
      22.015     0.999878      1647393      8192.00
      22.607     0.999890      1647413      9102.22
      23.151     0.999902      1647434     10240.00
      23.711     0.999915      1647455     11702.86
      24.175     0.999927      1647474     13653.33
      24.799     0.999939      1647494     16384.00
      24.975     0.999945      1647505     18204.44
      25.551     0.999951      1647514     20480.00
      25.775     0.999957      1647524     23405.71
      25.919     0.999963      1647534     27306.67
      26.111     0.999969      1647544     32768.00
      26.191     0.999973      1647549     36408.89
      26.463     0.999976      1647554     40960.00
      26.591     0.999979      1647559     46811.43
      26.687     0.999982      1647564     54613.33
      26.895     0.999985      1647571     65536.00
      26.959     0.999986      1647572     72817.78
      27.039     0.999988      1647574     81920.00
      27.103     0.999989      1647578     93622.86
      27.167     0.999991      1647579    109226.67
      27.359     0.999992      1647582    131072.00
      27.391     0.999993      1647584    145635.56
      27.391     0.999994      1647584    163840.00
      27.423     0.999995      1647586    187245.71
      27.439     0.999995      1647587    218453.33
      27.583     0.999996      1647589    262144.00
      27.583     0.999997      1647589    291271.11
      27.583     0.999997      1647589    327680.00
      27.695     0.999997      1647590    374491.43
      27.711     0.999998      1647591    436906.67
      27.711     0.999998      1647591    524288.00
      27.791     0.999998      1647592    582542.22
      27.791     0.999998      1647592    655360.00
      27.791     0.999999      1647592    748982.86
      27.839     0.999999      1647593    873813.33
      27.839     0.999999      1647593   1048576.00
      27.839     0.999999      1647593   1165084.44
      27.839     0.999999      1647593   1310720.00
      27.839     0.999999      1647593   1497965.71
      27.855     0.999999      1647594   1747626.67
      27.855     1.000000      1647594          inf
#[Mean    =        0.988, StdDeviation   =        0.655]
#[Max     =       27.840, Total count    =      1647594]
#[Buckets =           27, SubBuckets     =         2048]
----------------------------------------------------------
  1798883 requests in 2.00m, 197.29MB read
Requests/sec:  14990.60
Transfer/sec:      1.64MB
