Running 2m test @ http://localhost:9008/api/v1/user?id=1
  4 threads and 128 connections
  Thread calibration: mean lat.: 0.903ms, rate sampling interval: 10ms
  Thread calibration: mean lat.: 0.950ms, rate sampling interval: 10ms
  Thread calibration: mean lat.: 0.911ms, rate sampling interval: 10ms
  Thread calibration: mean lat.: 0.901ms, rate sampling interval: 10ms
  Thread Stats   Avg      Stdev     Max   +/- Stdev
    Latency     0.92ms  403.35us  10.86ms   64.76%
    Req/Sec     1.07k    75.78     1.44k    87.20%
  Latency Distribution (HdrHistogram - Recorded Latency)
 50.000%    0.91ms
 75.000%    1.20ms
 90.000%    1.42ms
 99.000%    1.88ms
 99.900%    2.09ms
 99.990%    2.63ms
 99.999%    4.76ms
100.000%   10.87ms

  Detailed Percentile spectrum:
       Value   Percentile   TotalCount 1/(1-Percentile)

       0.139     0.000000            1         1.00
       0.370     0.100000        44061         1.11
       0.527     0.200000        88080         1.25
       0.669     0.300000       132006         1.43
       0.798     0.400000       175759         1.67
       0.913     0.500000       219710         2.00
       0.971     0.550000       241768         2.22
       1.029     0.600000       263686         2.50
       1.085     0.650000       285767         2.86
       1.142     0.700000       307604         3.33
       1.202     0.750000       329810         4.00
       1.234     0.775000       340782         4.44
       1.267     0.800000       351652         5.00
       1.302     0.825000       362657         5.71
       1.339     0.850000       373575         6.67
       1.377     0.875000       384701         8.00
       1.396     0.887500       389939         8.89
       1.421     0.900000       395451        10.00
       1.455     0.912500       401055        11.43
       1.497     0.925000       406483        13.33
       1.548     0.937500       411938        16.00
       1.577     0.943750       414709        17.78
       1.606     0.950000       417440        20.00
       1.636     0.956250       420175        22.86
       1.671     0.962500       422939        26.67
       1.708     0.968750       425653        32.00
       1.729     0.971875       427032        35.56
       1.750     0.975000       428417        40.00
       1.771     0.978125       429787        45.71
       1.794     0.981250       431141        53.33
       1.819     0.984375       432496        64.00
       1.834     0.985938       433206        71.11
       1.849     0.987500       433886        80.00
       1.865     0.989062       434555        91.43
       1.884     0.990625       435247       106.67
       1.906     0.992188       435953       128.00
       1.917     0.992969       436272       142.22
       1.929     0.993750       436626       160.00
       1.943     0.994531       436977       182.86
       1.959     0.995313       437309       213.33
       1.978     0.996094       437659       256.00
       1.989     0.996484       437825       284.44
       1.999     0.996875       437993       320.00
       2.010     0.997266       438160       365.71
       2.026     0.997656       438330       426.67
       2.044     0.998047       438515       512.00
       2.051     0.998242       438591       568.89
       2.061     0.998437       438684       640.00
       2.069     0.998633       438760       731.43
       2.081     0.998828       438852       853.33
       2.095     0.999023       438938      1024.00
       2.103     0.999121       438981      1137.78
       2.113     0.999219       439016      1280.00
       2.131     0.999316       439061      1462.86
       2.147     0.999414       439103      1706.67
       2.163     0.999512       439145      2048.00
       2.173     0.999561       439171      2275.56
       2.183     0.999609       439189      2560.00
       2.199     0.999658       439211      2925.71
       2.215     0.999707       439231      3413.33
       2.235     0.999756       439254      4096.00
       2.255     0.999780       439263      4551.11
       2.275     0.999805       439275      5120.00
       2.309     0.999829       439284      5851.43
       2.357     0.999854       439296      6826.67
       2.557     0.999878       439306      8192.00
       2.599     0.999890       439311      9102.22
       2.657     0.999902       439317     10240.00
       2.721     0.999915       439322     11702.86
       2.823     0.999927       439327     13653.33
       2.937     0.999939       439333     16384.00
       2.979     0.999945       439335     18204.44
       3.055     0.999951       439338     20480.00
       3.103     0.999957       439341     23405.71
       3.115     0.999963       439343     27306.67
       3.193     0.999969       439346     32768.00
       3.535     0.999973       439348     36408.89
       3.639     0.999976       439349     40960.00
       3.923     0.999979       439350     46811.43
       4.087     0.999982       439351     54613.33
       4.143     0.999985       439353     65536.00
       4.143     0.999986       439353     72817.78
       4.175     0.999988       439354     81920.00
       4.759     0.999989       439355     93622.86
       4.759     0.999991       439355    109226.67
       4.831     0.999992       439356    131072.00
       4.831     0.999993       439356    145635.56
       6.635     0.999994       439357    163840.00
       6.635     0.999995       439357    187245.71
       6.635     0.999995       439357    218453.33
       8.311     0.999996       439358    262144.00
       8.311     0.999997       439358    291271.11
       8.311     0.999997       439358    327680.00
       8.311     0.999997       439358    374491.43
       8.311     0.999998       439358    436906.67
      10.871     0.999998       439359    524288.00
      10.871     1.000000       439359          inf
#[Mean    =        0.916, StdDeviation   =        0.403]
#[Max     =       10.864, Total count    =       439359]
#[Buckets =           27, SubBuckets     =         2048]
----------------------------------------------------------
  479752 requests in 2.00m, 148.78MB read
Requests/sec:   3997.87
Transfer/sec:      1.24MB
