Running 2m test @ http://localhost:9000/api/v1/users
  4 threads and 128 connections
  Thread calibration: mean lat.: 1.683ms, rate sampling interval: 10ms
  Thread calibration: mean lat.: 1.672ms, rate sampling interval: 10ms
  Thread calibration: mean lat.: 1.669ms, rate sampling interval: 10ms
  Thread calibration: mean lat.: 1.669ms, rate sampling interval: 10ms
  Thread Stats   Avg      Stdev     Max   +/- Stdev
    Latency     1.67ms    0.96ms  41.79ms   95.41%
    Req/Sec     1.58k   161.48     4.67k    72.46%
  Latency Distribution (HdrHistogram - Recorded Latency)
 50.000%    1.56ms
 75.000%    1.95ms
 90.000%    2.38ms
 99.000%    2.93ms
 99.900%   16.86ms
 99.990%   32.08ms
 99.999%   38.05ms
100.000%   41.82ms

  Detailed Percentile spectrum:
       Value   Percentile   TotalCount 1/(1-Percentile)

       0.659     0.000000            1         1.00
       1.020     0.100000        66069         1.11
       1.170     0.200000       131886         1.25
       1.305     0.300000       197856         1.43
       1.434     0.400000       263663         1.67
       1.563     0.500000       329698         2.00
       1.631     0.550000       362829         2.22
       1.700     0.600000       395677         2.50
       1.774     0.650000       428405         2.86
       1.856     0.700000       461500         3.33
       1.950     0.750000       494338         4.00
       2.004     0.775000       510774         4.44
       2.065     0.800000       527358         5.00
       2.133     0.825000       543880         5.71
       2.209     0.850000       560559         6.67
       2.293     0.875000       576976         8.00
       2.337     0.887500       585033         8.89
       2.385     0.900000       593437        10.00
       2.433     0.912500       601537        11.43
       2.483     0.925000       609632        13.33
       2.539     0.937500       618104        16.00
       2.569     0.943750       622205        17.78
       2.599     0.950000       626243        20.00
       2.631     0.956250       630318        22.86
       2.665     0.962500       634493        26.67
       2.703     0.968750       638610        32.00
       2.723     0.971875       640537        35.56
       2.745     0.975000       642563        40.00
       2.771     0.978125       644713        45.71
       2.799     0.981250       646717        53.33
       2.835     0.984375       648762        64.00
       2.857     0.985938       649792        71.11
       2.881     0.987500       650824        80.00
       2.911     0.989062       651870        91.43
       2.951     0.990625       652871       106.67
       3.007     0.992188       653913       128.00
       3.043     0.992969       654421       142.22
       3.097     0.993750       654935       160.00
       3.163     0.994531       655433       182.86
       3.263     0.995313       655952       213.33
       3.441     0.996094       656465       256.00
       3.583     0.996484       656722       284.44
       3.809     0.996875       656977       320.00
       4.311     0.997266       657237       365.71
       6.023     0.997656       657492       426.67
       8.879     0.998047       657751       512.00
      10.063     0.998242       657879       568.89
      11.351     0.998437       658009       640.00
      13.119     0.998633       658136       731.43
      15.151     0.998828       658264       853.33
      17.183     0.999023       658393      1024.00
      18.479     0.999121       658457      1137.78
      19.311     0.999219       658522      1280.00
      20.543     0.999316       658587      1462.86
      21.615     0.999414       658651      1706.67
      22.815     0.999512       658715      2048.00
      23.359     0.999561       658747      2275.56
      24.127     0.999609       658779      2560.00
      24.735     0.999658       658811      2925.71
      25.695     0.999707       658843      3413.33
      26.623     0.999756       658876      4096.00
      27.359     0.999780       658892      4551.11
      28.143     0.999805       658908      5120.00
      29.151     0.999829       658924      5851.43
      30.255     0.999854       658941      6826.67
      31.391     0.999878       658956      8192.00
      31.807     0.999890       658965      9102.22
      32.239     0.999902       658972     10240.00
      33.087     0.999915       658980     11702.86
      33.695     0.999927       658989     13653.33
      34.303     0.999939       658996     16384.00
      34.559     0.999945       659000     18204.44
      35.423     0.999951       659004     20480.00
      35.679     0.999957       659008     23405.71
      35.935     0.999963       659012     27306.67
      36.511     0.999969       659017     32768.00
      36.575     0.999973       659018     36408.89
      37.119     0.999976       659020     40960.00
      37.215     0.999979       659022     46811.43
      37.503     0.999982       659024     54613.33
      37.663     0.999985       659026     65536.00
      37.791     0.999986       659027     72817.78
      37.823     0.999988       659028     81920.00
      38.047     0.999989       659029     93622.86
      38.239     0.999991       659030    109226.67
      38.367     0.999992       659031    131072.00
      38.431     0.999993       659032    145635.56
      38.431     0.999994       659032    163840.00
      38.463     0.999995       659033    187245.71
      38.463     0.999995       659033    218453.33
      38.975     0.999996       659034    262144.00
      38.975     0.999997       659034    291271.11
      38.975     0.999997       659034    327680.00
      39.743     0.999997       659035    374491.43
      39.743     0.999998       659035    436906.67
      39.743     0.999998       659035    524288.00
      39.743     0.999998       659035    582542.22
      39.743     0.999998       659035    655360.00
      41.823     0.999999       659036    748982.86
      41.823     1.000000       659036          inf
#[Mean    =        1.666, StdDeviation   =        0.955]
#[Max     =       41.792, Total count    =       659036]
#[Buckets =           27, SubBuckets     =         2048]
----------------------------------------------------------
  719590 requests in 2.00m, 6.17GB read
Requests/sec:   5996.55
Transfer/sec:     52.62MB
