Running 2m test @ http://localhost:9006/api/v1/user?id=1
  4 threads and 128 connections
  Thread calibration: mean lat.: 0.981ms, rate sampling interval: 10ms
  Thread calibration: mean lat.: 0.983ms, rate sampling interval: 10ms
  Thread calibration: mean lat.: 0.991ms, rate sampling interval: 10ms
  Thread calibration: mean lat.: 0.972ms, rate sampling interval: 10ms
  Thread Stats   Avg      Stdev     Max   +/- Stdev
    Latency     0.97ms  444.53us   7.16ms   64.53%
    Req/Sec     5.24k   284.42     7.00k    69.11%
  Latency Distribution (HdrHistogram - Recorded Latency)
 50.000%    0.95ms
 75.000%    1.29ms
 90.000%    1.55ms
 99.000%    2.01ms
 99.900%    2.39ms
 99.990%    3.80ms
 99.999%    5.77ms
100.000%    7.16ms

  Detailed Percentile spectrum:
       Value   Percentile   TotalCount 1/(1-Percentile)

       0.087     0.000000            1         1.00
       0.384     0.100000       220193         1.11
       0.541     0.200000       439981         1.25
       0.683     0.300000       660203         1.43
       0.818     0.400000       878732         1.67
       0.951     0.500000      1099154         2.00
       1.017     0.550000      1208815         2.22
       1.084     0.600000      1318912         2.50
       1.152     0.650000      1428683         2.86
       1.220     0.700000      1538270         3.33
       1.289     0.750000      1648187         4.00
       1.325     0.775000      1703559         4.44
       1.362     0.800000      1757760         5.00
       1.402     0.825000      1813451         5.71
       1.446     0.850000      1868192         6.67
       1.495     0.875000      1922507         8.00
       1.522     0.887500      1949909         8.89
       1.552     0.900000      1977326        10.00
       1.584     0.912500      2004702        11.43
       1.620     0.925000      2032100        13.33
       1.661     0.937500      2059563        16.00
       1.685     0.943750      2073684        17.78
       1.710     0.950000      2087197        20.00
       1.739     0.956250      2101012        22.86
       1.771     0.962500      2114762        26.67
       1.807     0.968750      2128220        32.00
       1.827     0.971875      2135042        35.56
       1.850     0.975000      2142119        40.00
       1.874     0.978125      2148921        45.71
       1.902     0.981250      2155855        53.33
       1.934     0.984375      2162578        64.00
       1.953     0.985938      2166052        71.11
       1.973     0.987500      2169415        80.00
       1.995     0.989062      2172818        91.43
       2.020     0.990625      2176241       106.67
       2.049     0.992188      2179686       128.00
       2.067     0.992969      2181515       142.22
       2.085     0.993750      2183209       160.00
       2.105     0.994531      2184820       182.86
       2.129     0.995313      2186511       213.33
       2.157     0.996094      2188235       256.00
       2.175     0.996484      2189121       284.44
       2.193     0.996875      2189994       320.00
       2.213     0.997266      2190823       365.71
       2.239     0.997656      2191708       426.67
       2.267     0.998047      2192536       512.00
       2.285     0.998242      2192955       568.89
       2.305     0.998437      2193400       640.00
       2.329     0.998633      2193809       731.43
       2.359     0.998828      2194228       853.33
       2.397     0.999023      2194665      1024.00
       2.421     0.999121      2194871      1137.78
       2.447     0.999219      2195077      1280.00
       2.485     0.999316      2195296      1462.86
       2.531     0.999414      2195514      1706.67
       2.595     0.999512      2195724      2048.00
       2.635     0.999561      2195828      2275.56
       2.695     0.999609      2195936      2560.00
       2.773     0.999658      2196043      2925.71
       2.875     0.999707      2196151      3413.33
       3.001     0.999756      2196258      4096.00
       3.065     0.999780      2196311      4551.11
       3.165     0.999805      2196365      5120.00
       3.285     0.999829      2196419      5851.43
       3.447     0.999854      2196473      6826.67
       3.633     0.999878      2196525      8192.00
       3.721     0.999890      2196552      9102.22
       3.817     0.999902      2196580     10240.00
       3.931     0.999915      2196606     11702.86
       4.055     0.999927      2196633     13653.33
       4.187     0.999939      2196659     16384.00
       4.251     0.999945      2196673     18204.44
       4.367     0.999951      2196687     20480.00
       4.475     0.999957      2196702     23405.71
       4.611     0.999963      2196713     27306.67
       4.791     0.999969      2196726     32768.00
       4.875     0.999973      2196733     36408.89
       4.947     0.999976      2196740     40960.00
       5.167     0.999979      2196747     46811.43
       5.311     0.999982      2196753     54613.33
       5.499     0.999985      2196760     65536.00
       5.527     0.999986      2196763     72817.78
       5.591     0.999988      2196767     81920.00
       5.719     0.999989      2196770     93622.86
       5.831     0.999991      2196773    109226.67
       5.955     0.999992      2196777    131072.00
       5.987     0.999993      2196778    145635.56
       6.151     0.999994      2196780    163840.00
       6.191     0.999995      2196782    187245.71
       6.227     0.999995      2196783    218453.33
       6.235     0.999996      2196785    262144.00
       6.319     0.999997      2196786    291271.11
       6.451     0.999997      2196787    327680.00
       6.583     0.999997      2196788    374491.43
       6.583     0.999998      2196788    436906.67
       6.639     0.999998      2196789    524288.00
       6.667     0.999998      2196790    582542.22
       6.667     0.999998      2196790    655360.00
       6.767     0.999999      2196791    748982.86
       6.767     0.999999      2196791    873813.33
       6.767     0.999999      2196791   1048576.00
       7.039     0.999999      2196792   1165084.44
       7.039     0.999999      2196792   1310720.00
       7.039     0.999999      2196792   1497965.71
       7.039     0.999999      2196792   1747626.67
       7.039     1.000000      2196792   2097152.00
       7.163     1.000000      2196793   2330168.89
       7.163     1.000000      2196793          inf
#[Mean    =        0.966, StdDeviation   =        0.445]
#[Max     =        7.160, Total count    =      2196793]
#[Buckets =           27, SubBuckets     =         2048]
----------------------------------------------------------
  2398482 requests in 2.00m, 285.92MB read
Requests/sec:  19987.24
Transfer/sec:      2.38MB
