Running 2m test @ http://localhost:9002/api/v1/user?id=1
  4 threads and 128 connections
  Thread calibration: mean lat.: 1.013ms, rate sampling interval: 10ms
  Thread calibration: mean lat.: 1.005ms, rate sampling interval: 10ms
  Thread calibration: mean lat.: 1.019ms, rate sampling interval: 10ms
  Thread calibration: mean lat.: 1.012ms, rate sampling interval: 10ms
  Thread Stats   Avg      Stdev     Max   +/- Stdev
    Latency     1.02ms  641.16us  21.12ms   86.31%
    Req/Sec     3.15k   248.06     9.44k    86.42%
  Latency Distribution (HdrHistogram - Recorded Latency)
 50.000%    0.98ms
 75.000%    1.32ms
 90.000%    1.57ms
 99.000%    2.04ms
 99.900%    9.90ms
 99.990%   16.07ms
 99.999%   20.03ms
100.000%   21.14ms

  Detailed Percentile spectrum:
       Value   Percentile   TotalCount 1/(1-Percentile)

       0.127     0.000000            1         1.00
       0.426     0.100000       131814         1.11
       0.581     0.200000       263663         1.25
       0.722     0.300000       396086         1.43
       0.854     0.400000       527724         1.67
       0.984     0.500000       659167         2.00
       1.050     0.550000       725144         2.22
       1.117     0.600000       791630         2.50
       1.183     0.650000       856944         2.86
       1.251     0.700000       923480         3.33
       1.320     0.750000       989356         4.00
       1.355     0.775000      1022155         4.44
       1.391     0.800000      1055259         5.00
       1.427     0.825000      1087779         5.71
       1.467     0.850000      1120824         6.67
       1.512     0.875000      1153578         8.00
       1.538     0.887500      1170338         8.89
       1.565     0.900000      1186526        10.00
       1.596     0.912500      1203193        11.43
       1.630     0.925000      1219580        13.33
       1.669     0.937500      1235907        16.00
       1.691     0.943750      1243986        17.78
       1.716     0.950000      1252285        20.00
       1.744     0.956250      1260505        22.86
       1.775     0.962500      1268741        26.67
       1.811     0.968750      1276957        32.00
       1.832     0.971875      1281172        35.56
       1.855     0.975000      1285205        40.00
       1.881     0.978125      1289335        45.71
       1.911     0.981250      1293430        53.33
       1.946     0.984375      1297541        64.00
       1.966     0.985938      1299605        71.11
       1.989     0.987500      1301632        80.00
       2.017     0.989062      1303714        91.43
       2.051     0.990625      1305797       106.67
       2.095     0.992188      1307796       128.00
       2.125     0.992969      1308821       142.22
       2.163     0.993750      1309892       160.00
       2.217     0.994531      1310876       182.86
       2.341     0.995313      1311906       213.33
       3.273     0.996094      1312937       256.00
       3.987     0.996484      1313451       284.44
       4.803     0.996875      1313966       320.00
       5.691     0.997266      1314482       365.71
       6.575     0.997656      1314995       426.67
       7.403     0.998047      1315511       512.00
       7.863     0.998242      1315772       568.89
       8.335     0.998437      1316027       640.00
       8.799     0.998633      1316285       731.43
       9.375     0.998828      1316542       853.33
       9.975     0.999023      1316797      1024.00
      10.247     0.999121      1316926      1137.78
      10.567     0.999219      1317057      1280.00
      10.903     0.999316      1317183      1462.86
      11.263     0.999414      1317313      1706.67
      11.687     0.999512      1317442      2048.00
      11.887     0.999561      1317506      2275.56
      12.111     0.999609      1317571      2560.00
      12.375     0.999658      1317637      2925.71
      12.743     0.999707      1317698      3413.33
      13.207     0.999756      1317763      4096.00
      13.535     0.999780      1317796      4551.11
      13.903     0.999805      1317828      5120.00
      14.351     0.999829      1317859      5851.43
      14.903     0.999854      1317891      6826.67
      15.535     0.999878      1317924      8192.00
      15.871     0.999890      1317941      9102.22
      16.183     0.999902      1317956     10240.00
      16.591     0.999915      1317973     11702.86
      17.199     0.999927      1317988     13653.33
      17.599     0.999939      1318004     16384.00
      17.775     0.999945      1318012     18204.44
      17.983     0.999951      1318020     20480.00
      18.351     0.999957      1318028     23405.71
      18.543     0.999963      1318036     27306.67
      18.799     0.999969      1318045     32768.00
      18.927     0.999973      1318048     36408.89
      19.119     0.999976      1318052     40960.00
      19.311     0.999979      1318056     46811.43
      19.567     0.999982      1318060     54613.33
      19.695     0.999985      1318064     65536.00
      19.743     0.999986      1318067     72817.78
      19.775     0.999988      1318068     81920.00
      19.999     0.999989      1318070     93622.86
      20.191     0.999991      1318072    109226.67
      20.351     0.999992      1318074    131072.00
      20.511     0.999993      1318075    145635.56
      20.543     0.999994      1318076    163840.00
      20.559     0.999995      1318077    187245.71
      20.575     0.999995      1318078    218453.33
      20.655     0.999996      1318079    262144.00
      20.687     0.999997      1318080    291271.11
      20.687     0.999997      1318080    327680.00
      20.863     0.999997      1318082    374491.43
      20.863     0.999998      1318082    436906.67
      20.863     0.999998      1318082    524288.00
      20.863     0.999998      1318082    582542.22
      20.863     0.999998      1318082    655360.00
      21.135     0.999999      1318084    748982.86
      21.135     1.000000      1318084          inf
#[Mean    =        1.021, StdDeviation   =        0.641]
#[Max     =       21.120, Total count    =      1318084]
#[Buckets =           27, SubBuckets     =         2048]
----------------------------------------------------------
  1439118 requests in 2.00m, 157.83MB read
Requests/sec:  11992.56
Transfer/sec:      1.32MB
