Running 2m test @ http://localhost:9003/api/v1/user?id=1
  4 threads and 128 connections
  Thread calibration: mean lat.: 0.922ms, rate sampling interval: 10ms
  Thread calibration: mean lat.: 0.926ms, rate sampling interval: 10ms
  Thread calibration: mean lat.: 0.912ms, rate sampling interval: 10ms
  Thread calibration: mean lat.: 0.917ms, rate sampling interval: 10ms
  Thread Stats   Avg      Stdev     Max   +/- Stdev
    Latency     0.93ms  485.11us  13.20ms   73.64%
    Req/Sec     1.61k   141.84     3.44k    66.94%
  Latency Distribution (HdrHistogram - Recorded Latency)
 50.000%    0.92ms
 75.000%    1.21ms
 90.000%    1.46ms
 99.000%    1.88ms
 99.900%    5.47ms
 99.990%   11.22ms
 99.999%   12.66ms
100.000%   13.21ms

  Detailed Percentile spectrum:
       Value   Percentile   TotalCount 1/(1-Percentile)

       0.104     0.000000            1         1.00
       0.363     0.100000        66220         1.11
       0.528     0.200000       131936         1.25
       0.670     0.300000       197757         1.43
       0.794     0.400000       263656         1.67
       0.915     0.500000       329863         2.00
       0.972     0.550000       362545         2.22
       1.032     0.600000       395874         2.50
       1.092     0.650000       428855         2.86
       1.152     0.700000       461785         3.33
       1.213     0.750000       494501         4.00
       1.246     0.775000       511054         4.44
       1.279     0.800000       527694         5.00
       1.312     0.825000       543903         5.71
       1.349     0.850000       560576         6.67
       1.397     0.875000       576817         8.00
       1.427     0.887500       585109         8.89
       1.460     0.900000       593306        10.00
       1.496     0.912500       601569        11.43
       1.535     0.925000       609605        13.33
       1.580     0.937500       617896        16.00
       1.604     0.943750       622110        17.78
       1.629     0.950000       626129        20.00
       1.656     0.956250       630301        22.86
       1.685     0.962500       634375        26.67
       1.718     0.968750       638552        32.00
       1.735     0.971875       640550        35.56
       1.754     0.975000       642620        40.00
       1.775     0.978125       644700        45.71
       1.797     0.981250       646675        53.33
       1.822     0.984375       648750        64.00
       1.836     0.985938       649832        71.11
       1.851     0.987500       650818        80.00
       1.868     0.989062       651847        91.43
       1.887     0.990625       652887       106.67
       1.908     0.992188       653918       128.00
       1.920     0.992969       654411       142.22
       1.934     0.993750       654935       160.00
       1.950     0.994531       655446       182.86
       1.969     0.995313       655961       213.33
       1.993     0.996094       656469       256.00
       2.007     0.996484       656728       284.44
       2.026     0.996875       656984       320.00
       2.051     0.997266       657245       365.71
       2.081     0.997656       657494       426.67
       2.123     0.998047       657750       512.00
       2.163     0.998242       657875       568.89
       2.427     0.998437       658002       640.00
       3.323     0.998633       658130       731.43
       4.475     0.998828       658259       853.33
       5.587     0.999023       658388      1024.00
       6.287     0.999121       658452      1137.78
       6.911     0.999219       658517      1280.00
       7.399     0.999316       658581      1462.86
       7.947     0.999414       658645      1706.67
       8.487     0.999512       658711      2048.00
       8.815     0.999561       658742      2275.56
       9.111     0.999609       658775      2560.00
       9.431     0.999658       658806      2925.71
       9.767     0.999707       658838      3413.33
      10.199     0.999756       658871      4096.00
      10.303     0.999780       658887      4551.11
      10.511     0.999805       658903      5120.00
      10.735     0.999829       658920      5851.43
      10.895     0.999854       658935      6826.67
      11.031     0.999878       658952      8192.00
      11.159     0.999890       658959      9102.22
      11.247     0.999902       658967     10240.00
      11.351     0.999915       658975     11702.86
      11.431     0.999927       658983     13653.33
      11.687     0.999939       658991     16384.00
      11.807     0.999945       658995     18204.44
      11.831     0.999951       658999     20480.00
      11.935     0.999957       659003     23405.71
      12.047     0.999963       659007     27306.67
      12.111     0.999969       659011     32768.00
      12.159     0.999973       659013     36408.89
      12.199     0.999976       659015     40960.00
      12.215     0.999979       659017     46811.43
      12.239     0.999982       659019     54613.33
      12.471     0.999985       659022     65536.00
      12.471     0.999986       659022     72817.78
      12.559     0.999988       659023     81920.00
      12.663     0.999989       659024     93622.86
      12.695     0.999991       659025    109226.67
      12.703     0.999992       659026    131072.00
      12.743     0.999993       659027    145635.56
      12.743     0.999994       659027    163840.00
      12.767     0.999995       659028    187245.71
      12.767     0.999995       659028    218453.33
      13.175     0.999996       659029    262144.00
      13.175     0.999997       659029    291271.11
      13.175     0.999997       659029    327680.00
      13.191     0.999997       659030    374491.43
      13.191     0.999998       659030    436906.67
      13.191     0.999998       659030    524288.00
      13.191     0.999998       659030    582542.22
      13.191     0.999998       659030    655360.00
      13.207     0.999999       659031    748982.86
      13.207     1.000000       659031          inf
#[Mean    =        0.927, StdDeviation   =        0.485]
#[Max     =       13.200, Total count    =       659031]
#[Buckets =           27, SubBuckets     =         2048]
----------------------------------------------------------
  719587 requests in 2.00m, 78.92MB read
Requests/sec:   5996.54
Transfer/sec:    673.44KB
