Running 2m test @ http://localhost:9002/api/v1/users
  4 threads and 128 connections
  Thread calibration: mean lat.: 1.502ms, rate sampling interval: 10ms
  Thread calibration: mean lat.: 1.470ms, rate sampling interval: 10ms
  Thread calibration: mean lat.: 1.468ms, rate sampling interval: 10ms
  Thread calibration: mean lat.: 1.431ms, rate sampling interval: 10ms
  Thread Stats   Avg      Stdev     Max   +/- Stdev
    Latency     1.47ms  421.79us   4.47ms   66.04%
    Req/Sec   524.43    112.28     0.89k    50.92%
  Latency Distribution (HdrHistogram - Recorded Latency)
 50.000%    1.44ms
 75.000%    1.74ms
 90.000%    2.05ms
 99.000%    2.53ms
 99.900%    2.77ms
 99.990%    3.32ms
 99.999%    3.85ms
100.000%    4.47ms

  Detailed Percentile spectrum:
       Value   Percentile   TotalCount 1/(1-Percentile)

       0.641     0.000000            1         1.00
       0.929     0.100000        22061         1.11
       1.078     0.200000        43939         1.25
       1.211     0.300000        65987         1.43
       1.330     0.400000        88018         1.67
       1.444     0.500000       109951         2.00
       1.502     0.550000       120953         2.22
       1.561     0.600000       131936         2.50
       1.619     0.650000       142844         2.86
       1.679     0.700000       153805         3.33
       1.743     0.750000       164814         4.00
       1.779     0.775000       170298         4.44
       1.819     0.800000       175842         5.00
       1.864     0.825000       181252         5.71
       1.916     0.850000       186741         6.67
       1.976     0.875000       192276         8.00
       2.011     0.887500       195023         8.89
       2.049     0.900000       197791        10.00
       2.091     0.912500       200586        11.43
       2.135     0.925000       203226        13.33
       2.185     0.937500       206022        16.00
       2.211     0.943750       207408        17.78
       2.239     0.950000       208729        20.00
       2.269     0.956250       210091        22.86
       2.303     0.962500       211438        26.67
       2.345     0.968750       212811        32.00
       2.369     0.971875       213559        35.56
       2.391     0.975000       214206        40.00
       2.413     0.978125       214875        45.71
       2.439     0.981250       215590        53.33
       2.467     0.984375       216293        64.00
       2.479     0.985938       216587        71.11
       2.497     0.987500       216954        80.00
       2.515     0.989062       217283        91.43
       2.533     0.990625       217626       106.67
       2.553     0.992188       217959       128.00
       2.565     0.992969       218135       142.22
       2.579     0.993750       218309       160.00
       2.593     0.994531       218476       182.86
       2.607     0.995313       218644       213.33
       2.623     0.996094       218815       256.00
       2.635     0.996484       218919       284.44
       2.645     0.996875       218994       320.00
       2.657     0.997266       219078       365.71
       2.673     0.997656       219164       426.67
       2.689     0.998047       219243       512.00
       2.701     0.998242       219292       568.89
       2.713     0.998437       219333       640.00
       2.733     0.998633       219376       731.43
       2.749     0.998828       219417       853.33
       2.773     0.999023       219461      1024.00
       2.783     0.999121       219479      1137.78
       2.803     0.999219       219501      1280.00
       2.827     0.999316       219522      1462.86
       2.849     0.999414       219545      1706.67
       2.879     0.999512       219565      2048.00
       2.897     0.999561       219576      2275.56
       2.917     0.999609       219587      2560.00
       2.947     0.999658       219597      2925.71
       3.005     0.999707       219608      3413.33
       3.089     0.999756       219619      4096.00
       3.109     0.999780       219625      4551.11
       3.125     0.999805       219630      5120.00
       3.149     0.999829       219636      5851.43
       3.171     0.999854       219640      6826.67
       3.261     0.999878       219646      8192.00
       3.267     0.999890       219648      9102.22
       3.323     0.999902       219651     10240.00
       3.349     0.999915       219654     11702.86
       3.359     0.999927       219656     13653.33
       3.367     0.999939       219659     16384.00
       3.369     0.999945       219660     18204.44
       3.397     0.999951       219662     20480.00
       3.493     0.999957       219663     23405.71
       3.505     0.999963       219664     27306.67
       3.557     0.999969       219666     32768.00
       3.557     0.999973       219666     36408.89
       3.563     0.999976       219667     40960.00
       3.597     0.999979       219668     46811.43
       3.597     0.999982       219668     54613.33
       3.667     0.999985       219669     65536.00
       3.667     0.999986       219669     72817.78
       3.851     0.999988       219670     81920.00
       3.851     0.999989       219670     93622.86
       3.851     0.999991       219670    109226.67
       4.455     0.999992       219671    131072.00
       4.455     0.999993       219671    145635.56
       4.455     0.999994       219671    163840.00
       4.455     0.999995       219671    187245.71
       4.455     0.999995       219671    218453.33
       4.471     0.999996       219672    262144.00
       4.471     1.000000       219672          inf
#[Mean    =        1.471, StdDeviation   =        0.422]
#[Max     =        4.468, Total count    =       219672]
#[Buckets =           27, SubBuckets     =         2048]
----------------------------------------------------------
  239904 requests in 2.00m, 2.06GB read
Requests/sec:   1999.15
Transfer/sec:     17.57MB
