Linux 6.8.0-134-generic (exeris-perfbox) 	07/24/26 	_x86_64_	(16 CPU)

19:22:11     CPU    %usr   %nice    %sys %iowait    %irq   %soft  %steal  %guest  %gnice   %idle
19:22:41       0   24.25    0.00   41.64    0.00    0.00   12.50    0.00    0.00    0.00   21.61
19:22:41       1   24.21    0.00   41.44    0.00    0.00   12.63    0.00    0.00    0.00   21.73
19:22:41       8   24.09    0.00   41.99    0.00    0.00   12.41    0.00    0.00    0.00   21.51
19:22:41       9   24.29    0.00   41.61    0.00    0.00   12.33    0.00    0.00    0.00   21.78

Average:     CPU    %usr   %nice    %sys %iowait    %irq   %soft  %steal  %guest  %gnice   %idle
Average:       0   24.25    0.00   41.64    0.00    0.00   12.50    0.00    0.00    0.00   21.61
Average:       1   24.21    0.00   41.44    0.00    0.00   12.63    0.00    0.00    0.00   21.73
Average:       8   24.09    0.00   41.99    0.00    0.00   12.41    0.00    0.00    0.00   21.51
Average:       9   24.29    0.00   41.61    0.00    0.00   12.33    0.00    0.00    0.00   21.78
