Running 2m test @ http://localhost:9002/api/v1/user?id=1
  4 threads and 128 connections
  Thread calibration: mean lat.: 1.020ms, rate sampling interval: 10ms
  Thread calibration: mean lat.: 1.028ms, rate sampling interval: 10ms
  Thread calibration: mean lat.: 1.022ms, rate sampling interval: 10ms
  Thread calibration: mean lat.: 1.344ms, rate sampling interval: 10ms
  Thread Stats   Avg      Stdev     Max   +/- Stdev
    Latency     1.11ms  600.13us  13.94ms   76.16%
    Req/Sec     3.14k   380.92     9.00k    89.85%
  Latency Distribution (HdrHistogram - Recorded Latency)
 50.000%    1.08ms
 75.000%    1.43ms
 90.000%    1.75ms
 99.000%    2.25ms
 99.900%    8.35ms
 99.990%   12.08ms
 99.999%   13.43ms
100.000%   13.94ms

  Detailed Percentile spectrum:
       Value   Percentile   TotalCount 1/(1-Percentile)

       0.132     0.000000            1         1.00
       0.459     0.100000       132411         1.11
       0.641     0.200000       264300         1.25
       0.797     0.300000       395599         1.43
       0.940     0.400000       527621         1.67
       1.076     0.500000       659119         2.00
       1.145     0.550000       725277         2.22
       1.214     0.600000       791003         2.50
       1.285     0.650000       857337         2.86
       1.357     0.700000       923324         3.33
       1.431     0.750000       988804         4.00
       1.471     0.775000      1021985         4.44
       1.514     0.800000      1055006         5.00
       1.562     0.825000      1087864         5.71
       1.615     0.850000      1120405         6.67
       1.676     0.875000      1153516         8.00
       1.710     0.887500      1170175         8.89
       1.747     0.900000      1186464        10.00
       1.787     0.912500      1203044        11.43
       1.830     0.925000      1219211        13.33
       1.878     0.937500      1235911        16.00
       1.904     0.943750      1244143        17.78
       1.932     0.950000      1252222        20.00
       1.962     0.956250      1260504        22.86
       1.996     0.962500      1268825        26.67
       2.033     0.968750      1276904        32.00
       2.055     0.971875      1281190        35.56
       2.077     0.975000      1285115        40.00
       2.103     0.978125      1289367        45.71
       2.131     0.981250      1293398        53.33
       2.167     0.984375      1297692        64.00
       2.187     0.985938      1299713        71.11
       2.209     0.987500      1301604        80.00
       2.235     0.989062      1303682        91.43
       2.267     0.990625      1305804       106.67
       2.307     0.992188      1307821       128.00
       2.333     0.992969      1308879       142.22
       2.363     0.993750      1309864       160.00
       2.401     0.994531      1310882       182.86
       2.463     0.995313      1311911       213.33
       2.581     0.996094      1312917       256.00
       2.745     0.996484      1313436       284.44
       3.185     0.996875      1313947       320.00
       3.829     0.997266      1314461       365.71
       4.887     0.997656      1314976       426.67
       6.043     0.998047      1315493       512.00
       6.507     0.998242      1315749       568.89
       7.007     0.998437      1316007       640.00
       7.503     0.998633      1316265       731.43
       8.003     0.998828      1316522       853.33
       8.391     0.999023      1316785      1024.00
       8.599     0.999121      1316912      1137.78
       8.839     0.999219      1317039      1280.00
       9.191     0.999316      1317164      1462.86
       9.551     0.999414      1317293      1706.67
       9.879     0.999512      1317424      2048.00
      10.103     0.999561      1317486      2275.56
      10.319     0.999609      1317552      2560.00
      10.535     0.999658      1317617      2925.71
      10.791     0.999707      1317680      3413.33
      11.055     0.999756      1317744      4096.00
      11.223     0.999780      1317777      4551.11
      11.375     0.999805      1317810      5120.00
      11.519     0.999829      1317840      5851.43
      11.743     0.999854      1317872      6826.67
      11.943     0.999878      1317906      8192.00
      12.015     0.999890      1317921      9102.22
      12.095     0.999902      1317937     10240.00
      12.223     0.999915      1317955     11702.86
      12.351     0.999927      1317969     13653.33
      12.423     0.999939      1317985     16384.00
      12.471     0.999945      1317994     18204.44
      12.575     0.999951      1318002     20480.00
      12.639     0.999957      1318010     23405.71
      12.727     0.999963      1318017     27306.67
      12.855     0.999969      1318026     32768.00
      12.903     0.999973      1318029     36408.89
      12.975     0.999976      1318033     40960.00
      13.071     0.999979      1318037     46811.43
      13.111     0.999982      1318042     54613.33
      13.183     0.999985      1318045     65536.00
      13.263     0.999986      1318047     72817.78
      13.327     0.999988      1318049     81920.00
      13.383     0.999989      1318051     93622.86
      13.447     0.999991      1318053    109226.67
      13.543     0.999992      1318055    131072.00
      13.615     0.999993      1318056    145635.56
      13.639     0.999994      1318057    163840.00
      13.687     0.999995      1318058    187245.71
      13.727     0.999995      1318059    218453.33
      13.751     0.999996      1318060    262144.00
      13.799     0.999997      1318061    291271.11
      13.799     0.999997      1318061    327680.00
      13.823     0.999997      1318062    374491.43
      13.823     0.999998      1318062    436906.67
      13.871     0.999998      1318063    524288.00
      13.871     0.999998      1318063    582542.22
      13.871     0.999998      1318063    655360.00
      13.903     0.999999      1318064    748982.86
      13.903     0.999999      1318064    873813.33
      13.903     0.999999      1318064   1048576.00
      13.903     0.999999      1318064   1165084.44
      13.903     0.999999      1318064   1310720.00
      13.943     0.999999      1318065   1497965.71
      13.943     1.000000      1318065          inf
#[Mean    =        1.111, StdDeviation   =        0.600]
#[Max     =       13.936, Total count    =      1318065]
#[Buckets =           27, SubBuckets     =         2048]
----------------------------------------------------------
  1436336 requests in 2.00m, 157.53MB read
Requests/sec:  11969.46
Transfer/sec:      1.31MB
