Running 2m test @ http://localhost:9000/api/v1/users
  4 threads and 128 connections
  Thread calibration: mean lat.: 1.451ms, rate sampling interval: 10ms
  Thread calibration: mean lat.: 1.441ms, rate sampling interval: 10ms
  Thread calibration: mean lat.: 1.423ms, rate sampling interval: 10ms
  Thread calibration: mean lat.: 1.441ms, rate sampling interval: 10ms
  Thread Stats   Avg      Stdev     Max   +/- Stdev
    Latency     1.45ms  493.57us  23.97ms   74.16%
    Req/Sec   526.95    115.97     1.67k    49.73%
  Latency Distribution (HdrHistogram - Recorded Latency)
 50.000%    1.41ms
 75.000%    1.71ms
 90.000%    2.04ms
 99.000%    2.52ms
 99.900%    2.76ms
 99.990%   17.02ms
 99.999%   22.05ms
100.000%   23.98ms

  Detailed Percentile spectrum:
       Value   Percentile   TotalCount 1/(1-Percentile)

       0.623     0.000000            1         1.00
       0.910     0.100000        21998         1.11
       1.058     0.200000        44034         1.25
       1.183     0.300000        65967         1.43
       1.302     0.400000        87946         1.67
       1.412     0.500000       109891         2.00
       1.469     0.550000       120925         2.22
       1.527     0.600000       131954         2.50
       1.585     0.650000       142937         2.86
       1.646     0.700000       153908         3.33
       1.710     0.750000       164810         4.00
       1.746     0.775000       170313         4.44
       1.788     0.800000       175821         5.00
       1.835     0.825000       181270         5.71
       1.890     0.850000       186725         6.67
       1.958     0.875000       192258         8.00
       1.997     0.887500       195020         8.89
       2.038     0.900000       197752        10.00
       2.083     0.912500       200483        11.43
       2.133     0.925000       203269        13.33
       2.185     0.937500       205994        16.00
       2.213     0.943750       207414        17.78
       2.241     0.950000       208741        20.00
       2.271     0.956250       210087        22.86
       2.303     0.962500       211456        26.67
       2.337     0.968750       212833        32.00
       2.357     0.971875       213511        35.56
       2.377     0.975000       214197        40.00
       2.401     0.978125       214915        45.71
       2.425     0.981250       215565        53.33
       2.455     0.984375       216273        64.00
       2.469     0.985938       216583        71.11
       2.485     0.987500       216942        80.00
       2.503     0.989062       217276        91.43
       2.523     0.990625       217626       106.67
       2.545     0.992188       217968       128.00
       2.557     0.992969       218132       142.22
       2.571     0.993750       218302       160.00
       2.585     0.994531       218475       182.86
       2.603     0.995313       218656       213.33
       2.619     0.996094       218815       256.00
       2.629     0.996484       218900       284.44
       2.641     0.996875       218993       320.00
       2.653     0.997266       219082       365.71
       2.671     0.997656       219166       426.67
       2.685     0.998047       219243       512.00
       2.697     0.998242       219297       568.89
       2.707     0.998437       219331       640.00
       2.721     0.998633       219373       731.43
       2.739     0.998828       219417       853.33
       2.759     0.999023       219460      1024.00
       2.769     0.999121       219482      1137.78
       2.785     0.999219       219502      1280.00
       2.801     0.999316       219522      1462.86
       2.847     0.999414       219545      1706.67
       2.931     0.999512       219565      2048.00
       3.167     0.999561       219576      2275.56
       3.831     0.999609       219588      2560.00
       6.939     0.999658       219597      2925.71
       9.135     0.999707       219608      3413.33
      11.159     0.999756       219619      4096.00
      12.807     0.999780       219624      4551.11
      13.463     0.999805       219630      5120.00
      14.719     0.999829       219635      5851.43
      15.151     0.999854       219640      6826.67
      16.103     0.999878       219646      8192.00
      16.231     0.999890       219648      9102.22
      17.183     0.999902       219651     10240.00
      17.487     0.999915       219654     11702.86
      17.999     0.999927       219656     13653.33
      18.943     0.999939       219659     16384.00
      19.391     0.999945       219661     18204.44
      19.471     0.999951       219662     20480.00
      19.727     0.999957       219663     23405.71
      19.855     0.999963       219664     27306.67
      20.863     0.999969       219666     32768.00
      20.863     0.999973       219666     36408.89
      21.135     0.999976       219667     40960.00
      21.535     0.999979       219668     46811.43
      21.535     0.999982       219668     54613.33
      21.951     0.999985       219669     65536.00
      21.951     0.999986       219669     72817.78
      22.047     0.999988       219670     81920.00
      22.047     0.999989       219670     93622.86
      22.047     0.999991       219670    109226.67
      22.079     0.999992       219671    131072.00
      22.079     0.999993       219671    145635.56
      22.079     0.999994       219671    163840.00
      22.079     0.999995       219671    187245.71
      22.079     0.999995       219671    218453.33
      23.983     0.999996       219672    262144.00
      23.983     1.000000       219672          inf
#[Mean    =        1.449, StdDeviation   =        0.494]
#[Max     =       23.968, Total count    =       219672]
#[Buckets =           27, SubBuckets     =         2048]
----------------------------------------------------------
  239904 requests in 2.00m, 2.06GB read
Requests/sec:   1999.16
Transfer/sec:     17.54MB
