Running 5m test @ http://localhost:8080/api/v1/user?id=1
  4 threads and 32 connections
  Thread calibration: mean lat.: 0.859ms, rate sampling interval: 10ms
  Thread calibration: mean lat.: 0.855ms, rate sampling interval: 10ms
  Thread calibration: mean lat.: 0.902ms, rate sampling interval: 10ms
  Thread calibration: mean lat.: 0.869ms, rate sampling interval: 10ms
  Thread Stats   Avg      Stdev     Max   +/- Stdev
    Latency     0.87ms  439.50us  28.75ms   66.12%
    Req/Sec   265.74     77.25     0.89k    88.27%
  Latency Distribution (HdrHistogram - Recorded Latency)
 50.000%    0.87ms
 75.000%    1.12ms
 90.000%    1.50ms
 99.000%    1.80ms
 99.900%    2.06ms
 99.990%    4.68ms
 99.999%   18.85ms
100.000%   28.77ms

  Detailed Percentile spectrum:
       Value   Percentile   TotalCount 1/(1-Percentile)

       0.111     0.000000            1         1.00
       0.305     0.100000        29107         1.11
       0.448     0.200000        58146         1.25
       0.611     0.300000        87054         1.43
       0.760     0.400000       116107         1.67
       0.872     0.500000       145219         2.00
       0.922     0.550000       159660         2.22
       0.971     0.600000       174247         2.50
       1.019     0.650000       188685         2.86
       1.070     0.700000       202993         3.33
       1.125     0.750000       217723         4.00
       1.152     0.775000       224875         4.44
       1.184     0.800000       232028         5.00
       1.241     0.825000       239292         5.71
       1.321     0.850000       246516         6.67
       1.411     0.875000       253755         8.00
       1.457     0.887500       257353         8.89
       1.501     0.900000       261008        10.00
       1.537     0.912500       264672        11.43
       1.571     0.925000       268316        13.33
       1.603     0.937500       271936        16.00
       1.621     0.943750       273751        17.78
       1.639     0.950000       275553        20.00
       1.656     0.956250       277375        22.86
       1.673     0.962500       279090        26.67
       1.694     0.968750       280977        32.00
       1.704     0.971875       281833        35.56
       1.716     0.975000       282742        40.00
       1.728     0.978125       283623        45.71
       1.743     0.981250       284524        53.33
       1.760     0.984375       285464        64.00
       1.769     0.985938       285905        71.11
       1.781     0.987500       286368        80.00
       1.792     0.989062       286801        91.43
       1.805     0.990625       287255       106.67
       1.820     0.992188       287704       128.00
       1.830     0.992969       287925       142.22
       1.840     0.993750       288160       160.00
       1.854     0.994531       288381       182.86
       1.871     0.995313       288607       213.33
       1.888     0.996094       288831       256.00
       1.899     0.996484       288943       284.44
       1.912     0.996875       289060       320.00
       1.924     0.997266       289172       365.71
       1.943     0.997656       289287       426.67
       1.965     0.998047       289394       512.00
       1.980     0.998242       289453       568.89
       1.992     0.998437       289511       640.00
       2.008     0.998633       289564       731.43
       2.034     0.998828       289621       853.33
       2.057     0.999023       289677      1024.00
       2.069     0.999121       289706      1137.78
       2.077     0.999219       289735      1280.00
       2.091     0.999316       289764      1462.86
       2.105     0.999414       289792      1706.67
       2.117     0.999512       289819      2048.00
       2.129     0.999561       289834      2275.56
       2.141     0.999609       289847      2560.00
       2.159     0.999658       289862      2925.71
       2.171     0.999707       289879      3413.33
       2.187     0.999756       289890      4096.00
       2.203     0.999780       289897      4551.11
       2.231     0.999805       289904      5120.00
       2.285     0.999829       289911      5851.43
       2.455     0.999854       289918      6826.67
       2.907     0.999878       289925      8192.00
       4.167     0.999890       289929      9102.22
       4.727     0.999902       289932     10240.00
       6.987     0.999915       289936     11702.86
       9.119     0.999927       289939     13653.33
      11.479     0.999939       289943     16384.00
      12.399     0.999945       289945     18204.44
      12.511     0.999951       289946     20480.00
      13.447     0.999957       289948     23405.71
      14.311     0.999963       289950     27306.67
      14.479     0.999969       289952     32768.00
      15.287     0.999973       289953     36408.89
      15.287     0.999976       289953     40960.00
      15.487     0.999979       289954     46811.43
      17.343     0.999982       289955     54613.33
      18.831     0.999985       289956     65536.00
      18.847     0.999986       289957     72817.78
      18.847     0.999988       289957     81920.00
      18.847     0.999989       289957     93622.86
      18.879     0.999991       289958    109226.67
      18.879     0.999992       289958    131072.00
      19.599     0.999993       289959    145635.56
      19.599     0.999994       289959    163840.00
      19.599     0.999995       289959    187245.71
      19.599     0.999995       289959    218453.33
      19.599     0.999996       289959    262144.00
      28.767     0.999997       289960    291271.11
      28.767     1.000000       289960          inf
#[Mean    =        0.869, StdDeviation   =        0.440]
#[Max     =       28.752, Total count    =       289960]
#[Buckets =           27, SubBuckets     =         2048]
----------------------------------------------------------
  300000 requests in 5.00m, 32.90MB read
Requests/sec:    999.99
Transfer/sec:    112.30KB
