Running 2m test @ http://localhost:9003/api/v1/user?id=1
  4 threads and 128 connections
  Thread calibration: mean lat.: 1.448ms, rate sampling interval: 10ms
  Thread calibration: mean lat.: 1.461ms, rate sampling interval: 10ms
  Thread calibration: mean lat.: 1.451ms, rate sampling interval: 10ms
  Thread calibration: mean lat.: 1.439ms, rate sampling interval: 10ms
  Thread Stats   Avg      Stdev     Max   +/- Stdev
    Latency     1.42ms    0.96ms  20.19ms   91.25%
    Req/Sec     7.90k     0.99k   17.67k    83.45%
  Latency Distribution (HdrHistogram - Recorded Latency)
 50.000%    1.29ms
 75.000%    1.75ms
 90.000%    2.17ms
 99.000%    5.08ms
 99.900%   11.92ms
 99.990%   14.02ms
 99.999%   15.34ms
100.000%   20.21ms

  Detailed Percentile spectrum:
       Value   Percentile   TotalCount 1/(1-Percentile)

       0.130     0.000000            1         1.00
       0.652     0.100000       330688         1.11
       0.835     0.200000       659549         1.25
       0.990     0.300000       989270         1.43
       1.139     0.400000      1318335         1.67
       1.292     0.500000      1647704         2.00
       1.373     0.550000      1812858         2.22
       1.458     0.600000      1978316         2.50
       1.548     0.650000      2143480         2.86
       1.643     0.700000      2306868         3.33
       1.747     0.750000      2471914         4.00
       1.803     0.775000      2554168         4.44
       1.863     0.800000      2637364         5.00
       1.927     0.825000      2719674         5.71
       1.997     0.850000      2801295         6.67
       2.077     0.875000      2885156         8.00
       2.119     0.887500      2924784         8.89
       2.167     0.900000      2966428        10.00
       2.219     0.912500      3007181        11.43
       2.279     0.925000      3048939        13.33
       2.347     0.937500      3089768        16.00
       2.387     0.943750      3110373        17.78
       2.431     0.950000      3130655        20.00
       2.483     0.956250      3151761        22.86
       2.541     0.962500      3171719        26.67
       2.615     0.968750      3192418        32.00
       2.659     0.971875      3202576        35.56
       2.713     0.975000      3212916        40.00
       2.779     0.978125      3223219        45.71
       2.871     0.981250      3233422        53.33
       3.031     0.984375      3243775        64.00
       3.171     0.985938      3248869        71.11
       3.461     0.987500      3254001        80.00
       4.375     0.989062      3259137        91.43
       5.567     0.990625      3264291       106.67
       6.679     0.992188      3269434       128.00
       7.171     0.992969      3272016       142.22
       7.655     0.993750      3274570       160.00
       8.151     0.994531      3277146       182.86
       8.663     0.995313      3279724       213.33
       9.207     0.996094      3282326       256.00
       9.503     0.996484      3283589       284.44
       9.823     0.996875      3284896       320.00
      10.151     0.997266      3286175       365.71
      10.487     0.997656      3287476       426.67
      10.839     0.998047      3288741       512.00
      11.031     0.998242      3289381       568.89
      11.247     0.998437      3290034       640.00
      11.455     0.998633      3290660       731.43
      11.687     0.998828      3291311       853.33
      11.951     0.999023      3291950      1024.00
      12.111     0.999121      3292277      1137.78
      12.263     0.999219      3292594      1280.00
      12.423     0.999316      3292920      1462.86
      12.623     0.999414      3293249      1706.67
      12.799     0.999512      3293561      2048.00
      12.919     0.999561      3293723      2275.56
      13.031     0.999609      3293878      2560.00
      13.151     0.999658      3294039      2925.71
      13.295     0.999707      3294202      3413.33
      13.431     0.999756      3294361      4096.00
      13.503     0.999780      3294440      4551.11
      13.583     0.999805      3294523      5120.00
      13.687     0.999829      3294600      5851.43
      13.799     0.999854      3294683      6826.67
      13.919     0.999878      3294761      8192.00
      13.975     0.999890      3294802      9102.22
      14.039     0.999902      3294843     10240.00
      14.103     0.999915      3294885     11702.86
      14.215     0.999927      3294926     13653.33
      14.319     0.999939      3294965     16384.00
      14.383     0.999945      3294986     18204.44
      14.463     0.999951      3295004     20480.00
      14.519     0.999957      3295023     23405.71
      14.615     0.999963      3295044     27306.67
      14.703     0.999969      3295065     32768.00
      14.751     0.999973      3295073     36408.89
      14.807     0.999976      3295083     40960.00
      14.887     0.999979      3295093     46811.43
      14.999     0.999982      3295103     54613.33
      15.087     0.999985      3295113     65536.00
      15.183     0.999986      3295118     72817.78
      15.247     0.999988      3295124     81920.00
      15.335     0.999989      3295129     93622.86
      15.423     0.999991      3295133    109226.67
      15.567     0.999992      3295138    131072.00
      15.655     0.999993      3295141    145635.56
      15.791     0.999994      3295143    163840.00
      15.815     0.999995      3295146    187245.71
      15.943     0.999995      3295148    218453.33
      16.343     0.999996      3295151    262144.00
      16.415     0.999997      3295152    291271.11
      16.575     0.999997      3295153    327680.00
      16.735     0.999997      3295155    374491.43
      16.767     0.999998      3295156    436906.67
      16.959     0.999998      3295157    524288.00
      17.055     0.999998      3295158    582542.22
      17.055     0.999998      3295158    655360.00
      17.167     0.999999      3295159    748982.86
      17.455     0.999999      3295160    873813.33
      17.455     0.999999      3295160   1048576.00
      17.567     0.999999      3295161   1165084.44
      17.567     0.999999      3295161   1310720.00
      17.567     0.999999      3295161   1497965.71
      20.175     0.999999      3295162   1747626.67
      20.175     1.000000      3295162   2097152.00
      20.175     1.000000      3295162   2330168.89
      20.175     1.000000      3295162   2621440.00
      20.175     1.000000      3295162   2995931.43
      20.207     1.000000      3295163   3495253.33
      20.207     1.000000      3295163          inf
#[Mean    =        1.424, StdDeviation   =        0.960]
#[Max     =       20.192, Total count    =      3295163]
#[Buckets =           27, SubBuckets     =         2048]
----------------------------------------------------------
  3590735 requests in 2.00m, 393.81MB read
Requests/sec:  29922.85
Transfer/sec:      3.28MB
