Running 2m test @ http://localhost:9000/api/v1/user?id=1
  4 threads and 128 connections
  Thread calibration: mean lat.: 0.843ms, rate sampling interval: 10ms
  Thread calibration: mean lat.: 0.844ms, rate sampling interval: 10ms
  Thread calibration: mean lat.: 0.844ms, rate sampling interval: 10ms
  Thread calibration: mean lat.: 0.842ms, rate sampling interval: 10ms
  Thread Stats   Avg      Stdev     Max   +/- Stdev
    Latency     0.86ms  381.51us  14.82ms   63.56%
    Req/Sec     4.01k   186.05     8.11k    65.52%
  Latency Distribution (HdrHistogram - Recorded Latency)
 50.000%    0.85ms
 75.000%    1.15ms
 90.000%    1.36ms
 99.000%    1.59ms
 99.900%    1.83ms
 99.990%    5.12ms
 99.999%   12.98ms
100.000%   14.82ms

  Detailed Percentile spectrum:
       Value   Percentile   TotalCount 1/(1-Percentile)

       0.071     0.000000            1         1.00
       0.363     0.100000       165824         1.11
       0.490     0.200000       329818         1.25
       0.612     0.300000       495425         1.43
       0.732     0.400000       659897         1.67
       0.852     0.500000       824973         2.00
       0.911     0.550000       906876         2.22
       0.971     0.600000       989729         2.50
       1.030     0.650000      1071437         2.86
       1.090     0.700000      1153596         3.33
       1.150     0.750000      1236198         4.00
       1.180     0.775000      1277358         4.44
       1.211     0.800000      1318615         5.00
       1.242     0.825000      1359454         5.71
       1.276     0.850000      1401640         6.67
       1.313     0.875000      1442617         8.00
       1.333     0.887500      1462452         8.89
       1.355     0.900000      1483409        10.00
       1.377     0.912500      1503683        11.43
       1.400     0.925000      1524088        13.33
       1.424     0.937500      1545120        16.00
       1.436     0.943750      1555086        17.78
       1.449     0.950000      1565382        20.00
       1.463     0.956250      1575647        22.86
       1.479     0.962500      1586480        26.67
       1.495     0.968750      1596174        32.00
       1.505     0.971875      1601789        35.56
       1.515     0.975000      1606752        40.00
       1.526     0.978125      1611647        45.71
       1.539     0.981250      1616806        53.33
       1.554     0.984375      1621907        64.00
       1.563     0.985938      1624521        71.11
       1.573     0.987500      1627034        80.00
       1.585     0.989062      1629613        91.43
       1.599     0.990625      1632167       106.67
       1.616     0.992188      1634744       128.00
       1.626     0.992969      1636040       142.22
       1.638     0.993750      1637383       160.00
       1.651     0.994531      1638630       182.86
       1.666     0.995313      1639930       213.33
       1.685     0.996094      1641241       256.00
       1.695     0.996484      1641834       284.44
       1.707     0.996875      1642468       320.00
       1.720     0.997266      1643095       365.71
       1.737     0.997656      1643759       426.67
       1.756     0.998047      1644414       512.00
       1.767     0.998242      1644721       568.89
       1.779     0.998437      1645030       640.00
       1.794     0.998633      1645371       731.43
       1.813     0.998828      1645679       853.33
       1.836     0.999023      1645997      1024.00
       1.850     0.999121      1646152      1137.78
       1.868     0.999219      1646325      1280.00
       1.887     0.999316      1646483      1462.86
       1.910     0.999414      1646636      1706.67
       1.947     0.999512      1646799      2048.00
       1.973     0.999561      1646878      2275.56
       1.999     0.999609      1646957      2560.00
       2.033     0.999658      1647038      2925.71
       2.081     0.999707      1647118      3413.33
       2.171     0.999756      1647198      4096.00
       2.249     0.999780      1647238      4551.11
       2.517     0.999805      1647279      5120.00
       2.937     0.999829      1647319      5851.43
       3.541     0.999854      1647359      6826.67
       4.411     0.999878      1647399      8192.00
       4.683     0.999890      1647419      9102.22
       5.343     0.999902      1647440     10240.00
       5.983     0.999915      1647460     11702.86
       6.723     0.999927      1647480     13653.33
       7.691     0.999939      1647501     16384.00
       8.223     0.999945      1647510     18204.44
       9.279     0.999951      1647520     20480.00
       9.735     0.999957      1647530     23405.71
      10.135     0.999963      1647540     27306.67
      10.903     0.999969      1647550     32768.00
      11.399     0.999973      1647555     36408.89
      11.591     0.999976      1647560     40960.00
      11.951     0.999979      1647565     46811.43
      12.183     0.999982      1647570     54613.33
      12.439     0.999985      1647575     65536.00
      12.639     0.999986      1647578     72817.78
      12.743     0.999988      1647580     81920.00
      12.871     0.999989      1647583     93622.86
      13.031     0.999991      1647585    109226.67
      13.207     0.999992      1647588    131072.00
      13.223     0.999993      1647591    145635.56
      13.223     0.999994      1647591    163840.00
      13.271     0.999995      1647592    187245.71
      13.367     0.999995      1647593    218453.33
      13.415     0.999996      1647594    262144.00
      13.431     0.999997      1647595    291271.11
      13.431     0.999997      1647595    327680.00
      13.543     0.999997      1647596    374491.43
      13.663     0.999998      1647597    436906.67
      13.663     0.999998      1647597    524288.00
      13.783     0.999998      1647598    582542.22
      13.783     0.999998      1647598    655360.00
      13.783     0.999999      1647598    748982.86
      14.575     0.999999      1647599    873813.33
      14.575     0.999999      1647599   1048576.00
      14.575     0.999999      1647599   1165084.44
      14.575     0.999999      1647599   1310720.00
      14.575     0.999999      1647599   1497965.71
      14.823     0.999999      1647600   1747626.67
      14.823     1.000000      1647600          inf
#[Mean    =        0.855, StdDeviation   =        0.382]
#[Max     =       14.816, Total count    =      1647600]
#[Buckets =           27, SubBuckets     =         2048]
----------------------------------------------------------
  1798891 requests in 2.00m, 214.44MB read
Requests/sec:  14990.70
Transfer/sec:      1.79MB
