Running 2m test @ http://localhost:9003/api/v1/user?id=1
  4 threads and 128 connections
  Thread calibration: mean lat.: 1.134ms, rate sampling interval: 10ms
  Thread calibration: mean lat.: 1.135ms, rate sampling interval: 10ms
  Thread calibration: mean lat.: 1.135ms, rate sampling interval: 10ms
  Thread calibration: mean lat.: 1.136ms, rate sampling interval: 10ms
  Thread Stats   Avg      Stdev     Max   +/- Stdev
    Latency     1.12ms  769.28us  29.65ms   91.58%
    Req/Sec     4.74k   423.73    17.56k    88.16%
  Latency Distribution (HdrHistogram - Recorded Latency)
 50.000%    1.06ms
 75.000%    1.42ms
 90.000%    1.71ms
 99.000%    2.29ms
 99.900%   11.00ms
 99.990%   22.77ms
 99.999%   27.57ms
100.000%   29.66ms

  Detailed Percentile spectrum:
       Value   Percentile   TotalCount 1/(1-Percentile)

       0.122     0.000000            1         1.00
       0.481     0.100000       198010         1.11
       0.637     0.200000       396438         1.25
       0.779     0.300000       594252         1.43
       0.918     0.400000       791860         1.67
       1.058     0.500000       988718         2.00
       1.129     0.550000      1088361         2.22
       1.200     0.600000      1186723         2.50
       1.273     0.650000      1286148         2.86
       1.347     0.700000      1384468         3.33
       1.423     0.750000      1483604         4.00
       1.463     0.775000      1533338         4.44
       1.504     0.800000      1581823         5.00
       1.549     0.825000      1631580         5.71
       1.597     0.850000      1680547         6.67
       1.651     0.875000      1730361         8.00
       1.681     0.887500      1755378         8.89
       1.712     0.900000      1779546        10.00
       1.747     0.912500      1804457        11.43
       1.786     0.925000      1829187        13.33
       1.830     0.937500      1853762        16.00
       1.855     0.943750      1866270        17.78
       1.882     0.950000      1878436        20.00
       1.912     0.956250      1890624        22.86
       1.947     0.962500      1903009        26.67
       1.989     0.968750      1915325        32.00
       2.014     0.971875      1921724        35.56
       2.041     0.975000      1927743        40.00
       2.073     0.978125      1933863        45.71
       2.111     0.981250      1940104        53.33
       2.157     0.984375      1946337        64.00
       2.185     0.985938      1949506        71.11
       2.217     0.987500      1952500        80.00
       2.257     0.989062      1955587        91.43
       2.309     0.990625      1958619       106.67
       2.391     0.992188      1961712       128.00
       2.457     0.992969      1963245       142.22
       2.599     0.993750      1964751       160.00
       3.503     0.994531      1966294       182.86
       4.815     0.995313      1967837       213.33
       6.127     0.996094      1969384       256.00
       6.799     0.996484      1970157       284.44
       7.391     0.996875      1970926       320.00
       7.971     0.997266      1971709       365.71
       8.495     0.997656      1972471       426.67
       9.063     0.998047      1973244       512.00
       9.407     0.998242      1973636       568.89
       9.759     0.998437      1974015       640.00
      10.087     0.998633      1974402       731.43
      10.535     0.998828      1974795       853.33
      11.047     0.999023      1975176      1024.00
      11.287     0.999121      1975368      1137.78
      11.551     0.999219      1975560      1280.00
      11.831     0.999316      1975757      1462.86
      12.183     0.999414      1975949      1706.67
      12.567     0.999512      1976143      2048.00
      12.807     0.999561      1976237      2275.56
      13.103     0.999609      1976335      2560.00
      13.407     0.999658      1976431      2925.71
      13.775     0.999707      1976525      3413.33
      14.343     0.999756      1976622      4096.00
      15.071     0.999780      1976670      4551.11
      15.967     0.999805      1976718      5120.00
      17.999     0.999829      1976767      5851.43
      20.239     0.999854      1976815      6826.67
      21.631     0.999878      1976863      8192.00
      22.335     0.999890      1976888      9102.22
      22.975     0.999902      1976911     10240.00
      23.359     0.999915      1976936     11702.86
      24.287     0.999927      1976960     13653.33
      24.831     0.999939      1976984     16384.00
      25.167     0.999945      1976996     18204.44
      25.455     0.999951      1977008     20480.00
      25.823     0.999957      1977021     23405.71
      26.095     0.999963      1977032     27306.67
      26.303     0.999969      1977044     32768.00
      26.511     0.999973      1977051     36408.89
      26.735     0.999976      1977056     40960.00
      26.943     0.999979      1977062     46811.43
      27.007     0.999982      1977068     54613.33
      27.279     0.999985      1977074     65536.00
      27.391     0.999986      1977077     72817.78
      27.407     0.999988      1977080     81920.00
      27.503     0.999989      1977083     93622.86
      27.615     0.999991      1977086    109226.67
      27.791     0.999992      1977089    131072.00
      27.871     0.999993      1977091    145635.56
      27.919     0.999994      1977092    163840.00
      27.983     0.999995      1977094    187245.71
      28.143     0.999995      1977095    218453.33
      28.335     0.999996      1977097    262144.00
      28.463     0.999997      1977098    291271.11
      28.463     0.999997      1977098    327680.00
      28.703     0.999997      1977099    374491.43
      28.863     0.999998      1977100    436906.67
      29.183     0.999998      1977101    524288.00
      29.183     0.999998      1977101    582542.22
      29.183     0.999998      1977101    655360.00
      29.231     0.999999      1977102    748982.86
      29.231     0.999999      1977102    873813.33
      29.535     0.999999      1977103   1048576.00
      29.535     0.999999      1977103   1165084.44
      29.535     0.999999      1977103   1310720.00
      29.535     0.999999      1977103   1497965.71
      29.535     0.999999      1977103   1747626.67
      29.663     1.000000      1977104   2097152.00
      29.663     1.000000      1977104          inf
#[Mean    =        1.118, StdDeviation   =        0.769]
#[Max     =       29.648, Total count    =      1977104]
#[Buckets =           27, SubBuckets     =         2048]
----------------------------------------------------------
  2158628 requests in 2.00m, 236.74MB read
Requests/sec:  17988.60
Transfer/sec:      1.97MB
