Running 2m test @ http://localhost:9008/api/v1/users
  4 threads and 128 connections
  Thread calibration: mean lat.: 1.336ms, rate sampling interval: 10ms
  Thread calibration: mean lat.: 1.334ms, rate sampling interval: 10ms
  Thread calibration: mean lat.: 1.336ms, rate sampling interval: 10ms
  Thread calibration: mean lat.: 1.348ms, rate sampling interval: 10ms
  Thread Stats   Avg      Stdev     Max   +/- Stdev
    Latency     1.35ms  422.04us  12.61ms   66.85%
    Req/Sec   634.60     58.36     1.33k    66.90%
  Latency Distribution (HdrHistogram - Recorded Latency)
 50.000%    1.34ms
 75.000%    1.62ms
 90.000%    1.89ms
 99.000%    2.35ms
 99.900%    2.66ms
 99.990%    6.60ms
 99.999%   11.61ms
100.000%   12.61ms

  Detailed Percentile spectrum:
       Value   Percentile   TotalCount 1/(1-Percentile)

       0.535     0.000000            1         1.00
       0.800     0.100000        26399         1.11
       0.953     0.200000        52799         1.25
       1.091     0.300000        79112         1.43
       1.218     0.400000       105519         1.67
       1.339     0.500000       131921         2.00
       1.398     0.550000       145254         2.22
       1.452     0.600000       158169         2.50
       1.507     0.650000       171431         2.86
       1.561     0.700000       184613         3.33
       1.617     0.750000       197891         4.00
       1.647     0.775000       204313         4.44
       1.684     0.800000       211064         5.00
       1.725     0.825000       217574         5.71
       1.773     0.850000       224078         6.67
       1.829     0.875000       230743         8.00
       1.860     0.887500       234046         8.89
       1.894     0.900000       237339        10.00
       1.932     0.912500       240610        11.43
       1.973     0.925000       243875        13.33
       2.020     0.937500       247223        16.00
       2.044     0.943750       248801        17.78
       2.073     0.950000       250551        20.00
       2.101     0.956250       252133        22.86
       2.133     0.962500       253768        26.67
       2.167     0.968750       255448        32.00
       2.185     0.971875       256243        35.56
       2.203     0.975000       257025        40.00
       2.225     0.978125       257850        45.71
       2.251     0.981250       258730        53.33
       2.279     0.984375       259533        64.00
       2.295     0.985938       259946        71.11
       2.313     0.987500       260353        80.00
       2.335     0.989062       260766        91.43
       2.357     0.990625       261144       106.67
       2.383     0.992188       261563       128.00
       2.397     0.992969       261765       142.22
       2.413     0.993750       261999       160.00
       2.429     0.994531       262184       182.86
       2.449     0.995313       262397       213.33
       2.473     0.996094       262598       256.00
       2.485     0.996484       262702       284.44
       2.499     0.996875       262804       320.00
       2.515     0.997266       262901       365.71
       2.535     0.997656       262999       426.67
       2.561     0.998047       263106       512.00
       2.573     0.998242       263154       568.89
       2.589     0.998437       263204       640.00
       2.611     0.998633       263257       731.43
       2.631     0.998828       263311       853.33
       2.665     0.999023       263362      1024.00
       2.687     0.999121       263384      1137.78
       2.709     0.999219       263413      1280.00
       2.731     0.999316       263435      1462.86
       2.769     0.999414       263462      1706.67
       2.845     0.999512       263487      2048.00
       2.919     0.999561       263501      2275.56
       3.015     0.999609       263513      2560.00
       3.101     0.999658       263525      2925.71
       3.245     0.999707       263538      3413.33
       3.623     0.999756       263551      4096.00
       3.731     0.999780       263558      4551.11
       4.063     0.999805       263564      5120.00
       4.655     0.999829       263570      5851.43
       5.523     0.999854       263577      6826.67
       5.995     0.999878       263583      8192.00
       6.339     0.999890       263587      9102.22
       6.719     0.999902       263590     10240.00
       7.439     0.999915       263593     11702.86
       7.903     0.999927       263596     13653.33
       8.231     0.999939       263599     16384.00
       8.519     0.999945       263601     18204.44
       8.935     0.999951       263603     20480.00
       9.119     0.999957       263604     23405.71
      10.023     0.999963       263606     27306.67
      10.343     0.999969       263607     32768.00
      10.623     0.999973       263608     36408.89
      10.887     0.999976       263609     40960.00
      10.999     0.999979       263610     46811.43
      11.087     0.999982       263611     54613.33
      11.087     0.999985       263611     65536.00
      11.607     0.999986       263612     72817.78
      11.607     0.999988       263612     81920.00
      11.799     0.999989       263613     93622.86
      11.799     0.999991       263613    109226.67
      11.799     0.999992       263613    131072.00
      11.887     0.999993       263614    145635.56
      11.887     0.999994       263614    163840.00
      11.887     0.999995       263614    187245.71
      11.887     0.999995       263614    218453.33
      11.887     0.999996       263614    262144.00
      12.615     0.999997       263615    291271.11
      12.615     1.000000       263615          inf
#[Mean    =        1.346, StdDeviation   =        0.422]
#[Max     =       12.608, Total count    =       263615]
#[Buckets =           27, SubBuckets     =         2048]
----------------------------------------------------------
  287876 requests in 2.00m, 2.52GB read
Requests/sec:   2398.96
Transfer/sec:     21.53MB
