Running 2m test @ http://localhost:9008/api/v1/user?id=1
  4 threads and 128 connections
  Thread calibration: mean lat.: 1.459ms, rate sampling interval: 10ms
  Thread calibration: mean lat.: 1.472ms, rate sampling interval: 10ms
  Thread calibration: mean lat.: 1.460ms, rate sampling interval: 10ms
  Thread calibration: mean lat.: 1.475ms, rate sampling interval: 10ms
  Thread Stats   Avg      Stdev     Max   +/- Stdev
    Latency     1.38ms  605.14us  12.42ms   68.89%
    Req/Sec     6.33k   448.84     9.33k    75.34%
  Latency Distribution (HdrHistogram - Recorded Latency)
 50.000%    1.32ms
 75.000%    1.76ms
 90.000%    2.17ms
 99.000%    3.03ms
 99.900%    4.38ms
 99.990%    7.19ms
 99.999%   10.10ms
100.000%   12.43ms

  Detailed Percentile spectrum:
       Value   Percentile   TotalCount 1/(1-Percentile)

       0.174     0.000000            1         1.00
       0.667     0.100000       264247         1.11
       0.852     0.200000       528814         1.25
       1.012     0.300000       792118         1.43
       1.164     0.400000      1054612         1.67
       1.317     0.500000      1318097         2.00
       1.397     0.550000      1451123         2.22
       1.479     0.600000      1582017         2.50
       1.566     0.650000      1713698         2.86
       1.658     0.700000      1845327         3.33
       1.758     0.750000      1977897         4.00
       1.812     0.775000      2043905         4.44
       1.869     0.800000      2109204         5.00
       1.931     0.825000      2175232         5.71
       2.000     0.850000      2241485         6.67
       2.077     0.875000      2306629         8.00
       2.123     0.887500      2340586         8.89
       2.171     0.900000      2372876        10.00
       2.225     0.912500      2405887        11.43
       2.287     0.925000      2439028        13.33
       2.359     0.937500      2471659        16.00
       2.401     0.943750      2488541        17.78
       2.445     0.950000      2504466        20.00
       2.497     0.956250      2520921        22.86
       2.557     0.962500      2537516        26.67
       2.625     0.968750      2553833        32.00
       2.665     0.971875      2562243        35.56
       2.707     0.975000      2570305        40.00
       2.755     0.978125      2578519        45.71
       2.811     0.981250      2586832        53.33
       2.873     0.984375      2594996        64.00
       2.911     0.985938      2599308        71.11
       2.949     0.987500      2603320        80.00
       2.993     0.989062      2607355        91.43
       3.045     0.990625      2611473       106.67
       3.107     0.992188      2615645       128.00
       3.143     0.992969      2617710       142.22
       3.185     0.993750      2619730       160.00
       3.233     0.994531      2621789       182.86
       3.291     0.995313      2623811       213.33
       3.367     0.996094      2625876       256.00
       3.415     0.996484      2626900       284.44
       3.475     0.996875      2627946       320.00
       3.553     0.997266      2628970       365.71
       3.651     0.997656      2629972       426.67
       3.779     0.998047      2631002       512.00
       3.861     0.998242      2631519       568.89
       3.953     0.998437      2632040       640.00
       4.065     0.998633      2632552       731.43
       4.219     0.998828      2633065       853.33
       4.399     0.999023      2633574      1024.00
       4.495     0.999121      2633839      1137.78
       4.615     0.999219      2634101      1280.00
       4.743     0.999316      2634345      1462.86
       4.919     0.999414      2634606      1706.67
       5.127     0.999512      2634861      2048.00
       5.271     0.999561      2634990      2275.56
       5.427     0.999609      2635118      2560.00
       5.587     0.999658      2635249      2925.71
       5.791     0.999707      2635375      3413.33
       6.039     0.999756      2635506      4096.00
       6.183     0.999780      2635570      4551.11
       6.299     0.999805      2635634      5120.00
       6.479     0.999829      2635697      5851.43
       6.691     0.999854      2635763      6826.67
       6.919     0.999878      2635826      8192.00
       7.059     0.999890      2635858      9102.22
       7.211     0.999902      2635890     10240.00
       7.391     0.999915      2635923     11702.86
       7.571     0.999927      2635954     13653.33
       7.855     0.999939      2635988     16384.00
       8.011     0.999945      2636003     18204.44
       8.191     0.999951      2636019     20480.00
       8.319     0.999957      2636036     23405.71
       8.607     0.999963      2636051     27306.67
       8.767     0.999969      2636067     32768.00
       8.943     0.999973      2636075     36408.89
       9.135     0.999976      2636083     40960.00
       9.231     0.999979      2636091     46811.43
       9.519     0.999982      2636099     54613.33
       9.719     0.999985      2636107     65536.00
       9.839     0.999986      2636111     72817.78
       9.935     0.999988      2636115     81920.00
      10.071     0.999989      2636119     93622.86
      10.343     0.999991      2636123    109226.67
      10.583     0.999992      2636127    131072.00
      10.687     0.999993      2636129    145635.56
      10.863     0.999994      2636131    163840.00
      11.015     0.999995      2636133    187245.71
      11.063     0.999995      2636135    218453.33
      11.183     0.999996      2636137    262144.00
      11.199     0.999997      2636138    291271.11
      11.207     0.999997      2636139    327680.00
      11.255     0.999997      2636140    374491.43
      11.839     0.999998      2636141    436906.67
      11.895     0.999998      2636142    524288.00
      12.015     0.999998      2636143    582542.22
      12.015     0.999998      2636143    655360.00
      12.151     0.999999      2636144    748982.86
      12.151     0.999999      2636144    873813.33
      12.391     0.999999      2636145   1048576.00
      12.391     0.999999      2636145   1165084.44
      12.391     0.999999      2636145   1310720.00
      12.423     0.999999      2636146   1497965.71
      12.423     0.999999      2636146   1747626.67
      12.423     1.000000      2636146   2097152.00
      12.423     1.000000      2636146   2330168.89
      12.423     1.000000      2636146   2621440.00
      12.431     1.000000      2636147   2995931.43
      12.431     1.000000      2636147          inf
#[Mean    =        1.385, StdDeviation   =        0.605]
#[Max     =       12.424, Total count    =      2636147]
#[Buckets =           27, SubBuckets     =         2048]
----------------------------------------------------------
  2878150 requests in 2.00m, 0.87GB read
Requests/sec:  23984.52
Transfer/sec:      7.44MB
