Running 2m test @ http://localhost:9000/api/v1/users
  4 threads and 128 connections
  Thread calibration: mean lat.: 3.033ms, rate sampling interval: 10ms
  Thread calibration: mean lat.: 2.986ms, rate sampling interval: 10ms
  Thread calibration: mean lat.: 3.071ms, rate sampling interval: 10ms
  Thread calibration: mean lat.: 5.274ms, rate sampling interval: 14ms
  Thread Stats   Avg      Stdev     Max   +/- Stdev
    Latency     4.11ms    3.05ms  69.57ms   91.26%
    Req/Sec     2.63k   409.82     4.22k    70.02%
  Latency Distribution (HdrHistogram - Recorded Latency)
 50.000%    3.50ms
 75.000%    5.24ms
 90.000%    6.85ms
 99.000%   13.71ms
 99.900%   39.23ms
 99.990%   57.92ms
 99.999%   66.69ms
100.000%   69.63ms

  Detailed Percentile spectrum:
       Value   Percentile   TotalCount 1/(1-Percentile)

       0.638     0.000000            1         1.00
       1.712     0.100000       110007         1.11
       2.119     0.200000       219721         1.25
       2.513     0.300000       329652         1.43
       2.959     0.400000       439775         1.67
       3.499     0.500000       549507         2.00
       3.803     0.550000       604181         2.22
       4.127     0.600000       659065         2.50
       4.471     0.650000       714264         2.86
       4.839     0.700000       769348         3.33
       5.235     0.750000       823856         4.00
       5.455     0.775000       851460         4.44
       5.687     0.800000       879034         5.00
       5.935     0.825000       906597         5.71
       6.203     0.850000       933828         6.67
       6.503     0.875000       961169         8.00
       6.671     0.887500       975094         8.89
       6.847     0.900000       988718        10.00
       7.039     0.912500      1002544        11.43
       7.251     0.925000      1016024        13.33
       7.503     0.937500      1029766        16.00
       7.651     0.943750      1036704        17.78
       7.823     0.950000      1043618        20.00
       8.027     0.956250      1050381        22.86
       8.295     0.962500      1057361        26.67
       8.663     0.968750      1064094        32.00
       8.927     0.971875      1067528        35.56
       9.287     0.975000      1070952        40.00
       9.783     0.978125      1074418        45.71
      10.415     0.981250      1077808        53.33
      11.271     0.984375      1081243        64.00
      11.783     0.985938      1082958        71.11
      12.423     0.987500      1084673        80.00
      13.167     0.989062      1086390        91.43
      14.119     0.990625      1088113       106.67
      15.367     0.992188      1089826       128.00
      16.175     0.992969      1090678       142.22
      17.263     0.993750      1091545       160.00
      18.687     0.994531      1092394       182.86
      20.895     0.995313      1093253       213.33
      24.239     0.996094      1094111       256.00
      25.919     0.996484      1094540       284.44
      27.727     0.996875      1094969       320.00
      29.551     0.997266      1095397       365.71
      31.423     0.997656      1095829       426.67
      33.407     0.998047      1096255       512.00
      34.431     0.998242      1096470       568.89
      35.551     0.998437      1096687       640.00
      36.831     0.998633      1096908       731.43
      38.047     0.998828      1097115       853.33
      39.519     0.999023      1097329      1024.00
      40.479     0.999121      1097435      1137.78
      41.503     0.999219      1097542      1280.00
      42.847     0.999316      1097652      1462.86
      44.639     0.999414      1097757      1706.67
      46.303     0.999512      1097864      2048.00
      47.039     0.999561      1097918      2275.56
      47.999     0.999609      1097971      2560.00
      49.151     0.999658      1098026      2925.71
      50.399     0.999707      1098079      3413.33
      52.159     0.999756      1098132      4096.00
      53.247     0.999780      1098160      4551.11
      54.111     0.999805      1098186      5120.00
      54.751     0.999829      1098214      5851.43
      55.647     0.999854      1098240      6826.67
      56.607     0.999878      1098266      8192.00
      57.183     0.999890      1098280      9102.22
      57.983     0.999902      1098293     10240.00
      59.199     0.999915      1098309     11702.86
      60.127     0.999927      1098321     13653.33
      61.087     0.999939      1098333     16384.00
      61.471     0.999945      1098340     18204.44
      61.823     0.999951      1098347     20480.00
      62.399     0.999957      1098354     23405.71
      62.911     0.999963      1098360     27306.67
      63.583     0.999969      1098367     32768.00
      64.127     0.999973      1098370     36408.89
      64.639     0.999976      1098374     40960.00
      65.119     0.999979      1098378     46811.43
      65.311     0.999982      1098380     54613.33
      66.239     0.999985      1098384     65536.00
      66.303     0.999986      1098385     72817.78
      66.623     0.999988      1098388     81920.00
      66.687     0.999989      1098389     93622.86
      66.943     0.999991      1098390    109226.67
      67.135     0.999992      1098392    131072.00
      67.327     0.999993      1098393    145635.56
      67.519     0.999994      1098394    163840.00
      67.647     0.999995      1098395    187245.71
      67.647     0.999995      1098395    218453.33
      67.967     0.999996      1098396    262144.00
      68.607     0.999997      1098397    291271.11
      68.607     0.999997      1098397    327680.00
      68.735     0.999997      1098398    374491.43
      68.735     0.999998      1098398    436906.67
      68.735     0.999998      1098398    524288.00
      69.311     0.999998      1098399    582542.22
      69.311     0.999998      1098399    655360.00
      69.311     0.999999      1098399    748982.86
      69.311     0.999999      1098399    873813.33
      69.311     0.999999      1098399   1048576.00
      69.631     0.999999      1098400   1165084.44
      69.631     1.000000      1098400          inf
#[Mean    =        4.114, StdDeviation   =        3.052]
#[Max     =       69.568, Total count    =      1098400]
#[Buckets =           27, SubBuckets     =         2048]
----------------------------------------------------------
  1196943 requests in 2.00m, 10.26GB read
Requests/sec:   9974.12
Transfer/sec:     87.53MB
