Running 2m test @ http://localhost:9003/api/v1/user?id=1
  4 threads and 128 connections
  Thread calibration: mean lat.: 0.929ms, rate sampling interval: 10ms
  Thread calibration: mean lat.: 0.927ms, rate sampling interval: 10ms
  Thread calibration: mean lat.: 0.921ms, rate sampling interval: 10ms
  Thread calibration: mean lat.: 0.911ms, rate sampling interval: 10ms
  Thread Stats   Avg      Stdev     Max   +/- Stdev
    Latency     0.93ms  536.81us  22.48ms   78.81%
    Req/Sec     1.61k   149.28     4.78k    66.16%
  Latency Distribution (HdrHistogram - Recorded Latency)
 50.000%    0.90ms
 75.000%    1.20ms
 90.000%    1.46ms
 99.000%    1.89ms
 99.900%    7.01ms
 99.990%   15.62ms
 99.999%   20.80ms
100.000%   22.50ms

  Detailed Percentile spectrum:
       Value   Percentile   TotalCount 1/(1-Percentile)

       0.108     0.000000            1         1.00
       0.362     0.100000        66222         1.11
       0.527     0.200000       132106         1.25
       0.666     0.300000       198089         1.43
       0.789     0.400000       263776         1.67
       0.904     0.500000       329775         2.00
       0.961     0.550000       362545         2.22
       1.021     0.600000       395680         2.50
       1.081     0.650000       428777         2.86
       1.141     0.700000       461484         3.33
       1.202     0.750000       494285         4.00
       1.235     0.775000       510980         4.44
       1.269     0.800000       527387         5.00
       1.303     0.825000       543779         5.71
       1.341     0.850000       560515         6.67
       1.389     0.875000       576768         8.00
       1.420     0.887500       585041         8.89
       1.455     0.900000       593245        10.00
       1.494     0.912500       601387        11.43
       1.537     0.925000       609798        13.33
       1.582     0.937500       617929        16.00
       1.608     0.943750       622076        17.78
       1.634     0.950000       626203        20.00
       1.662     0.956250       630302        22.86
       1.692     0.962500       634410        26.67
       1.724     0.968750       638464        32.00
       1.742     0.971875       640505        35.56
       1.762     0.975000       642592        40.00
       1.783     0.978125       644632        45.71
       1.806     0.981250       646693        53.33
       1.833     0.984375       648823        64.00
       1.847     0.985938       649810        71.11
       1.863     0.987500       650814        80.00
       1.880     0.989062       651869        91.43
       1.899     0.990625       652877       106.67
       1.922     0.992188       653943       128.00
       1.933     0.992969       654415       142.22
       1.947     0.993750       654935       160.00
       1.961     0.994531       655436       182.86
       1.983     0.995313       655965       213.33
       2.010     0.996094       656477       256.00
       2.027     0.996484       656734       284.44
       2.046     0.996875       656989       320.00
       2.069     0.997266       657251       365.71
       2.111     0.997656       657501       426.67
       2.337     0.998047       657751       512.00
       3.097     0.998242       657880       568.89
       4.021     0.998437       658010       640.00
       4.939     0.998633       658138       731.43
       6.083     0.998828       658266       853.33
       7.091     0.999023       658395      1024.00
       7.603     0.999121       658459      1137.78
       8.163     0.999219       658524      1280.00
       8.727     0.999316       658589      1462.86
       9.383     0.999414       658653      1706.67
       9.967     0.999512       658717      2048.00
      10.391     0.999561       658750      2275.56
      10.815     0.999609       658781      2560.00
      11.103     0.999658       658813      2925.71
      11.591     0.999707       658847      3413.33
      12.127     0.999756       658879      4096.00
      12.423     0.999780       658894      4551.11
      12.839     0.999805       658910      5120.00
      13.231     0.999829       658927      5851.43
      13.639     0.999854       658942      6826.67
      14.231     0.999878       658958      8192.00
      14.935     0.999890       658966      9102.22
      15.703     0.999902       658974     10240.00
      16.543     0.999915       658982     11702.86
      17.023     0.999927       658990     13653.33
      17.999     0.999939       658998     16384.00
      18.239     0.999945       659002     18204.44
      18.447     0.999951       659006     20480.00
      18.847     0.999957       659010     23405.71
      19.007     0.999963       659014     27306.67
      19.759     0.999969       659019     32768.00
      19.823     0.999973       659020     36408.89
      19.919     0.999976       659022     40960.00
      20.015     0.999979       659024     46811.43
      20.191     0.999982       659026     54613.33
      20.431     0.999985       659028     65536.00
      20.511     0.999986       659029     72817.78
      20.527     0.999988       659030     81920.00
      20.799     0.999989       659031     93622.86
      21.007     0.999991       659032    109226.67
      21.199     0.999992       659033    131072.00
      21.327     0.999993       659034    145635.56
      21.327     0.999994       659034    163840.00
      21.615     0.999995       659035    187245.71
      21.615     0.999995       659035    218453.33
      21.871     0.999996       659036    262144.00
      21.871     0.999997       659036    291271.11
      21.871     0.999997       659036    327680.00
      21.999     0.999997       659037    374491.43
      21.999     0.999998       659037    436906.67
      21.999     0.999998       659037    524288.00
      21.999     0.999998       659037    582542.22
      21.999     0.999998       659037    655360.00
      22.495     0.999999       659038    748982.86
      22.495     1.000000       659038          inf
#[Mean    =        0.925, StdDeviation   =        0.537]
#[Max     =       22.480, Total count    =       659038]
#[Buckets =           27, SubBuckets     =         2048]
----------------------------------------------------------
  719591 requests in 2.00m, 78.92MB read
Requests/sec:   5996.55
Transfer/sec:    673.44KB
