Running 2m test @ http://localhost:9008/api/v1/users
  4 threads and 128 connections
  Thread calibration: mean lat.: 1.375ms, rate sampling interval: 10ms
  Thread calibration: mean lat.: 1.364ms, rate sampling interval: 10ms
  Thread calibration: mean lat.: 1.365ms, rate sampling interval: 10ms
  Thread calibration: mean lat.: 1.341ms, rate sampling interval: 10ms
  Thread Stats   Avg      Stdev     Max   +/- Stdev
    Latency     1.36ms  435.01us   5.69ms   65.39%
    Req/Sec     0.89k   107.47     1.33k    80.28%
  Latency Distribution (HdrHistogram - Recorded Latency)
 50.000%    1.33ms
 75.000%    1.65ms
 90.000%    1.97ms
 99.000%    2.40ms
 99.900%    2.69ms
 99.990%    3.54ms
 99.999%    5.14ms
100.000%    5.69ms

  Detailed Percentile spectrum:
       Value   Percentile   TotalCount 1/(1-Percentile)

       0.517     0.000000            1         1.00
       0.811     0.100000        37369         1.11
       0.954     0.200000        74931         1.25
       1.079     0.300000       112124         1.43
       1.202     0.400000       149653         1.67
       1.326     0.500000       186886         2.00
       1.388     0.550000       205656         2.22
       1.451     0.600000       224371         2.50
       1.515     0.650000       242844         2.86
       1.581     0.700000       261423         3.33
       1.650     0.750000       280141         4.00
       1.689     0.775000       289512         4.44
       1.733     0.800000       298777         5.00
       1.782     0.825000       308249         5.71
       1.836     0.850000       317558         6.67
       1.898     0.875000       326907         8.00
       1.933     0.887500       331540         8.89
       1.971     0.900000       336224        10.00
       2.012     0.912500       340821        11.43
       2.057     0.925000       345667        13.33
       2.103     0.937500       350266        16.00
       2.127     0.943750       352618        17.78
       2.151     0.950000       354910        20.00
       2.175     0.956250       357155        22.86
       2.203     0.962500       359524        26.67
       2.233     0.968750       361829        32.00
       2.251     0.971875       363004        35.56
       2.269     0.975000       364149        40.00
       2.291     0.978125       365378        45.71
       2.315     0.981250       366518        53.33
       2.343     0.984375       367691        64.00
       2.357     0.985938       368226        71.11
       2.375     0.987500       368841        80.00
       2.393     0.989062       369387        91.43
       2.413     0.990625       369975       106.67
       2.437     0.992188       370549       128.00
       2.451     0.992969       370849       142.22
       2.465     0.993750       371140       160.00
       2.483     0.994531       371443       182.86
       2.499     0.995313       371709       213.33
       2.521     0.996094       372009       256.00
       2.535     0.996484       372169       284.44
       2.547     0.996875       372300       320.00
       2.561     0.997266       372437       365.71
       2.579     0.997656       372586       426.67
       2.603     0.998047       372737       512.00
       2.615     0.998242       372806       568.89
       2.631     0.998437       372879       640.00
       2.645     0.998633       372948       731.43
       2.663     0.998828       373021       853.33
       2.691     0.999023       373094      1024.00
       2.709     0.999121       373133      1137.78
       2.729     0.999219       373167      1280.00
       2.755     0.999316       373206      1462.86
       2.785     0.999414       373240      1706.67
       2.825     0.999512       373278      2048.00
       2.859     0.999561       373294      2275.56
       2.911     0.999609       373313      2560.00
       2.981     0.999658       373331      2925.71
       3.029     0.999707       373349      3413.33
       3.139     0.999756       373367      4096.00
       3.177     0.999780       373376      4551.11
       3.245     0.999805       373386      5120.00
       3.319     0.999829       373396      5851.43
       3.351     0.999854       373405      6826.67
       3.447     0.999878       373413      8192.00
       3.489     0.999890       373417      9102.22
       3.545     0.999902       373422     10240.00
       3.677     0.999915       373427     11702.86
       3.777     0.999927       373432     13653.33
       3.849     0.999939       373436     16384.00
       3.901     0.999945       373438     18204.44
       3.987     0.999951       373440     20480.00
       4.239     0.999957       373443     23405.71
       4.387     0.999963       373445     27306.67
       4.439     0.999969       373447     32768.00
       4.471     0.999973       373448     36408.89
       4.483     0.999976       373449     40960.00
       4.715     0.999979       373451     46811.43
       4.783     0.999982       373452     54613.33
       5.035     0.999985       373453     65536.00
       5.035     0.999986       373453     72817.78
       5.143     0.999988       373454     81920.00
       5.295     0.999989       373455     93622.86
       5.295     0.999991       373455    109226.67
       5.303     0.999992       373456    131072.00
       5.303     0.999993       373456    145635.56
       5.303     0.999994       373456    163840.00
       5.547     0.999995       373457    187245.71
       5.547     0.999995       373457    218453.33
       5.547     0.999996       373457    262144.00
       5.547     0.999997       373457    291271.11
       5.547     0.999997       373457    327680.00
       5.691     0.999997       373458    374491.43
       5.691     1.000000       373458          inf
#[Mean    =        1.360, StdDeviation   =        0.435]
#[Max     =        5.688, Total count    =       373458]
#[Buckets =           27, SubBuckets     =         2048]
----------------------------------------------------------
  407798 requests in 2.00m, 3.57GB read
Requests/sec:   3398.26
Transfer/sec:     30.49MB
