Running 2m test @ http://localhost:9001/api/v1/users
  4 threads and 128 connections
  Thread calibration: mean lat.: 1.992ms, rate sampling interval: 10ms
  Thread calibration: mean lat.: 1.983ms, rate sampling interval: 10ms
  Thread calibration: mean lat.: 2.000ms, rate sampling interval: 10ms
  Thread calibration: mean lat.: 2.003ms, rate sampling interval: 10ms
  Thread Stats   Avg      Stdev     Max   +/- Stdev
    Latency     1.98ms  433.28us   6.17ms   68.37%
    Req/Sec   316.47    107.89   666.00     57.20%
  Latency Distribution (HdrHistogram - Recorded Latency)
 50.000%    1.98ms
 75.000%    2.25ms
 90.000%    2.52ms
 99.000%    3.09ms
 99.900%    3.95ms
 99.990%    4.90ms
 99.999%    6.07ms
100.000%    6.18ms

  Detailed Percentile spectrum:
       Value   Percentile   TotalCount 1/(1-Percentile)

       0.991     0.000000            1         1.00
       1.415     0.100000        13243         1.11
       1.595     0.200000        26448         1.25
       1.740     0.300000        39612         1.43
       1.863     0.400000        52782         1.67
       1.975     0.500000        66008         2.00
       2.027     0.550000        72514         2.22
       2.081     0.600000        79298         2.50
       2.133     0.650000        85677         2.86
       2.189     0.700000        92334         3.33
       2.253     0.750000        99052         4.00
       2.285     0.775000       102249         4.44
       2.321     0.800000       105470         5.00
       2.361     0.825000       108772         5.71
       2.407     0.850000       112170         6.67
       2.457     0.875000       115437         8.00
       2.485     0.887500       117051         8.89
       2.517     0.900000       118657        10.00
       2.553     0.912500       120351        11.43
       2.593     0.925000       121975        13.33
       2.637     0.937500       123562        16.00
       2.663     0.943750       124425        17.78
       2.689     0.950000       125218        20.00
       2.721     0.956250       126076        22.86
       2.757     0.962500       126864        26.67
       2.801     0.968750       127715        32.00
       2.825     0.971875       128111        35.56
       2.853     0.975000       128533        40.00
       2.883     0.978125       128918        45.71
       2.921     0.981250       129325        53.33
       2.967     0.984375       129741        64.00
       2.995     0.985938       129954        71.11
       3.025     0.987500       130151        80.00
       3.065     0.989062       130357        91.43
       3.105     0.990625       130561       106.67
       3.161     0.992188       130769       128.00
       3.199     0.992969       130870       142.22
       3.237     0.993750       130974       160.00
       3.285     0.994531       131079       182.86
       3.351     0.995313       131179       213.33
       3.421     0.996094       131283       256.00
       3.459     0.996484       131333       284.44
       3.507     0.996875       131385       320.00
       3.569     0.997266       131439       365.71
       3.629     0.997656       131490       426.67
       3.699     0.998047       131539       512.00
       3.741     0.998242       131567       568.89
       3.781     0.998437       131591       640.00
       3.843     0.998633       131617       731.43
       3.893     0.998828       131643       853.33
       3.963     0.999023       131669      1024.00
       3.987     0.999121       131681      1137.78
       4.025     0.999219       131694      1280.00
       4.059     0.999316       131706      1462.86
       4.111     0.999414       131719      1706.67
       4.163     0.999512       131732      2048.00
       4.219     0.999561       131739      2275.56
       4.259     0.999609       131746      2560.00
       4.315     0.999658       131751      2925.71
       4.419     0.999707       131758      3413.33
       4.467     0.999756       131764      4096.00
       4.499     0.999780       131768      4551.11
       4.539     0.999805       131771      5120.00
       4.559     0.999829       131774      5851.43
       4.679     0.999854       131777      6826.67
       4.735     0.999878       131780      8192.00
       4.883     0.999890       131782      9102.22
       4.931     0.999902       131784     10240.00
       4.947     0.999915       131785     11702.86
       5.227     0.999927       131787     13653.33
       5.235     0.999939       131788     16384.00
       5.239     0.999945       131789     18204.44
       5.255     0.999951       131790     20480.00
       5.519     0.999957       131791     23405.71
       5.695     0.999963       131792     27306.67
       5.695     0.999969       131792     32768.00
       5.699     0.999973       131793     36408.89
       5.699     0.999976       131793     40960.00
       5.791     0.999979       131794     46811.43
       5.791     0.999982       131794     54613.33
       5.791     0.999985       131794     65536.00
       6.071     0.999986       131795     72817.78
       6.071     0.999988       131795     81920.00
       6.071     0.999989       131795     93622.86
       6.071     0.999991       131795    109226.67
       6.071     0.999992       131795    131072.00
       6.175     0.999993       131796    145635.56
       6.175     1.000000       131796          inf
#[Mean    =        1.977, StdDeviation   =        0.433]
#[Max     =        6.172, Total count    =       131796]
#[Buckets =           27, SubBuckets     =         2048]
----------------------------------------------------------
  143960 requests in 2.00m, 1.26GB read
Requests/sec:   1199.65
Transfer/sec:     10.76MB
