Running 2m test @ http://localhost:9003/api/v1/users
  4 threads and 128 connections
  Thread calibration: mean lat.: 1.428ms, rate sampling interval: 10ms
  Thread calibration: mean lat.: 1.414ms, rate sampling interval: 10ms
  Thread calibration: mean lat.: 1.412ms, rate sampling interval: 10ms
  Thread calibration: mean lat.: 2.951ms, rate sampling interval: 10ms
  Thread Stats   Avg      Stdev     Max   +/- Stdev
    Latency     1.78ms    0.94ms  23.07ms   73.19%
    Req/Sec     1.06k   735.34     3.56k    76.88%
  Latency Distribution (HdrHistogram - Recorded Latency)
 50.000%    1.53ms
 75.000%    2.20ms
 90.000%    3.22ms
 99.000%    4.39ms
 99.900%    5.26ms
 99.990%   18.80ms
 99.999%   21.55ms
100.000%   23.09ms

  Detailed Percentile spectrum:
       Value   Percentile   TotalCount 1/(1-Percentile)

       0.510     0.000000            1         1.00
       0.845     0.100000        44163         1.11
       1.018     0.200000        88075         1.25
       1.182     0.300000       131879         1.43
       1.352     0.400000       175862         1.67
       1.529     0.500000       219879         2.00
       1.620     0.550000       241776         2.22
       1.729     0.600000       263684         2.50
       1.861     0.650000       285595         2.86
       2.021     0.700000       307550         3.33
       2.201     0.750000       329523         4.00
       2.327     0.775000       340537         4.44
       2.505     0.800000       351501         5.00
       2.705     0.825000       362572         5.71
       2.887     0.850000       373442         6.67
       3.055     0.875000       384474         8.00
       3.135     0.887500       389932         8.89
       3.217     0.900000       395471        10.00
       3.303     0.912500       401001        11.43
       3.393     0.925000       406510        13.33
       3.491     0.937500       411952        16.00
       3.547     0.943750       414689        17.78
       3.605     0.950000       417389        20.00
       3.673     0.956250       420188        22.86
       3.747     0.962500       422886        26.67
       3.833     0.968750       425623        32.00
       3.885     0.971875       427007        35.56
       3.945     0.975000       428403        40.00
       4.009     0.978125       429736        45.71
       4.085     0.981250       431128        53.33
       4.175     0.984375       432499        64.00
       4.227     0.985938       433178        71.11
       4.283     0.987500       433853        80.00
       4.347     0.989062       434558        91.43
       4.419     0.990625       435237       106.67
       4.499     0.992188       435937       128.00
       4.543     0.992969       436266       142.22
       4.587     0.993750       436602       160.00
       4.639     0.994531       436943       182.86
       4.703     0.995313       437306       213.33
       4.763     0.996094       437628       256.00
       4.799     0.996484       437803       284.44
       4.839     0.996875       437971       320.00
       4.883     0.997266       438148       365.71
       4.935     0.997656       438321       426.67
       4.995     0.998047       438488       512.00
       5.031     0.998242       438570       568.89
       5.079     0.998437       438663       640.00
       5.127     0.998633       438748       731.43
       5.187     0.998828       438827       853.33
       5.275     0.999023       438912      1024.00
       5.327     0.999121       438955      1137.78
       5.419     0.999219       438998      1280.00
       5.519     0.999316       439043      1462.86
       5.695     0.999414       439084      1706.67
       5.991     0.999512       439127      2048.00
       6.163     0.999561       439148      2275.56
       6.867     0.999609       439170      2560.00
       7.847     0.999658       439191      2925.71
       9.655     0.999707       439213      3413.33
      12.895     0.999756       439234      4096.00
      14.527     0.999780       439245      4551.11
      16.527     0.999805       439256      5120.00
      17.743     0.999829       439266      5851.43
      18.367     0.999854       439279      6826.67
      18.591     0.999878       439288      8192.00
      18.671     0.999890       439293      9102.22
      18.799     0.999902       439299     10240.00
      18.879     0.999915       439304     11702.86
      18.943     0.999927       439309     13653.33
      19.087     0.999939       439316     16384.00
      19.119     0.999945       439317     18204.44
      19.231     0.999951       439320     20480.00
      19.311     0.999957       439323     23405.71
      20.031     0.999963       439325     27306.67
      20.191     0.999969       439328     32768.00
      20.655     0.999973       439329     36408.89
      21.087     0.999976       439331     40960.00
      21.119     0.999979       439332     46811.43
      21.135     0.999982       439333     54613.33
      21.231     0.999985       439335     65536.00
      21.231     0.999986       439335     72817.78
      21.439     0.999988       439336     81920.00
      21.551     0.999989       439337     93622.86
      21.551     0.999991       439337    109226.67
      21.695     0.999992       439338    131072.00
      21.695     0.999993       439338    145635.56
      21.743     0.999994       439339    163840.00
      21.743     0.999995       439339    187245.71
      21.743     0.999995       439339    218453.33
      22.703     0.999996       439340    262144.00
      22.703     0.999997       439340    291271.11
      22.703     0.999997       439340    327680.00
      22.703     0.999997       439340    374491.43
      22.703     0.999998       439340    436906.67
      23.087     0.999998       439341    524288.00
      23.087     1.000000       439341          inf
#[Mean    =        1.783, StdDeviation   =        0.944]
#[Max     =       23.072, Total count    =       439341]
#[Buckets =           27, SubBuckets     =         2048]
----------------------------------------------------------
  478821 requests in 2.00m, 4.11GB read
Requests/sec:   3989.88
Transfer/sec:     35.07MB
