Running 2m test @ http://localhost:9002/api/v1/user?id=1
  4 threads and 128 connections
  Thread calibration: mean lat.: 1.219ms, rate sampling interval: 10ms
  Thread calibration: mean lat.: 0.897ms, rate sampling interval: 10ms
  Thread calibration: mean lat.: 0.861ms, rate sampling interval: 10ms
  Thread calibration: mean lat.: 0.868ms, rate sampling interval: 10ms
  Thread Stats   Avg      Stdev     Max   +/- Stdev
    Latency     0.97ms  491.86us  19.81ms   70.96%
    Req/Sec     1.33k   813.57     3.67k    75.71%
  Latency Distribution (HdrHistogram - Recorded Latency)
 50.000%    0.94ms
 75.000%    1.26ms
 90.000%    1.56ms
 99.000%    2.00ms
 99.900%    2.92ms
 99.990%   12.85ms
 99.999%   19.02ms
100.000%   19.82ms

  Detailed Percentile spectrum:
       Value   Percentile   TotalCount 1/(1-Percentile)

       0.120     0.000000            1         1.00
       0.381     0.100000        54994         1.11
       0.547     0.200000       109874         1.25
       0.689     0.300000       164967         1.43
       0.820     0.400000       219877         1.67
       0.945     0.500000       274984         2.00
       1.008     0.550000       302119         2.22
       1.070     0.600000       329535         2.50
       1.133     0.650000       357318         2.86
       1.195     0.700000       384514         3.33
       1.262     0.750000       412183         4.00
       1.298     0.775000       425997         4.44
       1.335     0.800000       439505         5.00
       1.377     0.825000       453387         5.71
       1.427     0.850000       466900         6.67
       1.491     0.875000       480655         8.00
       1.526     0.887500       487527         8.89
       1.564     0.900000       494453        10.00
       1.603     0.912500       501281        11.43
       1.645     0.925000       508120        13.33
       1.690     0.937500       514929        16.00
       1.714     0.943750       518367        17.78
       1.739     0.950000       521797        20.00
       1.765     0.956250       525265        22.86
       1.793     0.962500       528711        26.67
       1.824     0.968750       532140        32.00
       1.841     0.971875       533830        35.56
       1.860     0.975000       535540        40.00
       1.881     0.978125       537230        45.71
       1.906     0.981250       538960        53.33
       1.934     0.984375       540632        64.00
       1.951     0.985938       541538        71.11
       1.968     0.987500       542370        80.00
       1.987     0.989062       543205        91.43
       2.011     0.990625       544092       106.67
       2.037     0.992188       544947       128.00
       2.051     0.992969       545366       142.22
       2.067     0.993750       545791       160.00
       2.085     0.994531       546222       182.86
       2.105     0.995313       546643       213.33
       2.131     0.996094       547086       256.00
       2.147     0.996484       547306       284.44
       2.165     0.996875       547509       320.00
       2.185     0.997266       547718       365.71
       2.211     0.997656       547926       426.67
       2.245     0.998047       548152       512.00
       2.263     0.998242       548253       568.89
       2.293     0.998437       548355       640.00
       2.339     0.998633       548464       731.43
       2.465     0.998828       548569       853.33
       2.989     0.999023       548676      1024.00
       3.565     0.999121       548730      1137.78
       3.965     0.999219       548783      1280.00
       4.315     0.999316       548837      1462.86
       5.167     0.999414       548891      1706.67
       5.835     0.999512       548945      2048.00
       6.239     0.999561       548971      2275.56
       6.623     0.999609       548998      2560.00
       7.119     0.999658       549025      2925.71
       7.815     0.999707       549052      3413.33
       8.839     0.999756       549078      4096.00
      10.167     0.999780       549092      4551.11
      10.943     0.999805       549105      5120.00
      11.239     0.999829       549119      5851.43
      11.583     0.999854       549132      6826.67
      12.143     0.999878       549145      8192.00
      12.311     0.999890       549152      9102.22
      12.959     0.999902       549159     10240.00
      13.151     0.999915       549166     11702.86
      13.383     0.999927       549172     13653.33
      13.551     0.999939       549179     16384.00
      13.823     0.999945       549182     18204.44
      13.935     0.999951       549186     20480.00
      14.639     0.999957       549189     23405.71
      15.375     0.999963       549193     27306.67
      16.639     0.999969       549196     32768.00
      16.655     0.999973       549197     36408.89
      17.119     0.999976       549199     40960.00
      17.855     0.999979       549201     46811.43
      17.871     0.999982       549202     54613.33
      18.399     0.999985       549204     65536.00
      18.527     0.999986       549205     72817.78
      18.879     0.999988       549206     81920.00
      19.023     0.999989       549207     93622.86
      19.023     0.999991       549207    109226.67
      19.055     0.999992       549208    131072.00
      19.087     0.999993       549209    145635.56
      19.087     0.999994       549209    163840.00
      19.199     0.999995       549211    187245.71
      19.199     0.999995       549211    218453.33
      19.199     0.999996       549211    262144.00
      19.199     0.999997       549211    291271.11
      19.199     0.999997       549211    327680.00
      19.199     0.999997       549211    374491.43
      19.199     0.999998       549211    436906.67
      19.199     0.999998       549211    524288.00
      19.823     0.999998       549212    582542.22
      19.823     1.000000       549212          inf
#[Mean    =        0.966, StdDeviation   =        0.492]
#[Max     =       19.808, Total count    =       549212]
#[Buckets =           27, SubBuckets     =         2048]
----------------------------------------------------------
  598523 requests in 2.00m, 65.64MB read
Requests/sec:   4987.06
Transfer/sec:    560.07KB
