Running 2m test @ http://localhost:9000/api/v1/user?id=1
  4 threads and 128 connections
  Thread calibration: mean lat.: 0.774ms, rate sampling interval: 10ms
  Thread calibration: mean lat.: 0.773ms, rate sampling interval: 10ms
  Thread calibration: mean lat.: 0.766ms, rate sampling interval: 10ms
  Thread calibration: mean lat.: 0.791ms, rate sampling interval: 10ms
  Thread Stats   Avg      Stdev     Max   +/- Stdev
    Latency   773.55us  404.07us   4.27ms   65.72%
    Req/Sec     1.29k   107.32     1.67k    67.45%
  Latency Distribution (HdrHistogram - Recorded Latency)
 50.000%  762.00us
 75.000%    1.06ms
 90.000%    1.25ms
 99.000%    1.85ms
 99.900%    2.02ms
 99.990%    2.11ms
 99.999%    2.30ms
100.000%    4.27ms

  Detailed Percentile spectrum:
       Value   Percentile   TotalCount 1/(1-Percentile)

       0.075     0.000000            2         1.00
       0.244     0.100000        55013         1.11
       0.379     0.200000       110146         1.25
       0.510     0.300000       164929         1.43
       0.641     0.400000       219936         1.67
       0.762     0.500000       274640         2.00
       0.820     0.550000       302202         2.22
       0.880     0.600000       329868         2.50
       0.940     0.650000       357278         2.86
       1.000     0.700000       384736         3.33
       1.059     0.750000       412371         4.00
       1.088     0.775000       426055         4.44
       1.117     0.800000       439825         5.00
       1.147     0.825000       453390         5.71
       1.179     0.850000       466921         6.67
       1.212     0.875000       480631         8.00
       1.230     0.887500       487788         8.89
       1.249     0.900000       494367        10.00
       1.280     0.912500       501232        11.43
       1.336     0.925000       508017        13.33
       1.409     0.937500       514891        16.00
       1.452     0.943750       518348        17.78
       1.494     0.950000       521828        20.00
       1.539     0.956250       525219        22.86
       1.589     0.962500       528665        26.67
       1.640     0.968750       532041        32.00
       1.668     0.971875       533763        35.56
       1.694     0.975000       535474        40.00
       1.721     0.978125       537210        45.71
       1.751     0.981250       538943        53.33
       1.781     0.984375       540665        64.00
       1.798     0.985938       541508        71.11
       1.814     0.987500       542346        80.00
       1.833     0.989062       543195        91.43
       1.852     0.990625       544067       106.67
       1.873     0.992188       544944       128.00
       1.884     0.992969       545367       142.22
       1.896     0.993750       545792       160.00
       1.908     0.994531       546223       182.86
       1.922     0.995313       546654       213.33
       1.937     0.996094       547073       256.00
       1.946     0.996484       547287       284.44
       1.956     0.996875       547505       320.00
       1.965     0.997266       547724       365.71
       1.975     0.997656       547931       426.67
       1.986     0.998047       548137       512.00
       1.993     0.998242       548245       568.89
       2.000     0.998437       548353       640.00
       2.006     0.998633       548465       731.43
       2.012     0.998828       548571       853.33
       2.020     0.999023       548674      1024.00
       2.025     0.999121       548727      1137.78
       2.030     0.999219       548774      1280.00
       2.036     0.999316       548834      1462.86
       2.044     0.999414       548884      1706.67
       2.051     0.999512       548940      2048.00
       2.055     0.999561       548973      2275.56
       2.059     0.999609       548997      2560.00
       2.065     0.999658       549018      2925.71
       2.069     0.999707       549041      3413.33
       2.077     0.999756       549072      4096.00
       2.081     0.999780       549084      4551.11
       2.085     0.999805       549096      5120.00
       2.091     0.999829       549110      5851.43
       2.095     0.999854       549123      6826.67
       2.101     0.999878       549136      8192.00
       2.105     0.999890       549142      9102.22
       2.113     0.999902       549152     10240.00
       2.115     0.999915       549156     11702.86
       2.119     0.999927       549163     13653.33
       2.123     0.999939       549168     16384.00
       2.125     0.999945       549172     18204.44
       2.129     0.999951       549176     20480.00
       2.133     0.999957       549180     23405.71
       2.137     0.999963       549181     27306.67
       2.147     0.999969       549186     32768.00
       2.147     0.999973       549186     36408.89
       2.149     0.999976       549188     40960.00
       2.157     0.999979       549190     46811.43
       2.163     0.999982       549191     54613.33
       2.189     0.999985       549193     65536.00
       2.205     0.999986       549194     72817.78
       2.235     0.999988       549195     81920.00
       2.295     0.999989       549196     93622.86
       2.295     0.999991       549196    109226.67
       2.423     0.999992       549197    131072.00
       2.511     0.999993       549198    145635.56
       2.511     0.999994       549198    163840.00
       2.681     0.999995       549199    187245.71
       2.681     0.999995       549199    218453.33
       2.681     0.999996       549199    262144.00
       2.715     0.999997       549200    291271.11
       2.715     0.999997       549200    327680.00
       2.715     0.999997       549200    374491.43
       2.715     0.999998       549200    436906.67
       2.715     0.999998       549200    524288.00
       4.271     0.999998       549201    582542.22
       4.271     1.000000       549201          inf
#[Mean    =        0.774, StdDeviation   =        0.404]
#[Max     =        4.268, Total count    =       549201]
#[Buckets =           27, SubBuckets     =         2048]
----------------------------------------------------------
  599673 requests in 2.00m, 71.49MB read
Requests/sec:   4997.26
Transfer/sec:    610.02KB
