Running 2m test @ http://localhost:9001/api/v1/user?id=1
  4 threads and 128 connections
  Thread calibration: mean lat.: 1.297ms, rate sampling interval: 10ms
  Thread calibration: mean lat.: 1.313ms, rate sampling interval: 10ms
  Thread calibration: mean lat.: 1.307ms, rate sampling interval: 10ms
  Thread calibration: mean lat.: 1.302ms, rate sampling interval: 10ms
  Thread Stats   Avg      Stdev     Max   +/- Stdev
    Latency     1.30ms  714.56us  31.34ms   81.07%
    Req/Sec     4.22k   298.30     8.67k    71.85%
  Latency Distribution (HdrHistogram - Recorded Latency)
 50.000%    1.24ms
 75.000%    1.67ms
 90.000%    2.03ms
 99.000%    2.69ms
 99.900%    5.21ms
 99.990%   24.35ms
 99.999%   27.85ms
100.000%   31.36ms

  Detailed Percentile spectrum:
       Value   Percentile   TotalCount 1/(1-Percentile)

       0.183     0.000000            1         1.00
       0.615     0.100000       175836         1.11
       0.789     0.200000       351807         1.25
       0.937     0.300000       528203         1.43
       1.083     0.400000       703477         1.67
       1.236     0.500000       879479         2.00
       1.313     0.550000       966803         2.22
       1.395     0.600000      1054943         2.50
       1.482     0.650000      1143215         2.86
       1.573     0.700000      1231073         3.33
       1.668     0.750000      1318750         4.00
       1.717     0.775000      1362840         4.44
       1.768     0.800000      1406546         5.00
       1.823     0.825000      1450657         5.71
       1.882     0.850000      1493932         6.67
       1.949     0.875000      1538262         8.00
       1.986     0.887500      1560211         8.89
       2.027     0.900000      1582103        10.00
       2.073     0.912500      1604240        11.43
       2.123     0.925000      1625750        13.33
       2.181     0.937500      1647781        16.00
       2.213     0.943750      1658586        17.78
       2.249     0.950000      1669876        20.00
       2.289     0.956250      1681100        22.86
       2.331     0.962500      1691671        26.67
       2.381     0.968750      1702523        32.00
       2.411     0.971875      1708268        35.56
       2.441     0.975000      1713515        40.00
       2.477     0.978125      1719013        45.71
       2.519     0.981250      1724632        53.33
       2.569     0.984375      1730189        64.00
       2.597     0.985938      1732812        71.11
       2.629     0.987500      1735536        80.00
       2.667     0.989062      1738310        91.43
       2.709     0.990625      1740982       106.67
       2.761     0.992188      1743715       128.00
       2.791     0.992969      1745134       142.22
       2.825     0.993750      1746498       160.00
       2.867     0.994531      1747849       182.86
       2.919     0.995313      1749203       213.33
       2.991     0.996094      1750601       256.00
       3.041     0.996484      1751264       284.44
       3.105     0.996875      1751949       320.00
       3.197     0.997266      1752641       365.71
       3.343     0.997656      1753329       426.67
       3.571     0.998047      1754011       512.00
       3.731     0.998242      1754352       568.89
       3.917     0.998437      1754696       640.00
       4.207     0.998633      1755041       731.43
       4.647     0.998828      1755382       853.33
       5.307     0.999023      1755725      1024.00
       5.895     0.999121      1755897      1137.78
       6.951     0.999219      1756068      1280.00
       9.063     0.999316      1756241      1462.86
      11.375     0.999414      1756412      1706.67
      13.719     0.999512      1756583      2048.00
      14.767     0.999561      1756670      2275.56
      16.159     0.999609      1756755      2560.00
      17.247     0.999658      1756842      2925.71
      18.351     0.999707      1756928      3413.33
      19.535     0.999756      1757012      4096.00
      20.319     0.999780      1757056      4551.11
      21.119     0.999805      1757098      5120.00
      21.759     0.999829      1757142      5851.43
      22.799     0.999854      1757184      6826.67
      23.663     0.999878      1757227      8192.00
      24.127     0.999890      1757248      9102.22
      24.463     0.999902      1757270     10240.00
      24.847     0.999915      1757291     11702.86
      25.247     0.999927      1757313     13653.33
      25.647     0.999939      1757334     16384.00
      25.759     0.999945      1757345     18204.44
      25.903     0.999951      1757356     20480.00
      26.111     0.999957      1757366     23405.71
      26.495     0.999963      1757377     27306.67
      26.847     0.999969      1757390     32768.00
      26.943     0.999973      1757393     36408.89
      27.055     0.999976      1757399     40960.00
      27.183     0.999979      1757406     46811.43
      27.215     0.999982      1757409     54613.33
      27.535     0.999985      1757415     65536.00
      27.695     0.999986      1757417     72817.78
      27.759     0.999988      1757421     81920.00
      27.855     0.999989      1757423     93622.86
      27.903     0.999991      1757425    109226.67
      28.047     0.999992      1757428    131072.00
      28.063     0.999993      1757429    145635.56
      28.175     0.999994      1757431    163840.00
      28.207     0.999995      1757432    187245.71
      28.223     0.999995      1757433    218453.33
      28.591     0.999996      1757435    262144.00
      28.591     0.999997      1757435    291271.11
      28.847     0.999997      1757436    327680.00
      29.295     0.999997      1757437    374491.43
      29.295     0.999998      1757437    436906.67
      29.359     0.999998      1757438    524288.00
      29.359     0.999998      1757438    582542.22
      29.503     0.999998      1757439    655360.00
      29.503     0.999999      1757439    748982.86
      29.503     0.999999      1757439    873813.33
      29.679     0.999999      1757440   1048576.00
      29.679     0.999999      1757440   1165084.44
      29.679     0.999999      1757440   1310720.00
      29.679     0.999999      1757440   1497965.71
      29.679     0.999999      1757440   1747626.67
      31.359     1.000000      1757441   2097152.00
      31.359     1.000000      1757441          inf
#[Mean    =        1.301, StdDeviation   =        0.715]
#[Max     =       31.344, Total count    =      1757441]
#[Buckets =           27, SubBuckets     =         2048]
----------------------------------------------------------
  1918808 requests in 2.00m, 595.07MB read
Requests/sec:  15989.92
Transfer/sec:      4.96MB
