Running 2m test @ http://localhost:9000/api/v1/user?id=1
  4 threads and 128 connections
  Thread calibration: mean lat.: 0.830ms, rate sampling interval: 10ms
  Thread calibration: mean lat.: 1.059ms, rate sampling interval: 10ms
  Thread calibration: mean lat.: 0.856ms, rate sampling interval: 10ms
  Thread calibration: mean lat.: 0.863ms, rate sampling interval: 10ms
  Thread Stats   Avg      Stdev     Max   +/- Stdev
    Latency     0.89ms  429.40us   5.04ms   64.30%
    Req/Sec     5.29k   760.82     7.11k    78.31%
  Latency Distribution (HdrHistogram - Recorded Latency)
 50.000%    0.88ms
 75.000%    1.21ms
 90.000%    1.45ms
 99.000%    1.91ms
 99.900%    2.22ms
 99.990%    3.27ms
 99.999%    4.34ms
100.000%    5.05ms

  Detailed Percentile spectrum:
       Value   Percentile   TotalCount 1/(1-Percentile)

       0.074     0.000000            1         1.00
       0.323     0.100000       220525         1.11
       0.473     0.200000       440054         1.25
       0.610     0.300000       659864         1.43
       0.745     0.400000       879076         1.67
       0.878     0.500000      1098747         2.00
       0.944     0.550000      1208391         2.22
       1.009     0.600000      1318118         2.50
       1.075     0.650000      1429429         2.86
       1.140     0.700000      1539131         3.33
       1.205     0.750000      1648694         4.00
       1.238     0.775000      1703385         4.44
       1.272     0.800000      1758451         5.00
       1.307     0.825000      1812578         5.71
       1.347     0.850000      1867319         6.67
       1.395     0.875000      1922883         8.00
       1.422     0.887500      1950449         8.89
       1.451     0.900000      1977229        10.00
       1.484     0.912500      2005092        11.43
       1.520     0.925000      2032654        13.33
       1.560     0.937500      2059980        16.00
       1.582     0.943750      2073534        17.78
       1.606     0.950000      2087017        20.00
       1.634     0.956250      2101116        22.86
       1.664     0.962500      2114453        26.67
       1.700     0.968750      2128479        32.00
       1.720     0.971875      2135201        35.56
       1.743     0.975000      2142088        40.00
       1.768     0.978125      2148810        45.71
       1.797     0.981250      2155771        53.33
       1.830     0.984375      2162604        64.00
       1.849     0.985938      2166057        71.11
       1.869     0.987500      2169407        80.00
       1.891     0.989062      2172795        91.43
       1.917     0.990625      2176299       106.67
       1.945     0.992188      2179660       128.00
       1.961     0.992969      2181421       142.22
       1.979     0.993750      2183125       160.00
       1.998     0.994531      2184811       182.86
       2.019     0.995313      2186533       213.33
       2.043     0.996094      2188229       256.00
       2.057     0.996484      2189088       284.44
       2.073     0.996875      2189996       320.00
       2.089     0.997266      2190815       365.71
       2.109     0.997656      2191710       426.67
       2.131     0.998047      2192513       512.00
       2.147     0.998242      2192974       568.89
       2.161     0.998437      2193375       640.00
       2.179     0.998633      2193821       731.43
       2.201     0.998828      2194234       853.33
       2.229     0.999023      2194667      1024.00
       2.243     0.999121      2194866      1137.78
       2.265     0.999219      2195083      1280.00
       2.287     0.999316      2195307      1462.86
       2.319     0.999414      2195511      1706.67
       2.363     0.999512      2195725      2048.00
       2.397     0.999561      2195836      2275.56
       2.447     0.999609      2195937      2560.00
       2.517     0.999658      2196046      2925.71
       2.621     0.999707      2196153      3413.33
       2.739     0.999756      2196259      4096.00
       2.827     0.999780      2196313      4551.11
       2.917     0.999805      2196368      5120.00
       2.999     0.999829      2196420      5851.43
       3.097     0.999854      2196474      6826.67
       3.187     0.999878      2196527      8192.00
       3.231     0.999890      2196554      9102.22
       3.285     0.999902      2196581     10240.00
       3.351     0.999915      2196609     11702.86
       3.439     0.999927      2196635     13653.33
       3.529     0.999939      2196661     16384.00
       3.607     0.999945      2196675     18204.44
       3.661     0.999951      2196688     20480.00
       3.755     0.999957      2196703     23405.71
       3.881     0.999963      2196715     27306.67
       3.929     0.999969      2196728     32768.00
       4.015     0.999973      2196737     36408.89
       4.059     0.999976      2196742     40960.00
       4.099     0.999979      2196750     46811.43
       4.147     0.999982      2196755     54613.33
       4.199     0.999985      2196762     65536.00
       4.223     0.999986      2196765     72817.78
       4.275     0.999988      2196769     81920.00
       4.287     0.999989      2196772     93622.86
       4.363     0.999991      2196775    109226.67
       4.459     0.999992      2196779    131072.00
       4.471     0.999993      2196780    145635.56
       4.523     0.999994      2196783    163840.00
       4.615     0.999995      2196784    187245.71
       4.687     0.999995      2196785    218453.33
       4.743     0.999996      2196787    262144.00
       4.771     0.999997      2196789    291271.11
       4.771     0.999997      2196789    327680.00
       4.819     0.999997      2196790    374491.43
       4.819     0.999998      2196790    436906.67
       4.895     0.999998      2196792    524288.00
       4.895     0.999998      2196792    582542.22
       4.895     0.999998      2196792    655360.00
       4.983     0.999999      2196793    748982.86
       4.983     0.999999      2196793    873813.33
       4.983     0.999999      2196793   1048576.00
       5.035     0.999999      2196794   1165084.44
       5.035     0.999999      2196794   1310720.00
       5.035     0.999999      2196794   1497965.71
       5.035     0.999999      2196794   1747626.67
       5.035     1.000000      2196794   2097152.00
       5.047     1.000000      2196795   2330168.89
       5.047     1.000000      2196795          inf
#[Mean    =        0.889, StdDeviation   =        0.429]
#[Max     =        5.044, Total count    =      2196795]
#[Buckets =           27, SubBuckets     =         2048]
----------------------------------------------------------
  2393877 requests in 2.00m, 285.37MB read
Requests/sec:  19948.67
Transfer/sec:      2.38MB
