Running 2m test @ http://localhost:9003/api/v1/user?id=1
  4 threads and 128 connections
  Thread calibration: mean lat.: 0.951ms, rate sampling interval: 10ms
  Thread calibration: mean lat.: 0.947ms, rate sampling interval: 10ms
  Thread calibration: mean lat.: 0.944ms, rate sampling interval: 10ms
  Thread calibration: mean lat.: 0.941ms, rate sampling interval: 10ms
  Thread Stats   Avg      Stdev     Max   +/- Stdev
    Latency     0.95ms  459.43us  15.32ms   70.49%
    Req/Sec     2.62k   172.86     4.78k    76.66%
  Latency Distribution (HdrHistogram - Recorded Latency)
 50.000%    0.94ms
 75.000%    1.26ms
 90.000%    1.48ms
 99.000%    1.88ms
 99.900%    5.04ms
 99.990%    8.56ms
 99.999%    9.65ms
100.000%   15.33ms

  Detailed Percentile spectrum:
       Value   Percentile   TotalCount 1/(1-Percentile)

       0.111     0.000000            1         1.00
       0.397     0.100000       110001         1.11
       0.551     0.200000       220213         1.25
       0.685     0.300000       330259         1.43
       0.814     0.400000       440090         1.67
       0.940     0.500000       549514         2.00
       1.004     0.550000       604842         2.22
       1.066     0.600000       659356         2.50
       1.129     0.650000       714390         2.86
       1.193     0.700000       769395         3.33
       1.256     0.750000       823974         4.00
       1.288     0.775000       851725         4.44
       1.320     0.800000       878828         5.00
       1.354     0.825000       906564         5.71
       1.390     0.850000       934352         6.67
       1.430     0.875000       961193         8.00
       1.454     0.887500       975161         8.89
       1.480     0.900000       988799        10.00
       1.509     0.912500      1002511        11.43
       1.542     0.925000      1016261        13.33
       1.579     0.937500      1029938        16.00
       1.600     0.943750      1036919        17.78
       1.622     0.950000      1043606        20.00
       1.646     0.956250      1050385        22.86
       1.674     0.962500      1057348        26.67
       1.705     0.968750      1064145        32.00
       1.723     0.971875      1067663        35.56
       1.742     0.975000      1070946        40.00
       1.763     0.978125      1074385        45.71
       1.787     0.981250      1077806        53.33
       1.816     0.984375      1081257        64.00
       1.832     0.985938      1082963        71.11
       1.849     0.987500      1084671        80.00
       1.870     0.989062      1086424        91.43
       1.893     0.990625      1088118       106.67
       1.920     0.992188      1089865       128.00
       1.936     0.992969      1090705       142.22
       1.955     0.993750      1091545       160.00
       1.977     0.994531      1092427       182.86
       2.001     0.995313      1093254       213.33
       2.031     0.996094      1094111       256.00
       2.049     0.996484      1094547       284.44
       2.073     0.996875      1094983       320.00
       2.101     0.997266      1095403       365.71
       2.147     0.997656      1095837       426.67
       2.221     0.998047      1096255       512.00
       2.505     0.998242      1096469       568.89
       3.209     0.998437      1096683       640.00
       3.829     0.998633      1096898       731.43
       4.427     0.998828      1097114       853.33
       5.183     0.999023      1097327      1024.00
       5.543     0.999121      1097434      1137.78
       5.927     0.999219      1097542      1280.00
       6.375     0.999316      1097649      1462.86
       6.715     0.999414      1097757      1706.67
       7.019     0.999512      1097864      2048.00
       7.191     0.999561      1097917      2275.56
       7.411     0.999609      1097972      2560.00
       7.555     0.999658      1098024      2925.71
       7.751     0.999707      1098079      3413.33
       7.959     0.999756      1098131      4096.00
       8.031     0.999780      1098160      4551.11
       8.131     0.999805      1098185      5120.00
       8.231     0.999829      1098213      5851.43
       8.303     0.999854      1098239      6826.67
       8.463     0.999878      1098265      8192.00
       8.527     0.999890      1098280      9102.22
       8.583     0.999902      1098293     10240.00
       8.647     0.999915      1098307     11702.86
       8.727     0.999927      1098319     13653.33
       8.807     0.999939      1098334     16384.00
       8.879     0.999945      1098339     18204.44
       8.959     0.999951      1098346     20480.00
       9.039     0.999957      1098353     23405.71
       9.111     0.999963      1098359     27306.67
       9.207     0.999969      1098366     32768.00
       9.223     0.999973      1098369     36408.89
       9.287     0.999976      1098373     40960.00
       9.375     0.999979      1098376     46811.43
       9.439     0.999982      1098380     54613.33
       9.479     0.999985      1098383     65536.00
       9.519     0.999986      1098384     72817.78
       9.615     0.999988      1098386     81920.00
       9.655     0.999989      1098388     93622.86
       9.743     0.999991      1098389    109226.67
       9.975     0.999992      1098391    131072.00
      10.071     0.999993      1098392    145635.56
      10.119     0.999994      1098393    163840.00
      10.167     0.999995      1098394    187245.71
      10.167     0.999995      1098394    218453.33
      10.247     0.999996      1098395    262144.00
      10.447     0.999997      1098396    291271.11
      10.447     0.999997      1098396    327680.00
      10.463     0.999997      1098397    374491.43
      10.463     0.999998      1098397    436906.67
      10.463     0.999998      1098397    524288.00
      14.015     0.999998      1098398    582542.22
      14.015     0.999998      1098398    655360.00
      14.015     0.999999      1098398    748982.86
      14.015     0.999999      1098398    873813.33
      14.015     0.999999      1098398   1048576.00
      15.327     0.999999      1098399   1165084.44
      15.327     1.000000      1098399          inf
#[Mean    =        0.952, StdDeviation   =        0.459]
#[Max     =       15.320, Total count    =      1098399]
#[Buckets =           27, SubBuckets     =         2048]
----------------------------------------------------------
  1199276 requests in 2.00m, 131.53MB read
Requests/sec:   9993.90
Transfer/sec:      1.10MB
