Running 2m test @ http://localhost:9003/api/v1/users
  4 threads and 128 connections
  Thread calibration: mean lat.: 1.480ms, rate sampling interval: 10ms
  Thread calibration: mean lat.: 1.513ms, rate sampling interval: 10ms
  Thread calibration: mean lat.: 1.498ms, rate sampling interval: 10ms
  Thread calibration: mean lat.: 3.008ms, rate sampling interval: 10ms
  Thread Stats   Avg      Stdev     Max   +/- Stdev
    Latency     1.85ms    0.91ms  11.56ms   68.72%
    Req/Sec     1.06k   740.73     3.56k    76.61%
  Latency Distribution (HdrHistogram - Recorded Latency)
 50.000%    1.62ms
 75.000%    2.32ms
 90.000%    3.26ms
 99.000%    4.26ms
 99.900%    5.50ms
 99.990%    7.07ms
 99.999%   11.30ms
100.000%   11.57ms

  Detailed Percentile spectrum:
       Value   Percentile   TotalCount 1/(1-Percentile)

       0.508     0.000000            1         1.00
       0.863     0.100000        43976         1.11
       1.062     0.200000        87935         1.25
       1.245     0.300000       132001         1.43
       1.425     0.400000       175882         1.67
       1.616     0.500000       219787         2.00
       1.730     0.550000       241768         2.22
       1.860     0.600000       263684         2.50
       1.996     0.650000       285723         2.86
       2.139     0.700000       307786         3.33
       2.321     0.750000       329656         4.00
       2.453     0.775000       340584         4.44
       2.617     0.800000       351478         5.00
       2.789     0.825000       362502         5.71
       2.951     0.850000       373479         6.67
       3.105     0.875000       384478         8.00
       3.183     0.887500       389978         8.89
       3.263     0.900000       395430        10.00
       3.349     0.912500       400989        11.43
       3.439     0.925000       406415        13.33
       3.539     0.937500       411918        16.00
       3.595     0.943750       414716        17.78
       3.653     0.950000       417438        20.00
       3.715     0.956250       420143        22.86
       3.787     0.962500       422895        26.67
       3.865     0.968750       425639        32.00
       3.907     0.971875       427005        35.56
       3.953     0.975000       428401        40.00
       3.999     0.978125       429737        45.71
       4.059     0.981250       431163        53.33
       4.123     0.984375       432525        64.00
       4.159     0.985938       433197        71.11
       4.195     0.987500       433868        80.00
       4.239     0.989062       434566        91.43
       4.287     0.990625       435244       106.67
       4.343     0.992188       435936       128.00
       4.375     0.992969       436279       142.22
       4.411     0.993750       436625       160.00
       4.451     0.994531       436970       182.86
       4.499     0.995313       437299       213.33
       4.559     0.996094       437634       256.00
       4.599     0.996484       437812       284.44
       4.643     0.996875       437977       320.00
       4.695     0.997266       438146       365.71
       4.763     0.997656       438314       426.67
       4.851     0.998047       438487       512.00
       4.923     0.998242       438574       568.89
       5.003     0.998437       438657       640.00
       5.131     0.998633       438744       731.43
       5.299     0.998828       438829       853.33
       5.519     0.999023       438915      1024.00
       5.655     0.999121       438958      1137.78
       5.727     0.999219       439002      1280.00
       5.823     0.999316       439043      1462.86
       5.935     0.999414       439087      1706.67
       6.039     0.999512       439130      2048.00
       6.111     0.999561       439152      2275.56
       6.175     0.999609       439172      2560.00
       6.243     0.999658       439194      2925.71
       6.327     0.999707       439215      3413.33
       6.383     0.999756       439236      4096.00
       6.423     0.999780       439248      4551.11
       6.507     0.999805       439258      5120.00
       6.571     0.999829       439268      5851.43
       6.667     0.999854       439279      6826.67
       6.739     0.999878       439290      8192.00
       6.899     0.999890       439295      9102.22
       7.203     0.999902       439301     10240.00
       8.023     0.999915       439306     11702.86
       9.231     0.999927       439311     13653.33
      10.087     0.999939       439317     16384.00
      10.319     0.999945       439319     18204.44
      10.367     0.999951       439322     20480.00
      10.447     0.999957       439325     23405.71
      10.639     0.999963       439327     27306.67
      10.751     0.999969       439330     32768.00
      10.815     0.999973       439331     36408.89
      10.879     0.999976       439333     40960.00
      11.063     0.999979       439334     46811.43
      11.143     0.999982       439335     54613.33
      11.231     0.999985       439337     65536.00
      11.231     0.999986       439337     72817.78
      11.279     0.999988       439338     81920.00
      11.303     0.999989       439339     93622.86
      11.303     0.999991       439339    109226.67
      11.367     0.999992       439340    131072.00
      11.367     0.999993       439340    145635.56
      11.399     0.999994       439341    163840.00
      11.399     0.999995       439341    187245.71
      11.399     0.999995       439341    218453.33
      11.551     0.999996       439342    262144.00
      11.551     0.999997       439342    291271.11
      11.551     0.999997       439342    327680.00
      11.551     0.999997       439342    374491.43
      11.551     0.999998       439342    436906.67
      11.567     0.999998       439343    524288.00
      11.567     1.000000       439343          inf
#[Mean    =        1.847, StdDeviation   =        0.912]
#[Max     =       11.560, Total count    =       439343]
#[Buckets =           27, SubBuckets     =         2048]
----------------------------------------------------------
  478822 requests in 2.00m, 4.11GB read
Requests/sec:   3989.85
Transfer/sec:     35.07MB
