Running 2m test @ http://localhost:9003/api/v1/user?id=1
  4 threads and 128 connections
  Thread calibration: mean lat.: 1748.443ms, rate sampling interval: 5484ms
  Thread calibration: mean lat.: 1749.280ms, rate sampling interval: 5488ms
  Thread calibration: mean lat.: 1768.247ms, rate sampling interval: 5541ms
  Thread calibration: mean lat.: 2021.919ms, rate sampling interval: 5566ms
  Thread Stats   Avg      Stdev     Max   +/- Stdev
    Latency    12.56s     5.61s   22.30s    57.75%
    Req/Sec     3.09k    30.73     3.15k    70.51%
  Latency Distribution (HdrHistogram - Recorded Latency)
 50.000%   12.56s 
 75.000%   17.43s 
 90.000%   20.32s 
 99.000%   22.02s 
 99.900%   22.22s 
 99.990%   22.27s 
 99.999%   22.30s 
100.000%   22.32s 

  Detailed Percentile spectrum:
       Value   Percentile   TotalCount 1/(1-Percentile)

    2781.183     0.000000            2         1.00
    4841.471     0.100000       135938         1.11
    6713.343     0.200000       271764         1.25
    8544.255     0.300000       407600         1.43
   10649.599     0.400000       543718         1.67
   12558.335     0.500000       679548         2.00
   13598.719     0.550000       747173         2.22
   14639.103     0.600000       815086         2.50
   15540.223     0.650000       883160         2.86
   16498.687     0.700000       950986         3.33
   17432.575     0.750000      1018719         4.00
   17874.943     0.775000      1052786         4.44
   18366.463     0.800000      1087317         5.00
   18874.367     0.825000      1121127         5.71
   19365.887     0.850000      1155049         6.67
   19841.023     0.875000      1189631         8.00
   20037.631     0.887500      1205938         8.89
   20316.159     0.900000      1222622        10.00
   20611.071     0.912500      1240395        11.43
   20840.447     0.925000      1256367        13.33
   21069.823     0.937500      1274288        16.00
   21168.127     0.943750      1282554        17.78
   21266.431     0.950000      1291330        20.00
   21364.735     0.956250      1298995        22.86
   21495.807     0.962500      1307899        26.67
   21626.879     0.968750      1316832        32.00
   21676.031     0.971875      1320728        35.56
   21725.183     0.975000      1324640        40.00
   21774.335     0.978125      1328737        45.71
   21839.871     0.981250      1333009        53.33
   21905.407     0.984375      1337430        64.00
   21938.175     0.985938      1339798        71.11
   21970.943     0.987500      1341726        80.00
   22003.711     0.989062      1343733        91.43
   22036.479     0.990625      1346236       106.67
   22069.247     0.992188      1348815       128.00
   22069.247     0.992969      1348815       142.22
   22085.631     0.993750      1349973       160.00
   22102.015     0.994531      1351100       182.86
   22118.399     0.995313      1352147       213.33
   22134.783     0.996094      1353062       256.00
   22151.167     0.996484      1353829       284.44
   22167.551     0.996875      1354606       320.00
   22167.551     0.997266      1354606       365.71
   22183.935     0.997656      1355392       426.67
   22200.319     0.998047      1356148       512.00
   22200.319     0.998242      1356148       568.89
   22200.319     0.998437      1356148       640.00
   22216.703     0.998633      1356897       731.43
   22216.703     0.998828      1356897       853.33
   22233.087     0.999023      1357517      1024.00
   22233.087     0.999121      1357517      1137.78
   22233.087     0.999219      1357517      1280.00
   22233.087     0.999316      1357517      1462.86
   22233.087     0.999414      1357517      1706.67
   22249.471     0.999512      1357939      2048.00
   22249.471     0.999561      1357939      2275.56
   22249.471     0.999609      1357939      2560.00
   22249.471     0.999658      1357939      2925.71
   22249.471     0.999707      1357939      3413.33
   22249.471     0.999756      1357939      4096.00
   22249.471     0.999780      1357939      4551.11
   22265.855     0.999805      1358117      5120.00
   22265.855     0.999829      1358117      5851.43
   22265.855     0.999854      1358117      6826.67
   22265.855     0.999878      1358117      8192.00
   22265.855     0.999890      1358117      9102.22
   22265.855     0.999902      1358117     10240.00
   22265.855     0.999915      1358117     11702.86
   22282.239     0.999927      1358188     13653.33
   22282.239     0.999939      1358188     16384.00
   22282.239     0.999945      1358188     18204.44
   22282.239     0.999951      1358188     20480.00
   22282.239     0.999957      1358188     23405.71
   22282.239     0.999963      1358188     27306.67
   22282.239     0.999969      1358188     32768.00
   22298.623     0.999973      1358226     36408.89
   22298.623     0.999976      1358226     40960.00
   22298.623     0.999979      1358226     46811.43
   22298.623     0.999982      1358226     54613.33
   22298.623     0.999985      1358226     65536.00
   22298.623     0.999986      1358226     72817.78
   22298.623     0.999988      1358226     81920.00
   22298.623     0.999989      1358226     93622.86
   22298.623     0.999991      1358226    109226.67
   22298.623     0.999992      1358226    131072.00
   22298.623     0.999993      1358226    145635.56
   22298.623     0.999994      1358226    163840.00
   22298.623     0.999995      1358226    187245.71
   22298.623     0.999995      1358226    218453.33
   22298.623     0.999996      1358226    262144.00
   22298.623     0.999997      1358226    291271.11
   22298.623     0.999997      1358226    327680.00
   22298.623     0.999997      1358226    374491.43
   22298.623     0.999998      1358226    436906.67
   22298.623     0.999998      1358226    524288.00
   22298.623     0.999998      1358226    582542.22
   22298.623     0.999998      1358226    655360.00
   22315.007     0.999999      1358228    748982.86
   22315.007     1.000000      1358228          inf
#[Mean    =    12561.456, StdDeviation   =     5609.009]
#[Max     =    22298.624, Total count    =      1358228]
#[Buckets =           27, SubBuckets     =         2048]
----------------------------------------------------------
  1462458 requests in 2.00m, 160.39MB read
Requests/sec:  12187.07
Transfer/sec:      1.34MB
