Running 2m test @ http://localhost:9003/api/v1/user?id=1
  4 threads and 128 connections
  Thread calibration: mean lat.: 0.973ms, rate sampling interval: 10ms
  Thread calibration: mean lat.: 0.981ms, rate sampling interval: 10ms
  Thread calibration: mean lat.: 0.968ms, rate sampling interval: 10ms
  Thread calibration: mean lat.: 0.978ms, rate sampling interval: 10ms
  Thread Stats   Avg      Stdev     Max   +/- Stdev
    Latency     5.36s     3.77s    9.06s    67.12%
    Req/Sec     2.94k     1.62k   17.33k    84.70%
  Latency Distribution (HdrHistogram - Recorded Latency)
 50.000%    7.93s 
 75.000%    8.19s 
 90.000%    8.32s 
 99.000%    8.49s 
 99.900%    8.76s 
 99.990%    8.90s 
 99.999%    8.98s 
100.000%    9.07s 

  Detailed Percentile spectrum:
       Value   Percentile   TotalCount 1/(1-Percentile)

       0.119     0.000000            2         1.00
       0.747     0.100000       122660         1.11
       1.204     0.200000       245046         1.25
     425.983     0.300000       367225         1.43
    7835.647     0.400000       491907         1.67
    7933.951     0.500000       612554         2.00
    7983.103     0.550000       673391         2.22
    8036.351     0.600000       734995         2.50
    8089.599     0.650000       796520         2.86
    8142.847     0.700000       859404         3.33
    8191.999     0.750000       922932         4.00
    8212.479     0.775000       950147         4.44
    8237.055     0.800000       984363         5.00
    8257.535     0.825000      1014771         5.71
    8278.015     0.850000      1045316         6.67
    8298.495     0.875000      1074135         8.00
    8310.783     0.887500      1090916         8.89
    8323.071     0.900000      1106734        10.00
    8335.359     0.912500      1120939        11.43
    8347.647     0.925000      1135890        13.33
    8359.935     0.937500      1149101        16.00
    8368.127     0.943750      1157099        17.78
    8376.319     0.950000      1164712        20.00
    8384.511     0.956250      1171233        22.86
    8396.799     0.962500      1180111        26.67
    8413.183     0.968750      1189472        32.00
    8421.375     0.971875      1193883        35.56
    8421.375     0.975000      1193883        40.00
    8437.759     0.978125      1200179        45.71
    8445.951     0.981250      1202893        53.33
    8454.143     0.984375      1205251        64.00
    8462.335     0.985938      1207397        71.11
    8470.527     0.987500      1209294        80.00
    8478.719     0.989062      1210821        91.43
    8495.103     0.990625      1213238       106.67
    8511.487     0.992188      1215273       128.00
    8519.679     0.992969      1216116       142.22
    8527.871     0.993750      1216789       160.00
    8544.255     0.994531      1217819       182.86
    8560.639     0.995313      1218477       213.33
    8601.599     0.996094      1219578       256.00
    8609.791     0.996484      1219784       284.44
    8626.175     0.996875      1220266       320.00
    8642.559     0.997266      1220814       365.71
    8658.943     0.997656      1221255       426.67
    8683.519     0.998047      1221740       512.00
    8699.903     0.998242      1222000       568.89
    8716.287     0.998437      1222256       640.00
    8732.671     0.998633      1222504       731.43
    8749.055     0.998828      1222750       853.33
    8765.439     0.999023      1222978      1024.00
    8773.631     0.999121      1223089      1137.78
    8781.823     0.999219      1223193      1280.00
    8790.015     0.999316      1223293      1462.86
    8798.207     0.999414      1223387      1706.67
    8814.591     0.999512      1223545      2048.00
    8814.591     0.999561      1223545      2275.56
    8822.783     0.999609      1223615      2560.00
    8830.975     0.999658      1223676      2925.71
    8839.167     0.999707      1223724      3413.33
    8855.551     0.999756      1223816      4096.00
    8855.551     0.999780      1223816      4551.11
    8863.743     0.999805      1223859      5120.00
    8871.935     0.999829      1223890      5851.43
    8880.127     0.999854      1223922      6826.67
    8888.319     0.999878      1223948      8192.00
    8888.319     0.999890      1223948      9102.22
    8896.511     0.999902      1223972     10240.00
    8904.703     0.999915      1223993     11702.86
    8904.703     0.999927      1223993     13653.33
    8912.895     0.999939      1224007     16384.00
    8921.087     0.999945      1224019     18204.44
    8929.279     0.999951      1224032     20480.00
    8929.279     0.999957      1224032     23405.71
    8937.471     0.999963      1224042     27306.67
    8937.471     0.999969      1224042     32768.00
    8945.663     0.999973      1224050     36408.89
    8945.663     0.999976      1224050     40960.00
    8953.855     0.999979      1224057     46811.43
    8953.855     0.999982      1224057     54613.33
    8962.047     0.999985      1224062     65536.00
    8970.239     0.999986      1224065     72817.78
    8970.239     0.999988      1224065     81920.00
    8978.431     0.999989      1224068     93622.86
    8978.431     0.999991      1224068    109226.67
    8994.815     0.999992      1224070    131072.00
    9003.007     0.999993      1224071    145635.56
    9011.199     0.999994      1224072    163840.00
    9019.391     0.999995      1224073    187245.71
    9027.583     0.999995      1224074    218453.33
    9035.775     0.999996      1224075    262144.00
    9035.775     0.999997      1224075    291271.11
    9043.967     0.999997      1224076    327680.00
    9043.967     0.999997      1224076    374491.43
    9052.159     0.999998      1224077    436906.67
    9052.159     0.999998      1224077    524288.00
    9052.159     0.999998      1224077    582542.22
    9060.351     0.999998      1224078    655360.00
    9060.351     0.999999      1224078    748982.86
    9060.351     0.999999      1224078    873813.33
    9060.351     0.999999      1224078   1048576.00
    9060.351     0.999999      1224078   1165084.44
    9068.543     0.999999      1224079   1310720.00
    9068.543     1.000000      1224079          inf
#[Mean    =     5359.311, StdDeviation   =     3765.482]
#[Max     =     9060.352, Total count    =      1224079]
#[Buckets =           27, SubBuckets     =         2048]
----------------------------------------------------------
  1345121 requests in 2.00m, 147.52MB read
Requests/sec:  11209.34
Transfer/sec:      1.23MB
