Running 2m test @ http://localhost:9003/api/v1/users
  4 threads and 128 connections
  Thread calibration: mean lat.: 1.357ms, rate sampling interval: 10ms
  Thread calibration: mean lat.: 1.376ms, rate sampling interval: 10ms
  Thread calibration: mean lat.: 1.348ms, rate sampling interval: 10ms
  Thread calibration: mean lat.: 1.361ms, rate sampling interval: 10ms
  Thread Stats   Avg      Stdev     Max   +/- Stdev
    Latency     1.36ms  510.68us  29.66ms   71.60%
    Req/Sec     1.05k    74.45     2.90k    90.85%
  Latency Distribution (HdrHistogram - Recorded Latency)
 50.000%    1.32ms
 75.000%    1.67ms
 90.000%    2.00ms
 99.000%    2.39ms
 99.900%    2.71ms
 99.990%   18.86ms
 99.999%   26.33ms
100.000%   29.68ms

  Detailed Percentile spectrum:
       Value   Percentile   TotalCount 1/(1-Percentile)

       0.508     0.000000            2         1.00
       0.801     0.100000        44004         1.11
       0.940     0.200000        88193         1.25
       1.066     0.300000       131832         1.43
       1.190     0.400000       175764         1.67
       1.318     0.500000       219747         2.00
       1.384     0.550000       241799         2.22
       1.451     0.600000       263703         2.50
       1.520     0.650000       285705         2.86
       1.591     0.700000       307602         3.33
       1.670     0.750000       329561         4.00
       1.714     0.775000       340565         4.44
       1.762     0.800000       351666         5.00
       1.813     0.825000       362554         5.71
       1.872     0.850000       373667         6.67
       1.934     0.875000       384523         8.00
       1.969     0.887500       390031         8.89
       2.004     0.900000       395454        10.00
       2.042     0.912500       400979        11.43
       2.081     0.925000       406458        13.33
       2.123     0.937500       412145        16.00
       2.143     0.943750       414794        17.78
       2.165     0.950000       417521        20.00
       2.189     0.956250       420291        22.86
       2.215     0.962500       423059        26.67
       2.243     0.968750       425685        32.00
       2.259     0.971875       427022        35.56
       2.275     0.975000       428378        40.00
       2.295     0.978125       429873        45.71
       2.315     0.981250       431186        53.33
       2.337     0.984375       432503        64.00
       2.353     0.985938       433228        71.11
       2.367     0.987500       433884        80.00
       2.385     0.989062       434635        91.43
       2.401     0.990625       435260       106.67
       2.423     0.992188       435963       128.00
       2.435     0.992969       436293       142.22
       2.449     0.993750       436659       160.00
       2.463     0.994531       436992       182.86
       2.481     0.995313       437322       213.33
       2.501     0.996094       437651       256.00
       2.513     0.996484       437827       284.44
       2.527     0.996875       438002       320.00
       2.543     0.997266       438165       365.71
       2.563     0.997656       438344       426.67
       2.585     0.998047       438514       512.00
       2.603     0.998242       438595       568.89
       2.621     0.998437       438681       640.00
       2.643     0.998633       438760       731.43
       2.677     0.998828       438849       853.33
       2.725     0.999023       438931      1024.00
       2.769     0.999121       438973      1137.78
       2.839     0.999219       439016      1280.00
       2.997     0.999316       439059      1462.86
       3.115     0.999414       439102      1706.67
       3.299     0.999512       439145      2048.00
       3.357     0.999561       439166      2275.56
       3.447     0.999609       439188      2560.00
       3.593     0.999658       439209      2925.71
       3.785     0.999707       439231      3413.33
       4.065     0.999756       439252      4096.00
       4.615     0.999780       439263      4551.11
       7.847     0.999805       439275      5120.00
       9.543     0.999829       439284      5851.43
      13.439     0.999854       439295      6826.67
      16.431     0.999878       439306      8192.00
      17.167     0.999890       439311      9102.22
      19.055     0.999902       439318     10240.00
      20.143     0.999915       439322     11702.86
      20.415     0.999927       439327     13653.33
      21.471     0.999939       439333     16384.00
      21.887     0.999945       439335     18204.44
      22.175     0.999951       439338     20480.00
      23.119     0.999957       439341     23405.71
      23.935     0.999963       439343     27306.67
      24.431     0.999969       439346     32768.00
      24.591     0.999973       439347     36408.89
      25.039     0.999976       439349     40960.00
      25.071     0.999979       439350     46811.43
      25.327     0.999982       439351     54613.33
      26.079     0.999985       439353     65536.00
      26.079     0.999986       439353     72817.78
      26.223     0.999988       439354     81920.00
      26.335     0.999989       439355     93622.86
      26.335     0.999991       439355    109226.67
      26.863     0.999992       439356    131072.00
      26.863     0.999993       439356    145635.56
      26.943     0.999994       439357    163840.00
      26.943     0.999995       439357    187245.71
      26.943     0.999995       439357    218453.33
      27.087     0.999996       439358    262144.00
      27.087     0.999997       439358    291271.11
      27.087     0.999997       439358    327680.00
      27.087     0.999997       439358    374491.43
      27.087     0.999998       439358    436906.67
      29.679     0.999998       439359    524288.00
      29.679     1.000000       439359          inf
#[Mean    =        1.364, StdDeviation   =        0.511]
#[Max     =       29.664, Total count    =       439359]
#[Buckets =           27, SubBuckets     =         2048]
----------------------------------------------------------
  479751 requests in 2.00m, 4.12GB read
Requests/sec:   3997.85
Transfer/sec:     35.15MB
