Running 2m test @ http://localhost:9000/api/v1/users
  4 threads and 128 connections
  Thread calibration: mean lat.: 1.420ms, rate sampling interval: 10ms
  Thread calibration: mean lat.: 1.400ms, rate sampling interval: 10ms
  Thread calibration: mean lat.: 1.424ms, rate sampling interval: 10ms
  Thread calibration: mean lat.: 1.461ms, rate sampling interval: 10ms
  Thread Stats   Avg      Stdev     Max   +/- Stdev
    Latency     1.43ms  430.18us  13.30ms   66.84%
    Req/Sec   527.04    109.87     0.89k    55.73%
  Latency Distribution (HdrHistogram - Recorded Latency)
 50.000%    1.39ms
 75.000%    1.70ms
 90.000%    2.01ms
 99.000%    2.47ms
 99.900%    2.71ms
 99.990%    4.75ms
 99.999%   12.24ms
100.000%   13.31ms

  Detailed Percentile spectrum:
       Value   Percentile   TotalCount 1/(1-Percentile)

       0.598     0.000000            1         1.00
       0.884     0.100000        22018         1.11
       1.029     0.200000        43988         1.25
       1.159     0.300000        66010         1.43
       1.280     0.400000        87912         1.67
       1.394     0.500000       109955         2.00
       1.454     0.550000       120897         2.22
       1.515     0.600000       131864         2.50
       1.574     0.650000       142809         2.86
       1.635     0.700000       153813         3.33
       1.699     0.750000       164909         4.00
       1.733     0.775000       170296         4.44
       1.775     0.800000       175840         5.00
       1.820     0.825000       181251         5.71
       1.872     0.850000       186818         6.67
       1.934     0.875000       192217         8.00
       1.970     0.887500       194970         8.89
       2.011     0.900000       197774        10.00
       2.055     0.912500       200518        11.43
       2.103     0.925000       203259        13.33
       2.157     0.937500       206041        16.00
       2.187     0.943750       207380        17.78
       2.217     0.950000       208752        20.00
       2.249     0.956250       210124        22.86
       2.283     0.962500       211517        26.67
       2.315     0.968750       212872        32.00
       2.331     0.971875       213558        35.56
       2.349     0.975000       214244        40.00
       2.367     0.978125       214904        45.71
       2.389     0.981250       215615        53.33
       2.413     0.984375       216267        64.00
       2.427     0.985938       216594        71.11
       2.443     0.987500       216932        80.00
       2.461     0.989062       217286        91.43
       2.479     0.990625       217617       106.67
       2.499     0.992188       217969       128.00
       2.509     0.992969       218137       142.22
       2.523     0.993750       218320       160.00
       2.537     0.994531       218475       182.86
       2.553     0.995313       218661       213.33
       2.571     0.996094       218824       256.00
       2.581     0.996484       218904       284.44
       2.593     0.996875       218989       320.00
       2.607     0.997266       219076       365.71
       2.623     0.997656       219168       426.67
       2.643     0.998047       219244       512.00
       2.653     0.998242       219289       568.89
       2.665     0.998437       219335       640.00
       2.675     0.998633       219373       731.43
       2.689     0.998828       219417       853.33
       2.709     0.999023       219460      1024.00
       2.723     0.999121       219480      1137.78
       2.739     0.999219       219504      1280.00
       2.763     0.999316       219523      1462.86
       2.787     0.999414       219546      1706.67
       2.827     0.999512       219566      2048.00
       2.859     0.999561       219577      2275.56
       2.907     0.999609       219588      2560.00
       2.937     0.999658       219598      2925.71
       2.993     0.999707       219609      3413.33
       3.095     0.999756       219620      4096.00
       3.141     0.999780       219625      4551.11
       3.241     0.999805       219631      5120.00
       3.423     0.999829       219636      5851.43
       3.691     0.999854       219641      6826.67
       4.083     0.999878       219647      8192.00
       4.343     0.999890       219649      9102.22
       5.003     0.999902       219652     10240.00
       5.559     0.999915       219655     11702.86
       5.755     0.999927       219657     13653.33
       6.071     0.999939       219660     16384.00
       6.539     0.999945       219661     18204.44
       7.219     0.999951       219663     20480.00
       7.691     0.999957       219664     23405.71
       8.163     0.999963       219666     27306.67
       8.607     0.999969       219667     32768.00
       8.607     0.999973       219667     36408.89
       8.639     0.999976       219668     40960.00
       8.767     0.999979       219669     46811.43
       8.767     0.999982       219669     54613.33
       9.855     0.999985       219670     65536.00
       9.855     0.999986       219670     72817.78
      12.239     0.999988       219671     81920.00
      12.239     0.999989       219671     93622.86
      12.239     0.999991       219671    109226.67
      13.247     0.999992       219672    131072.00
      13.247     0.999993       219672    145635.56
      13.247     0.999994       219672    163840.00
      13.247     0.999995       219672    187245.71
      13.247     0.999995       219672    218453.33
      13.311     0.999996       219673    262144.00
      13.311     1.000000       219673          inf
#[Mean    =        1.425, StdDeviation   =        0.430]
#[Max     =       13.304, Total count    =       219673]
#[Buckets =           27, SubBuckets     =         2048]
----------------------------------------------------------
  239904 requests in 2.00m, 2.06GB read
Requests/sec:   1999.17
Transfer/sec:     17.54MB
