Linux 6.8.0-134-generic (exeris-perfbox) 	07/24/26 	_x86_64_	(16 CPU)

19:29:21     CPU    %usr   %nice    %sys %iowait    %irq   %soft  %steal  %guest  %gnice   %idle
19:29:51       0   32.01    0.00   34.15    0.00    0.00   16.57    0.00    0.00    0.00   17.27
19:29:51       1   32.07    0.00   33.91    0.00    0.00   16.51    0.00    0.00    0.00   17.51
19:29:51       8   32.26    0.00   33.90    0.00    0.00   16.58    0.00    0.00    0.00   17.25
19:29:51       9   31.65    0.00   34.46    0.00    0.00   16.28    0.00    0.00    0.00   17.61

Average:     CPU    %usr   %nice    %sys %iowait    %irq   %soft  %steal  %guest  %gnice   %idle
Average:       0   32.01    0.00   34.15    0.00    0.00   16.57    0.00    0.00    0.00   17.27
Average:       1   32.07    0.00   33.91    0.00    0.00   16.51    0.00    0.00    0.00   17.51
Average:       8   32.26    0.00   33.90    0.00    0.00   16.58    0.00    0.00    0.00   17.25
Average:       9   31.65    0.00   34.46    0.00    0.00   16.28    0.00    0.00    0.00   17.61
