Running 5m test @ http://localhost:8080/api/v1/user?id=1
  4 threads and 32 connections
  Thread calibration: mean lat.: 0.884ms, rate sampling interval: 10ms
  Thread calibration: mean lat.: 0.976ms, rate sampling interval: 10ms
  Thread calibration: mean lat.: 0.901ms, rate sampling interval: 10ms
  Thread calibration: mean lat.: 0.951ms, rate sampling interval: 10ms
  Thread Stats   Avg      Stdev     Max   +/- Stdev
    Latency     0.92ms  430.07us   3.96ms   62.94%
    Req/Sec   265.91     79.85   444.00     86.58%
  Latency Distribution (HdrHistogram - Recorded Latency)
 50.000%    0.93ms
 75.000%    1.18ms
 90.000%    1.55ms
 99.000%    1.84ms
 99.900%    2.01ms
 99.990%    2.16ms
 99.999%    3.70ms
100.000%    3.96ms

  Detailed Percentile spectrum:
       Value   Percentile   TotalCount 1/(1-Percentile)

       0.114     0.000000            2         1.00
       0.331     0.100000        29091         1.11
       0.494     0.200000        58003         1.25
       0.680     0.300000        87099         1.43
       0.828     0.400000       116016         1.67
       0.931     0.500000       145178         2.00
       0.978     0.550000       159633         2.22
       1.029     0.600000       174216         2.50
       1.082     0.650000       188658         2.86
       1.129     0.700000       203014         3.33
       1.181     0.750000       217607         4.00
       1.223     0.775000       224824         4.44
       1.277     0.800000       232007         5.00
       1.345     0.825000       239220         5.71
       1.425     0.850000       246550         6.67
       1.495     0.875000       253799         8.00
       1.525     0.887500       257377         8.89
       1.554     0.900000       261006        10.00
       1.582     0.912500       264590        11.43
       1.613     0.925000       268322        13.33
       1.642     0.937500       271920        16.00
       1.658     0.943750       273661        17.78
       1.676     0.950000       275561        20.00
       1.693     0.956250       277278        22.86
       1.714     0.962500       279162        26.67
       1.735     0.968750       280952        32.00
       1.747     0.971875       281869        35.56
       1.758     0.975000       282741        40.00
       1.770     0.978125       283644        45.71
       1.784     0.981250       284540        53.33
       1.800     0.984375       285456        64.00
       1.809     0.985938       285891        71.11
       1.819     0.987500       286347        80.00
       1.830     0.989062       286790        91.43
       1.842     0.990625       287283       106.67
       1.853     0.992188       287696       128.00
       1.861     0.992969       287941       142.22
       1.869     0.993750       288163       160.00
       1.879     0.994531       288380       182.86
       1.892     0.995313       288607       213.33
       1.906     0.996094       288830       256.00
       1.914     0.996484       288952       284.44
       1.922     0.996875       289056       320.00
       1.932     0.997266       289173       365.71
       1.944     0.997656       289285       426.67
       1.959     0.998047       289395       512.00
       1.970     0.998242       289456       568.89
       1.978     0.998437       289508       640.00
       1.989     0.998633       289564       731.43
       2.001     0.998828       289624       853.33
       2.016     0.999023       289684      1024.00
       2.021     0.999121       289706      1137.78
       2.029     0.999219       289734      1280.00
       2.042     0.999316       289762      1462.86
       2.053     0.999414       289791      1706.67
       2.063     0.999512       289821      2048.00
       2.069     0.999561       289834      2275.56
       2.077     0.999609       289848      2560.00
       2.085     0.999658       289864      2925.71
       2.091     0.999707       289882      3413.33
       2.095     0.999756       289890      4096.00
       2.103     0.999780       289898      4551.11
       2.107     0.999805       289904      5120.00
       2.117     0.999829       289912      5851.43
       2.123     0.999854       289918      6826.67
       2.133     0.999878       289926      8192.00
       2.147     0.999890       289929      9102.22
       2.161     0.999902       289933     10240.00
       2.177     0.999915       289937     11702.86
       2.197     0.999927       289939     13653.33
       2.255     0.999939       289943     16384.00
       2.275     0.999945       289945     18204.44
       2.287     0.999951       289946     20480.00
       2.347     0.999957       289948     23405.71
       2.383     0.999963       289950     27306.67
       2.397     0.999969       289952     32768.00
       2.421     0.999973       289953     36408.89
       2.421     0.999976       289953     40960.00
       2.423     0.999979       289954     46811.43
       2.507     0.999982       289955     54613.33
       2.539     0.999985       289956     65536.00
       3.705     0.999986       289957     72817.78
       3.705     0.999988       289957     81920.00
       3.705     0.999989       289957     93622.86
       3.839     0.999991       289958    109226.67
       3.839     0.999992       289958    131072.00
       3.915     0.999993       289959    145635.56
       3.915     0.999994       289959    163840.00
       3.915     0.999995       289959    187245.71
       3.915     0.999995       289959    218453.33
       3.915     0.999996       289959    262144.00
       3.959     0.999997       289960    291271.11
       3.959     1.000000       289960          inf
#[Mean    =        0.924, StdDeviation   =        0.430]
#[Max     =        3.958, Total count    =       289960]
#[Buckets =           27, SubBuckets     =         2048]
----------------------------------------------------------
  300000 requests in 5.00m, 32.90MB read
Requests/sec:   1000.00
Transfer/sec:    112.30KB
