Running 2m test @ http://localhost:9001/api/v1/users
  4 threads and 128 connections
  Thread calibration: mean lat.: 4.208ms, rate sampling interval: 11ms
  Thread calibration: mean lat.: 4.173ms, rate sampling interval: 11ms
  Thread calibration: mean lat.: 4.200ms, rate sampling interval: 11ms
  Thread calibration: mean lat.: 4.215ms, rate sampling interval: 11ms
  Thread Stats   Avg      Stdev     Max   +/- Stdev
    Latency     3.59ms    1.63ms  46.91ms   88.54%
    Req/Sec     0.89k   113.20     1.91k    81.52%
  Latency Distribution (HdrHistogram - Recorded Latency)
 50.000%    3.30ms
 75.000%    4.07ms
 90.000%    5.03ms
 99.000%    9.01ms
 99.900%   21.97ms
 99.990%   36.99ms
 99.999%   44.38ms
100.000%   46.94ms

  Detailed Percentile spectrum:
       Value   Percentile   TotalCount 1/(1-Percentile)

       1.126     0.000000            1         1.00
       2.297     0.100000        37392         1.11
       2.589     0.200000        74802         1.25
       2.829     0.300000       112193         1.43
       3.057     0.400000       149420         1.67
       3.295     0.500000       186957         2.00
       3.421     0.550000       205438         2.22
       3.559     0.600000       224141         2.50
       3.709     0.650000       242794         2.86
       3.875     0.700000       261490         3.33
       4.069     0.750000       280270         4.00
       4.179     0.775000       289767         4.44
       4.299     0.800000       298998         5.00
       4.435     0.825000       308181         5.71
       4.595     0.850000       317567         6.67
       4.787     0.875000       326969         8.00
       4.895     0.887500       331447         8.89
       5.027     0.900000       336194        10.00
       5.179     0.912500       340848        11.43
       5.359     0.925000       345501        13.33
       5.579     0.937500       350177        16.00
       5.711     0.943750       352499        17.78
       5.867     0.950000       354831        20.00
       6.051     0.956250       357182        22.86
       6.267     0.962500       359456        26.67
       6.563     0.968750       361826        32.00
       6.743     0.971875       362978        35.56
       6.955     0.975000       364137        40.00
       7.207     0.978125       365298        45.71
       7.511     0.981250       366464        53.33
       7.907     0.984375       367624        64.00
       8.135     0.985938       368210        71.11
       8.431     0.987500       368799        80.00
       8.759     0.989062       369378        91.43
       9.183     0.990625       369959       106.67
       9.759     0.992188       370545       128.00
      10.127     0.992969       370837       142.22
      10.575     0.993750       371128       160.00
      11.071     0.994531       371417       182.86
      11.687     0.995313       371710       213.33
      12.543     0.996094       372002       256.00
      12.975     0.996484       372147       284.44
      13.575     0.996875       372293       320.00
      14.255     0.997266       372439       365.71
      15.223     0.997656       372584       426.67
      16.431     0.998047       372730       512.00
      17.247     0.998242       372803       568.89
      18.255     0.998437       372876       640.00
      19.599     0.998633       372949       731.43
      20.799     0.998828       373022       853.33
      22.127     0.999023       373095      1024.00
      23.007     0.999121       373131      1137.78
      23.999     0.999219       373170      1280.00
      24.863     0.999316       373204      1462.86
      26.111     0.999414       373241      1706.67
      27.199     0.999512       373277      2048.00
      28.255     0.999561       373295      2275.56
      29.759     0.999609       373314      2560.00
      30.303     0.999658       373332      2925.71
      30.847     0.999707       373350      3413.33
      32.031     0.999756       373368      4096.00
      32.703     0.999780       373377      4551.11
      34.047     0.999805       373387      5120.00
      34.655     0.999829       373396      5851.43
      35.359     0.999854       373405      6826.67
      36.543     0.999878       373414      8192.00
      36.767     0.999890       373418      9102.22
      37.151     0.999902       373424     10240.00
      38.527     0.999915       373428     11702.86
      39.167     0.999927       373433     13653.33
      39.871     0.999939       373437     16384.00
      40.031     0.999945       373440     18204.44
      40.159     0.999951       373442     20480.00
      40.671     0.999957       373444     23405.71
      40.895     0.999963       373446     27306.67
      41.343     0.999969       373448     32768.00
      41.631     0.999973       373449     36408.89
      41.759     0.999976       373450     40960.00
      43.327     0.999979       373452     46811.43
      44.031     0.999982       373453     54613.33
      44.351     0.999985       373454     65536.00
      44.351     0.999986       373454     72817.78
      44.383     0.999988       373455     81920.00
      45.247     0.999989       373456     93622.86
      45.247     0.999991       373456    109226.67
      45.343     0.999992       373457    131072.00
      45.343     0.999993       373457    145635.56
      45.343     0.999994       373457    163840.00
      46.431     0.999995       373458    187245.71
      46.431     0.999995       373458    218453.33
      46.431     0.999996       373458    262144.00
      46.431     0.999997       373458    291271.11
      46.431     0.999997       373458    327680.00
      46.943     0.999997       373459    374491.43
      46.943     1.000000       373459          inf
#[Mean    =        3.595, StdDeviation   =        1.633]
#[Max     =       46.912, Total count    =       373459]
#[Buckets =           27, SubBuckets     =         2048]
----------------------------------------------------------
  407793 requests in 2.00m, 3.57GB read
Requests/sec:   3398.24
Transfer/sec:     30.49MB
