Running 2m test @ http://localhost:9002/api/v1/users
  4 threads and 128 connections
  Thread calibration: mean lat.: 1.926ms, rate sampling interval: 10ms
  Thread calibration: mean lat.: 1.883ms, rate sampling interval: 10ms
  Thread calibration: mean lat.: 1.924ms, rate sampling interval: 10ms
  Thread calibration: mean lat.: 4.007ms, rate sampling interval: 10ms
  Thread Stats   Avg      Stdev     Max   +/- Stdev
    Latency     2.49ms    1.49ms  40.99ms   76.29%
    Req/Sec     1.58k   775.26     5.55k    77.99%
  Latency Distribution (HdrHistogram - Recorded Latency)
 50.000%    2.00ms
 75.000%    3.38ms
 90.000%    4.64ms
 99.000%    5.93ms
 99.900%   10.65ms
 99.990%   31.12ms
 99.999%   39.42ms
100.000%   41.02ms

  Detailed Percentile spectrum:
       Value   Percentile   TotalCount 1/(1-Percentile)

       0.638     0.000000            1         1.00
       1.108     0.100000        65988         1.11
       1.327     0.200000       131995         1.25
       1.520     0.300000       197781         1.43
       1.732     0.400000       263865         1.67
       2.000     0.500000       329613         2.00
       2.165     0.550000       362473         2.22
       2.359     0.600000       395598         2.50
       2.585     0.650000       428413         2.86
       2.911     0.700000       461425         3.33
       3.385     0.750000       494295         4.00
       3.615     0.775000       510887         4.44
       3.827     0.800000       527217         5.00
       4.031     0.825000       543765         5.71
       4.231     0.850000       560293         6.67
       4.431     0.875000       576826         8.00
       4.531     0.887500       584988         8.89
       4.635     0.900000       593138        10.00
       4.747     0.912500       601621        11.43
       4.863     0.925000       609817        13.33
       4.987     0.937500       617986        16.00
       5.055     0.943750       622131        17.78
       5.127     0.950000       626202        20.00
       5.207     0.956250       630366        22.86
       5.295     0.962500       634454        26.67
       5.387     0.968750       638488        32.00
       5.439     0.971875       640494        35.56
       5.499     0.975000       642587        40.00
       5.563     0.978125       644655        45.71
       5.639     0.981250       646711        53.33
       5.719     0.984375       648716        64.00
       5.771     0.985938       649818        71.11
       5.823     0.987500       650825        80.00
       5.883     0.989062       651819        91.43
       5.955     0.990625       652867       106.67
       6.043     0.992188       653881       128.00
       6.095     0.992969       654377       142.22
       6.155     0.993750       654914       160.00
       6.219     0.994531       655422       182.86
       6.299     0.995313       655930       213.33
       6.403     0.996094       656438       256.00
       6.467     0.996484       656699       284.44
       6.547     0.996875       656959       320.00
       6.647     0.997266       657213       365.71
       6.807     0.997656       657470       426.67
       7.019     0.998047       657726       512.00
       7.219     0.998242       657857       568.89
       7.459     0.998437       657981       640.00
       7.987     0.998633       658111       731.43
       8.807     0.998828       658238       853.33
      10.775     0.999023       658367      1024.00
      11.967     0.999121       658431      1137.78
      13.911     0.999219       658496      1280.00
      16.463     0.999316       658560      1462.86
      19.023     0.999414       658624      1706.67
      21.423     0.999512       658689      2048.00
      22.511     0.999561       658722      2275.56
      23.503     0.999609       658753      2560.00
      24.655     0.999658       658785      2925.71
      25.855     0.999707       658817      3413.33
      26.911     0.999756       658850      4096.00
      27.743     0.999780       658866      4551.11
      28.351     0.999805       658883      5120.00
      28.879     0.999829       658898      5851.43
      29.647     0.999854       658915      6826.67
      30.351     0.999878       658930      8192.00
      30.991     0.999890       658938      9102.22
      31.199     0.999902       658947     10240.00
      31.583     0.999915       658954     11702.86
      32.255     0.999927       658962     13653.33
      32.991     0.999939       658970     16384.00
      33.823     0.999945       658975     18204.44
      33.983     0.999951       658978     20480.00
      34.687     0.999957       658982     23405.71
      34.975     0.999963       658986     27306.67
      35.935     0.999969       658990     32768.00
      36.543     0.999973       658992     36408.89
      37.055     0.999976       658994     40960.00
      37.663     0.999979       658996     46811.43
      38.431     0.999982       658998     54613.33
      39.103     0.999985       659000     65536.00
      39.135     0.999986       659001     72817.78
      39.359     0.999988       659002     81920.00
      39.423     0.999989       659003     93622.86
      40.319     0.999991       659004    109226.67
      40.479     0.999992       659005    131072.00
      40.639     0.999993       659006    145635.56
      40.639     0.999994       659006    163840.00
      40.767     0.999995       659007    187245.71
      40.767     0.999995       659007    218453.33
      40.863     0.999996       659008    262144.00
      40.863     0.999997       659008    291271.11
      40.863     0.999997       659008    327680.00
      40.991     0.999997       659009    374491.43
      40.991     0.999998       659009    436906.67
      40.991     0.999998       659009    524288.00
      40.991     0.999998       659009    582542.22
      40.991     0.999998       659009    655360.00
      41.023     0.999999       659010    748982.86
      41.023     1.000000       659010          inf
#[Mean    =        2.487, StdDeviation   =        1.491]
#[Max     =       40.992, Total count    =       659010]
#[Buckets =           27, SubBuckets     =         2048]
----------------------------------------------------------
  718186 requests in 2.00m, 6.17GB read
Requests/sec:   5984.83
Transfer/sec:     52.61MB
