Running 2m test @ http://localhost:9000/api/v1/users
  4 threads and 128 connections
  Thread calibration: mean lat.: 1.459ms, rate sampling interval: 10ms
  Thread calibration: mean lat.: 1.442ms, rate sampling interval: 10ms
  Thread calibration: mean lat.: 1.462ms, rate sampling interval: 10ms
  Thread calibration: mean lat.: 1.452ms, rate sampling interval: 10ms
  Thread Stats   Avg      Stdev     Max   +/- Stdev
    Latency     1.49ms  731.60us  45.18ms   90.14%
    Req/Sec     1.05k    92.29     3.11k    86.90%
  Latency Distribution (HdrHistogram - Recorded Latency)
 50.000%    1.42ms
 75.000%    1.78ms
 90.000%    2.13ms
 99.000%    2.57ms
 99.900%   10.38ms
 99.990%   25.65ms
 99.999%   38.85ms
100.000%   45.22ms

  Detailed Percentile spectrum:
       Value   Percentile   TotalCount 1/(1-Percentile)

       0.585     0.000000            1         1.00
       0.902     0.100000        44234         1.11
       1.045     0.200000        88032         1.25
       1.173     0.300000       132064         1.43
       1.295     0.400000       175957         1.67
       1.419     0.500000       219813         2.00
       1.485     0.550000       241837         2.22
       1.553     0.600000       263921         2.50
       1.623     0.650000       285649         2.86
       1.697     0.700000       307610         3.33
       1.779     0.750000       329686         4.00
       1.823     0.775000       340574         4.44
       1.872     0.800000       351616         5.00
       1.926     0.825000       362538         5.71
       1.986     0.850000       373494         6.67
       2.055     0.875000       384651         8.00
       2.091     0.887500       389964         8.89
       2.131     0.900000       395549        10.00
       2.173     0.912500       401154        11.43
       2.217     0.925000       406415        13.33
       2.265     0.937500       412017        16.00
       2.291     0.943750       414792        17.78
       2.317     0.950000       417559        20.00
       2.345     0.956250       420310        22.86
       2.375     0.962500       423058        26.67
       2.407     0.968750       425766        32.00
       2.425     0.971875       427156        35.56
       2.443     0.975000       428487        40.00
       2.463     0.978125       429781        45.71
       2.487     0.981250       431204        53.33
       2.513     0.984375       432560        64.00
       2.527     0.985938       433261        71.11
       2.543     0.987500       433919        80.00
       2.561     0.989062       434584        91.43
       2.579     0.990625       435242       106.67
       2.603     0.992188       435960       128.00
       2.617     0.992969       436276       142.22
       2.635     0.993750       436656       160.00
       2.651     0.994531       436962       182.86
       2.675     0.995313       437327       213.33
       2.699     0.996094       437645       256.00
       2.717     0.996484       437831       284.44
       2.741     0.996875       437994       320.00
       2.773     0.997266       438168       365.71
       2.825     0.997656       438330       426.67
       2.939     0.998047       438503       512.00
       3.157     0.998242       438589       568.89
       3.995     0.998437       438673       640.00
       5.907     0.998633       438759       731.43
       8.279     0.998828       438845       853.33
      10.631     0.999023       438930      1024.00
      11.631     0.999121       438973      1137.78
      12.727     0.999219       439017      1280.00
      13.703     0.999316       439059      1462.86
      15.079     0.999414       439102      1706.67
      16.375     0.999512       439145      2048.00
      17.311     0.999561       439166      2275.56
      18.447     0.999609       439188      2560.00
      19.423     0.999658       439209      2925.71
      20.719     0.999707       439231      3413.33
      21.919     0.999756       439252      4096.00
      22.495     0.999780       439263      4551.11
      22.975     0.999805       439274      5120.00
      23.471     0.999829       439284      5851.43
      23.967     0.999854       439295      6826.67
      24.751     0.999878       439306      8192.00
      25.279     0.999890       439312      9102.22
      26.351     0.999902       439317     10240.00
      27.039     0.999915       439322     11702.86
      28.399     0.999927       439327     13653.33
      29.455     0.999939       439333     16384.00
      29.631     0.999945       439335     18204.44
      30.319     0.999951       439338     20480.00
      30.735     0.999957       439341     23405.71
      30.831     0.999963       439343     27306.67
      31.631     0.999969       439346     32768.00
      31.711     0.999973       439347     36408.89
      32.527     0.999976       439349     40960.00
      32.799     0.999979       439350     46811.43
      32.991     0.999982       439351     54613.33
      34.687     0.999985       439353     65536.00
      34.687     0.999986       439353     72817.78
      36.511     0.999988       439354     81920.00
      38.847     0.999989       439355     93622.86
      38.847     0.999991       439355    109226.67
      39.615     0.999992       439356    131072.00
      39.615     0.999993       439356    145635.56
      43.199     0.999994       439357    163840.00
      43.199     0.999995       439357    187245.71
      43.199     0.999995       439357    218453.33
      44.255     0.999996       439358    262144.00
      44.255     0.999997       439358    291271.11
      44.255     0.999997       439358    327680.00
      44.255     0.999997       439358    374491.43
      44.255     0.999998       439358    436906.67
      45.215     0.999998       439359    524288.00
      45.215     1.000000       439359          inf
#[Mean    =        1.488, StdDeviation   =        0.732]
#[Max     =       45.184, Total count    =       439359]
#[Buckets =           27, SubBuckets     =         2048]
----------------------------------------------------------
  479751 requests in 2.00m, 4.11GB read
Requests/sec:   3997.88
Transfer/sec:     35.08MB
