Running 2m test @ http://localhost:9006/api/v1/user?id=1
  4 threads and 128 connections
  Thread calibration: mean lat.: 1.811ms, rate sampling interval: 10ms
  Thread calibration: mean lat.: 1.845ms, rate sampling interval: 10ms
  Thread calibration: mean lat.: 1.817ms, rate sampling interval: 10ms
  Thread calibration: mean lat.: 1.762ms, rate sampling interval: 10ms
  Thread Stats   Avg      Stdev     Max   +/- Stdev
    Latency     1.44ms  658.24us  11.70ms   68.98%
    Req/Sec    10.54k   702.73    13.89k    72.31%
  Latency Distribution (HdrHistogram - Recorded Latency)
 50.000%    1.35ms
 75.000%    1.83ms
 90.000%    2.33ms
 99.000%    3.26ms
 99.900%    4.22ms
 99.990%    5.81ms
 99.999%    7.86ms
100.000%   11.71ms

  Detailed Percentile spectrum:
       Value   Percentile   TotalCount 1/(1-Percentile)

       0.092     0.000000            1         1.00
       0.663     0.100000       440752         1.11
       0.865     0.200000       881164         1.25
       1.031     0.300000      1318463         1.43
       1.191     0.400000      1758960         1.67
       1.352     0.500000      2198612         2.00
       1.436     0.550000      2416880         2.22
       1.524     0.600000      2638575         2.50
       1.617     0.650000      2857703         2.86
       1.716     0.700000      3076490         3.33
       1.828     0.750000      3295268         4.00
       1.891     0.775000      3406150         4.44
       1.959     0.800000      3515445         5.00
       2.036     0.825000      3625335         5.71
       2.121     0.850000      3736081         6.67
       2.219     0.875000      3845855         8.00
       2.273     0.887500      3899637         8.89
       2.333     0.900000      3955944        10.00
       2.397     0.912500      4009628        11.43
       2.471     0.925000      4064952        13.33
       2.553     0.937500      4119339        16.00
       2.601     0.943750      4147374        17.78
       2.653     0.950000      4174899        20.00
       2.707     0.956250      4201790        22.86
       2.769     0.962500      4229355        26.67
       2.843     0.968750      4256873        32.00
       2.885     0.971875      4270568        35.56
       2.929     0.975000      4284149        40.00
       2.979     0.978125      4297905        45.71
       3.035     0.981250      4311473        53.33
       3.097     0.984375      4325154        64.00
       3.135     0.985938      4332114        71.11
       3.175     0.987500      4338791        80.00
       3.223     0.989062      4345701        91.43
       3.277     0.990625      4352421       106.67
       3.345     0.992188      4359409       128.00
       3.385     0.992969      4362776       142.22
       3.429     0.993750      4366144       160.00
       3.481     0.994531      4369581       182.86
       3.541     0.995313      4373038       213.33
       3.613     0.996094      4376518       256.00
       3.653     0.996484      4378224       284.44
       3.697     0.996875      4379879       320.00
       3.751     0.997266      4381633       365.71
       3.813     0.997656      4383320       426.67
       3.889     0.998047      4385020       512.00
       3.935     0.998242      4385892       568.89
       3.989     0.998437      4386733       640.00
       4.053     0.998633      4387602       731.43
       4.131     0.998828      4388465       853.33
       4.235     0.999023      4389316      1024.00
       4.295     0.999121      4389762      1137.78
       4.359     0.999219      4390180      1280.00
       4.439     0.999316      4390611      1462.86
       4.535     0.999414      4391034      1706.67
       4.659     0.999512      4391455      2048.00
       4.731     0.999561      4391671      2275.56
       4.803     0.999609      4391879      2560.00
       4.907     0.999658      4392099      2925.71
       5.011     0.999707      4392311      3413.33
       5.127     0.999756      4392523      4096.00
       5.203     0.999780      4392633      4551.11
       5.287     0.999805      4392738      5120.00
       5.391     0.999829      4392845      5851.43
       5.507     0.999854      4392954      6826.67
       5.647     0.999878      4393059      8192.00
       5.739     0.999890      4393113      9102.22
       5.831     0.999902      4393169     10240.00
       5.935     0.999915      4393221     11702.86
       6.035     0.999927      4393275     13653.33
       6.175     0.999939      4393327     16384.00
       6.267     0.999945      4393355     18204.44
       6.367     0.999951      4393381     20480.00
       6.487     0.999957      4393410     23405.71
       6.591     0.999963      4393435     27306.67
       6.715     0.999969      4393461     32768.00
       6.811     0.999973      4393475     36408.89
       6.963     0.999976      4393488     40960.00
       7.107     0.999979      4393502     46811.43
       7.315     0.999982      4393517     54613.33
       7.451     0.999985      4393528     65536.00
       7.491     0.999986      4393535     72817.78
       7.619     0.999988      4393543     81920.00
       7.779     0.999989      4393549     93622.86
       7.903     0.999991      4393555    109226.67
       8.031     0.999992      4393562    131072.00
       8.215     0.999993      4393565    145635.56
       8.327     0.999994      4393569    163840.00
       8.391     0.999995      4393572    187245.71
       8.687     0.999995      4393575    218453.33
       9.343     0.999996      4393579    262144.00
       9.463     0.999997      4393580    291271.11
       9.751     0.999997      4393582    327680.00
       9.951     0.999997      4393584    374491.43
      10.071     0.999998      4393586    436906.67
      10.255     0.999998      4393587    524288.00
      10.527     0.999998      4393588    582542.22
      10.615     0.999998      4393589    655360.00
      10.623     0.999999      4393590    748982.86
      10.623     0.999999      4393590    873813.33
      10.631     0.999999      4393591   1048576.00
      10.735     0.999999      4393592   1165084.44
      10.735     0.999999      4393592   1310720.00
      10.919     0.999999      4393593   1497965.71
      10.919     0.999999      4393593   1747626.67
      10.919     1.000000      4393593   2097152.00
      11.063     1.000000      4393594   2330168.89
      11.063     1.000000      4393594   2621440.00
      11.063     1.000000      4393594   2995931.43
      11.063     1.000000      4393594   3495253.33
      11.063     1.000000      4393594   4194304.00
      11.711     1.000000      4393595   4660337.78
      11.711     1.000000      4393595          inf
#[Mean    =        1.438, StdDeviation   =        0.658]
#[Max     =       11.704, Total count    =      4393595]
#[Buckets =           27, SubBuckets     =         2048]
----------------------------------------------------------
  4796893 requests in 2.00m, 571.83MB read
Requests/sec:  39973.85
Transfer/sec:      4.77MB
