Running 2m test @ http://localhost:9002/api/v1/user?id=1
  4 threads and 128 connections
  Thread calibration: mean lat.: 1.447ms, rate sampling interval: 10ms
  Thread calibration: mean lat.: 1.441ms, rate sampling interval: 10ms
  Thread calibration: mean lat.: 1.430ms, rate sampling interval: 10ms
  Thread calibration: mean lat.: 1.435ms, rate sampling interval: 10ms
  Thread Stats   Avg      Stdev     Max   +/- Stdev
    Latency     1.39ms    0.88ms  32.11ms   88.94%
    Req/Sec     6.31k   621.47    14.78k    90.72%
  Latency Distribution (HdrHistogram - Recorded Latency)
 50.000%    1.28ms
 75.000%    1.75ms
 90.000%    2.15ms
 99.000%    3.03ms
 99.900%   10.81ms
 99.990%   23.57ms
 99.999%   29.49ms
100.000%   32.13ms

  Detailed Percentile spectrum:
       Value   Percentile   TotalCount 1/(1-Percentile)

       0.136     0.000000            1         1.00
       0.651     0.100000       264554         1.11
       0.827     0.200000       528606         1.25
       0.978     0.300000       792257         1.43
       1.124     0.400000      1055801         1.67
       1.278     0.500000      1319537         2.00
       1.361     0.550000      1450269         2.22
       1.450     0.600000      1583066         2.50
       1.543     0.650000      1714776         2.86
       1.641     0.700000      1845702         3.33
       1.748     0.750000      1977433         4.00
       1.806     0.775000      2044157         4.44
       1.865     0.800000      2109337         5.00
       1.929     0.825000      2175432         5.71
       1.995     0.850000      2241328         6.67
       2.067     0.875000      2307376         8.00
       2.105     0.887500      2340189         8.89
       2.147     0.900000      2373388        10.00
       2.193     0.912500      2406854        11.43
       2.243     0.925000      2439558        13.33
       2.299     0.937500      2471954        16.00
       2.331     0.943750      2488444        17.78
       2.367     0.950000      2505148        20.00
       2.405     0.956250      2521064        22.86
       2.451     0.962500      2537877        26.67
       2.505     0.968750      2554185        32.00
       2.537     0.971875      2562389        35.56
       2.573     0.975000      2570289        40.00
       2.617     0.978125      2578771        45.71
       2.669     0.981250      2586809        53.33
       2.739     0.984375      2595040        64.00
       2.785     0.985938      2599099        71.11
       2.845     0.987500      2603198        80.00
       2.935     0.989062      2607307        91.43
       3.155     0.990625      2611425       106.67
       4.291     0.992188      2615540       128.00
       4.995     0.992969      2617601       142.22
       5.691     0.993750      2619661       160.00
       6.427     0.994531      2621720       182.86
       7.135     0.995313      2623777       213.33
       7.759     0.996094      2625839       256.00
       8.063     0.996484      2626871       284.44
       8.391     0.996875      2627911       320.00
       8.719     0.997266      2628927       365.71
       9.079     0.997656      2629953       426.67
       9.519     0.998047      2630994       512.00
       9.735     0.998242      2631503       568.89
       9.975     0.998437      2632022       640.00
      10.231     0.998633      2632527       731.43
      10.543     0.998828      2633049       853.33
      10.863     0.999023      2633560      1024.00
      11.055     0.999121      2633819      1137.78
      11.239     0.999219      2634077      1280.00
      11.447     0.999316      2634335      1462.86
      11.679     0.999414      2634586      1706.67
      11.999     0.999512      2634850      2048.00
      12.183     0.999561      2634972      2275.56
      12.431     0.999609      2635104      2560.00
      12.791     0.999658      2635229      2925.71
      13.503     0.999707      2635358      3413.33
      15.231     0.999756      2635488      4096.00
      16.671     0.999780      2635552      4551.11
      18.239     0.999805      2635617      5120.00
      19.519     0.999829      2635680      5851.43
      20.975     0.999854      2635746      6826.67
      22.447     0.999878      2635809      8192.00
      23.087     0.999890      2635843      9102.22
      23.759     0.999902      2635874     10240.00
      24.415     0.999915      2635905     11702.86
      25.247     0.999927      2635937     13653.33
      26.047     0.999939      2635972     16384.00
      26.415     0.999945      2635986     18204.44
      26.639     0.999951      2636002     20480.00
      26.943     0.999957      2636018     23405.71
      27.311     0.999963      2636034     27306.67
      27.695     0.999969      2636050     32768.00
      27.855     0.999973      2636058     36408.89
      28.319     0.999976      2636067     40960.00
      28.623     0.999979      2636075     46811.43
      28.767     0.999982      2636082     54613.33
      29.007     0.999985      2636090     65536.00
      29.295     0.999986      2636095     72817.78
      29.343     0.999988      2636098     81920.00
      29.487     0.999989      2636104     93622.86
      29.535     0.999991      2636106    109226.67
      29.663     0.999992      2636110    131072.00
      29.759     0.999993      2636112    145635.56
      29.871     0.999994      2636114    163840.00
      29.887     0.999995      2636116    187245.71
      30.255     0.999995      2636118    218453.33
      30.559     0.999996      2636120    262144.00
      30.575     0.999997      2636121    291271.11
      30.911     0.999997      2636122    327680.00
      30.943     0.999997      2636123    374491.43
      30.991     0.999998      2636124    436906.67
      31.359     0.999998      2636125    524288.00
      31.599     0.999998      2636126    582542.22
      31.599     0.999998      2636126    655360.00
      31.871     0.999999      2636127    748982.86
      31.871     0.999999      2636127    873813.33
      31.999     0.999999      2636128   1048576.00
      31.999     0.999999      2636128   1165084.44
      31.999     0.999999      2636128   1310720.00
      32.095     0.999999      2636129   1497965.71
      32.095     0.999999      2636129   1747626.67
      32.095     1.000000      2636129   2097152.00
      32.095     1.000000      2636129   2330168.89
      32.095     1.000000      2636129   2621440.00
      32.127     1.000000      2636130   2995931.43
      32.127     1.000000      2636130          inf
#[Mean    =        1.393, StdDeviation   =        0.880]
#[Max     =       32.112, Total count    =      2636130]
#[Buckets =           27, SubBuckets     =         2048]
----------------------------------------------------------
  2878146 requests in 2.00m, 315.65MB read
Requests/sec:  23984.54
Transfer/sec:      2.63MB
