Running 5m test @ https://localhost:8080/api/v1/user?id=1
  4 threads and 32 connections
  Thread calibration: mean lat.: 0.848ms, rate sampling interval: 10ms
  Thread calibration: mean lat.: 0.840ms, rate sampling interval: 10ms
  Thread calibration: mean lat.: 0.858ms, rate sampling interval: 10ms
  Thread calibration: mean lat.: 0.830ms, rate sampling interval: 10ms
  Thread Stats   Avg      Stdev     Max   +/- Stdev
    Latency   764.55us  375.27us  18.96ms   69.10%
    Req/Sec   265.94     78.87   700.00     87.40%
  Latency Distribution (HdrHistogram - Recorded Latency)
 50.000%  753.00us
 75.000%    1.01ms
 90.000%    1.17ms
 99.000%    1.77ms
 99.900%    1.98ms
 99.990%    4.32ms
 99.999%   15.38ms
100.000%   18.98ms

  Detailed Percentile spectrum:
       Value   Percentile   TotalCount 1/(1-Percentile)

       0.125     0.000000            2         1.00
       0.296     0.100000        29281         1.11
       0.413     0.200000        58076         1.25
       0.529     0.300000        87132         1.43
       0.639     0.400000       116202         1.67
       0.753     0.500000       145023         2.00
       0.810     0.550000       159605         2.22
       0.865     0.600000       174161         2.50
       0.916     0.650000       188633         2.86
       0.964     0.700000       202988         3.33
       1.013     0.750000       217522         4.00
       1.037     0.775000       224785         4.44
       1.064     0.800000       232234         5.00
       1.089     0.825000       239307         5.71
       1.116     0.850000       246517         6.67
       1.144     0.875000       253968         8.00
       1.158     0.887500       257342         8.89
       1.173     0.900000       261255        10.00
       1.186     0.912500       264701        11.43
       1.203     0.925000       268257        13.33
       1.256     0.937500       271877        16.00
       1.303     0.943750       273659        17.78
       1.381     0.950000       275486        20.00
       1.456     0.956250       277288        22.86
       1.523     0.962500       279093        26.67
       1.592     0.968750       280902        32.00
       1.621     0.971875       281831        35.56
       1.646     0.975000       282736        40.00
       1.670     0.978125       283617        45.71
       1.694     0.981250       284543        53.33
       1.718     0.984375       285459        64.00
       1.731     0.985938       285916        71.11
       1.744     0.987500       286353        80.00
       1.757     0.989062       286794        91.43
       1.774     0.990625       287275       106.67
       1.791     0.992188       287703       128.00
       1.800     0.992969       287928       142.22
       1.809     0.993750       288168       160.00
       1.820     0.994531       288389       182.86
       1.833     0.995313       288611       213.33
       1.847     0.996094       288838       256.00
       1.856     0.996484       288944       284.44
       1.865     0.996875       289061       320.00
       1.878     0.997266       289170       365.71
       1.892     0.997656       289286       426.67
       1.909     0.998047       289398       512.00
       1.917     0.998242       289452       568.89
       1.933     0.998437       289506       640.00
       1.948     0.998633       289566       731.43
       1.965     0.998828       289623       853.33
       1.986     0.999023       289678      1024.00
       1.997     0.999121       289706      1137.78
       2.012     0.999219       289735      1280.00
       2.030     0.999316       289762      1462.86
       2.067     0.999414       289791      1706.67
       2.095     0.999512       289820      2048.00
       2.103     0.999561       289834      2275.56
       2.121     0.999609       289848      2560.00
       2.145     0.999658       289860      2925.71
       2.169     0.999707       289875      3413.33
       2.191     0.999756       289889      4096.00
       2.209     0.999780       289896      4551.11
       2.231     0.999805       289904      5120.00
       2.251     0.999829       289910      5851.43
       2.311     0.999854       289917      6826.67
       2.565     0.999878       289924      8192.00
       3.619     0.999890       289928      9102.22
       6.463     0.999902       289931     10240.00
       7.743     0.999915       289935     11702.86
       8.567     0.999927       289938     13653.33
       9.615     0.999939       289942     16384.00
      10.391     0.999945       289944     18204.44
      10.575     0.999951       289945     20480.00
      11.423     0.999957       289947     23405.71
      12.367     0.999963       289949     27306.67
      12.527     0.999969       289951     32768.00
      12.575     0.999973       289952     36408.89
      12.575     0.999976       289952     40960.00
      12.791     0.999979       289953     46811.43
      12.951     0.999982       289954     54613.33
      14.391     0.999985       289955     65536.00
      15.375     0.999986       289956     72817.78
      15.375     0.999988       289956     81920.00
      15.375     0.999989       289956     93622.86
      15.463     0.999991       289957    109226.67
      15.463     0.999992       289957    131072.00
      16.343     0.999993       289958    145635.56
      16.343     0.999994       289958    163840.00
      16.343     0.999995       289958    187245.71
      16.343     0.999995       289958    218453.33
      16.343     0.999996       289958    262144.00
      18.975     0.999997       289959    291271.11
      18.975     1.000000       289959          inf
#[Mean    =        0.765, StdDeviation   =        0.375]
#[Max     =       18.960, Total count    =       289959]
#[Buckets =           27, SubBuckets     =         2048]
----------------------------------------------------------
  299999 requests in 5.00m, 32.90MB read
Requests/sec:    999.99
Transfer/sec:    112.30KB
