Running 5m test @ http://localhost:8080/api/v1/users
  4 threads and 128 connections
  Thread calibration: mean lat.: 1.544ms, rate sampling interval: 10ms
  Thread calibration: mean lat.: 1.549ms, rate sampling interval: 10ms
  Thread calibration: mean lat.: 1.551ms, rate sampling interval: 10ms
  Thread calibration: mean lat.: 1.543ms, rate sampling interval: 10ms
  Thread Stats   Avg      Stdev     Max   +/- Stdev
    Latency     1.56ms  681.86us  54.88ms   78.19%
    Req/Sec     2.64k   199.44     4.60k    70.56%
  Latency Distribution (HdrHistogram - Recorded Latency)
 50.000%    1.47ms
 75.000%    1.92ms
 90.000%    2.32ms
 99.000%    2.94ms
 99.900%    6.60ms
 99.990%   21.06ms
 99.999%   35.49ms
100.000%   54.91ms

  Detailed Percentile spectrum:
       Value   Percentile   TotalCount 1/(1-Percentile)

       0.458     0.000000            1         1.00
       0.890     0.100000       291319         1.11
       1.054     0.200000       580805         1.25
       1.195     0.300000       871409         1.43
       1.330     0.400000      1160997         1.67
       1.471     0.500000      1451102         2.00
       1.546     0.550000      1595314         2.22
       1.626     0.600000      1739351         2.50
       1.713     0.650000      1884118         2.86
       1.810     0.700000      2029921         3.33
       1.918     0.750000      2174823         4.00
       1.976     0.775000      2246608         4.44
       2.038     0.800000      2319433         5.00
       2.103     0.825000      2391659         5.71
       2.171     0.850000      2463915         6.67
       2.245     0.875000      2537763         8.00
       2.283     0.887500      2574071         8.89
       2.321     0.900000      2608811        10.00
       2.363     0.912500      2644923        11.43
       2.409     0.925000      2681234        13.33
       2.461     0.937500      2717727        16.00
       2.491     0.943750      2736365        17.78
       2.521     0.950000      2753543        20.00
       2.557     0.956250      2772026        22.86
       2.599     0.962500      2790534        26.67
       2.645     0.968750      2807910        32.00
       2.673     0.971875      2817291        35.56
       2.703     0.975000      2826343        40.00
       2.737     0.978125      2835235        45.71
       2.777     0.981250      2844347        53.33
       2.823     0.984375      2853254        64.00
       2.851     0.985938      2857830        71.11
       2.881     0.987500      2862205        80.00
       2.917     0.989062      2866794        91.43
       2.959     0.990625      2871388       106.67
       3.009     0.992188      2875881       128.00
       3.041     0.992969      2878131       142.22
       3.075     0.993750      2880330       160.00
       3.117     0.994531      2882612       182.86
       3.167     0.995313      2884867       213.33
       3.233     0.996094      2887116       256.00
       3.275     0.996484      2888249       284.44
       3.325     0.996875      2889373       320.00
       3.391     0.997266      2890482       365.71
       3.493     0.997656      2891612       426.67
       3.675     0.998047      2892747       512.00
       3.857     0.998242      2893315       568.89
       4.263     0.998437      2893875       640.00
       4.971     0.998633      2894439       731.43
       5.775     0.998828      2895005       853.33
       6.711     0.999023      2895571      1024.00
       7.311     0.999121      2895857      1137.78
       8.007     0.999219      2896139      1280.00
       8.823     0.999316      2896427      1462.86
       9.647     0.999414      2896703      1706.67
      10.599     0.999512      2896986      2048.00
      11.167     0.999561      2897130      2275.56
      11.887     0.999609      2897269      2560.00
      12.807     0.999658      2897412      2925.71
      13.775     0.999707      2897552      3413.33
      15.079     0.999756      2897694      4096.00
      15.935     0.999780      2897765      4551.11
      17.103     0.999805      2897835      5120.00
      18.367     0.999829      2897906      5851.43
      19.183     0.999854      2897977      6826.67
      19.967     0.999878      2898048      8192.00
      20.399     0.999890      2898083      9102.22
      21.327     0.999902      2898118     10240.00
      22.431     0.999915      2898154     11702.86
      23.439     0.999927      2898189     13653.33
      24.255     0.999939      2898225     16384.00
      25.167     0.999945      2898242     18204.44
      26.223     0.999951      2898260     20480.00
      27.199     0.999957      2898278     23405.71
      28.271     0.999963      2898295     27306.67
      28.991     0.999969      2898314     32768.00
      29.903     0.999973      2898322     36408.89
      30.431     0.999976      2898332     40960.00
      30.735     0.999979      2898340     46811.43
      32.015     0.999982      2898348     54613.33
      33.791     0.999985      2898357     65536.00
      34.207     0.999986      2898362     72817.78
      34.879     0.999988      2898366     81920.00
      35.487     0.999989      2898372     93622.86
      36.319     0.999991      2898375    109226.67
      36.927     0.999992      2898379    131072.00
      37.983     0.999993      2898382    145635.56
      38.463     0.999994      2898384    163840.00
      38.495     0.999995      2898386    187245.71
      38.687     0.999995      2898388    218453.33
      39.775     0.999996      2898390    262144.00
      40.511     0.999997      2898392    291271.11
      41.311     0.999997      2898393    327680.00
      41.855     0.999997      2898394    374491.43
      42.591     0.999998      2898395    436906.67
      42.943     0.999998      2898396    524288.00
      43.231     0.999998      2898397    582542.22
      43.231     0.999998      2898397    655360.00
      45.279     0.999999      2898398    748982.86
      45.279     0.999999      2898398    873813.33
      46.047     0.999999      2898399   1048576.00
      46.047     0.999999      2898399   1165084.44
      46.047     0.999999      2898399   1310720.00
      46.783     0.999999      2898400   1497965.71
      46.783     0.999999      2898400   1747626.67
      46.783     1.000000      2898400   2097152.00
      46.783     1.000000      2898400   2330168.89
      46.783     1.000000      2898400   2621440.00
      54.911     1.000000      2898401   2995931.43
      54.911     1.000000      2898401          inf
#[Mean    =        1.559, StdDeviation   =        0.682]
#[Max     =       54.880, Total count    =      2898401]
#[Buckets =           27, SubBuckets     =         2048]
----------------------------------------------------------
  2999276 requests in 5.00m, 25.70GB read
Requests/sec:   9997.55
Transfer/sec:     87.74MB
