Running 2m test @ http://localhost:9000/api/v1/users
  4 threads and 128 connections
  Thread calibration: mean lat.: 1.808ms, rate sampling interval: 10ms
  Thread calibration: mean lat.: 1.827ms, rate sampling interval: 10ms
  Thread calibration: mean lat.: 1.830ms, rate sampling interval: 10ms
  Thread calibration: mean lat.: 1.812ms, rate sampling interval: 10ms
  Thread Stats   Avg      Stdev     Max   +/- Stdev
    Latency     1.73ms    1.01ms  42.75ms   96.32%
    Req/Sec     1.58k   164.80     4.78k    69.88%
  Latency Distribution (HdrHistogram - Recorded Latency)
 50.000%    1.63ms
 75.000%    2.02ms
 90.000%    2.43ms
 99.000%    3.06ms
 99.900%   17.63ms
 99.990%   35.04ms
 99.999%   40.06ms
100.000%   42.78ms

  Detailed Percentile spectrum:
       Value   Percentile   TotalCount 1/(1-Percentile)

       0.676     0.000000            1         1.00
       1.064     0.100000        65925         1.11
       1.222     0.200000       131827         1.25
       1.358     0.300000       197789         1.43
       1.495     0.400000       263870         1.67
       1.626     0.500000       329965         2.00
       1.693     0.550000       362698         2.22
       1.766     0.600000       395714         2.50
       1.844     0.650000       428767         2.86
       1.926     0.700000       461628         3.33
       2.018     0.750000       494424         4.00
       2.071     0.775000       510981         4.44
       2.131     0.800000       527767         5.00
       2.195     0.825000       544025         5.71
       2.265     0.850000       560250         6.67
       2.345     0.875000       576852         8.00
       2.389     0.887500       585217         8.89
       2.435     0.900000       593279        10.00
       2.485     0.912500       601636        11.43
       2.537     0.925000       609765        13.33
       2.595     0.937500       618067        16.00
       2.625     0.943750       622086        17.78
       2.657     0.950000       626163        20.00
       2.693     0.956250       630264        22.86
       2.733     0.962500       634337        26.67
       2.779     0.968750       638497        32.00
       2.805     0.971875       640523        35.56
       2.833     0.975000       642570        40.00
       2.865     0.978125       644702        45.71
       2.899     0.981250       646705        53.33
       2.941     0.984375       648742        64.00
       2.967     0.985938       649810        71.11
       2.995     0.987500       650830        80.00
       3.031     0.989062       651852        91.43
       3.081     0.990625       652877       106.67
       3.147     0.992188       653919       128.00
       3.185     0.992969       654414       142.22
       3.231     0.993750       654926       160.00
       3.287     0.994531       655433       182.86
       3.367     0.995313       655952       213.33
       3.489     0.996094       656465       256.00
       3.597     0.996484       656720       284.44
       3.755     0.996875       656977       320.00
       4.099     0.997266       657234       365.71
       5.939     0.997656       657491       426.67
       8.807     0.998047       657748       512.00
      10.375     0.998242       657877       568.89
      12.047     0.998437       658006       640.00
      13.815     0.998633       658134       731.43
      15.455     0.998828       658263       853.33
      17.871     0.999023       658392      1024.00
      18.927     0.999121       658456      1137.78
      20.495     0.999219       658521      1280.00
      21.759     0.999316       658585      1462.86
      23.471     0.999414       658650      1706.67
      24.943     0.999512       658715      2048.00
      25.567     0.999561       658746      2275.56
      26.463     0.999609       658779      2560.00
      27.503     0.999658       658810      2925.71
      28.655     0.999707       658842      3413.33
      29.775     0.999756       658875      4096.00
      30.799     0.999780       658891      4551.11
      31.583     0.999805       658909      5120.00
      32.479     0.999829       658923      5851.43
      33.311     0.999854       658939      6826.67
      34.335     0.999878       658957      8192.00
      34.623     0.999890       658963      9102.22
      35.263     0.999902       658972     10240.00
      35.519     0.999915       658979     11702.86
      36.095     0.999927       658987     13653.33
      36.767     0.999939       658995     16384.00
      36.895     0.999945       658999     18204.44
      37.087     0.999951       659003     20480.00
      37.663     0.999957       659008     23405.71
      37.823     0.999963       659011     27306.67
      38.239     0.999969       659016     32768.00
      38.303     0.999973       659017     36408.89
      38.751     0.999976       659019     40960.00
      38.975     0.999979       659021     46811.43
      39.295     0.999982       659024     54613.33
      39.455     0.999985       659025     65536.00
      39.807     0.999986       659026     72817.78
      39.999     0.999988       659027     81920.00
      40.063     0.999989       659028     93622.86
      40.319     0.999991       659029    109226.67
      40.639     0.999992       659030    131072.00
      40.831     0.999993       659031    145635.56
      40.831     0.999994       659031    163840.00
      41.343     0.999995       659032    187245.71
      41.343     0.999995       659032    218453.33
      41.791     0.999996       659033    262144.00
      41.791     0.999997       659033    291271.11
      41.791     0.999997       659033    327680.00
      41.887     0.999997       659034    374491.43
      41.887     0.999998       659034    436906.67
      41.887     0.999998       659034    524288.00
      41.887     0.999998       659034    582542.22
      41.887     0.999998       659034    655360.00
      42.783     0.999999       659035    748982.86
      42.783     1.000000       659035          inf
#[Mean    =        1.727, StdDeviation   =        1.010]
#[Max     =       42.752, Total count    =       659035]
#[Buckets =           27, SubBuckets     =         2048]
----------------------------------------------------------
  719588 requests in 2.00m, 6.17GB read
Requests/sec:   5996.50
Transfer/sec:     52.62MB
