Running 2m test @ http://localhost:9003/api/v1/user?id=1
  4 threads and 128 connections
  Thread calibration: mean lat.: 1.221ms, rate sampling interval: 10ms
  Thread calibration: mean lat.: 1.224ms, rate sampling interval: 10ms
  Thread calibration: mean lat.: 1.228ms, rate sampling interval: 10ms
  Thread calibration: mean lat.: 1.235ms, rate sampling interval: 10ms
  Thread Stats   Avg      Stdev     Max   +/- Stdev
    Latency     1.22ms  680.04us  15.02ms   79.00%
    Req/Sec     6.57k   552.18    13.50k    84.79%
  Latency Distribution (HdrHistogram - Recorded Latency)
 50.000%    1.15ms
 75.000%    1.57ms
 90.000%    1.91ms
 99.000%    2.65ms
 99.900%    8.55ms
 99.990%   10.84ms
 99.999%   13.06ms
100.000%   15.02ms

  Detailed Percentile spectrum:
       Value   Percentile   TotalCount 1/(1-Percentile)

       0.111     0.000000            1         1.00
       0.529     0.100000       275574         1.11
       0.700     0.200000       550366         1.25
       0.852     0.300000       823875         1.43
       1.002     0.400000      1099365         1.67
       1.154     0.500000      1373463         2.00
       1.232     0.550000      1510849         2.22
       1.312     0.600000      1647702         2.50
       1.395     0.650000      1786262         2.86
       1.480     0.700000      1923326         3.33
       1.569     0.750000      2060637         4.00
       1.616     0.775000      2129404         4.44
       1.665     0.800000      2197209         5.00
       1.718     0.825000      2265458         5.71
       1.777     0.850000      2335242         6.67
       1.841     0.875000      2403220         8.00
       1.876     0.887500      2437319         8.89
       1.915     0.900000      2471873        10.00
       1.957     0.912500      2506095        11.43
       2.004     0.925000      2540326        13.33
       2.057     0.937500      2574604        16.00
       2.087     0.943750      2591755        17.78
       2.121     0.950000      2609138        20.00
       2.157     0.956250      2625877        22.86
       2.201     0.962500      2643288        26.67
       2.251     0.968750      2660362        32.00
       2.279     0.971875      2668803        35.56
       2.311     0.975000      2677424        40.00
       2.351     0.978125      2686238        45.71
       2.397     0.981250      2694597        53.33
       2.455     0.984375      2703134        64.00
       2.493     0.985938      2707518        71.11
       2.537     0.987500      2711680        80.00
       2.599     0.989062      2716040        91.43
       2.689     0.990625      2720267       106.67
       2.895     0.992188      2724534       128.00
       3.241     0.992969      2726685       142.22
       3.731     0.993750      2728829       160.00
       4.215     0.994531      2730971       182.86
       4.723     0.995313      2733123       213.33
       5.331     0.996094      2735266       256.00
       5.667     0.996484      2736340       284.44
       6.055     0.996875      2737407       320.00
       6.459     0.997266      2738489       365.71
       6.851     0.997656      2739558       426.67
       7.303     0.998047      2740640       512.00
       7.523     0.998242      2741171       568.89
       7.751     0.998437      2741703       640.00
       7.983     0.998633      2742233       731.43
       8.279     0.998828      2742778       853.33
       8.591     0.999023      2743310      1024.00
       8.751     0.999121      2743580      1137.78
       8.919     0.999219      2743843      1280.00
       9.087     0.999316      2744121      1462.86
       9.247     0.999414      2744380      1706.67
       9.455     0.999512      2744654      2048.00
       9.567     0.999561      2744782      2275.56
       9.687     0.999609      2744920      2560.00
       9.815     0.999658      2745056      2925.71
       9.967     0.999707      2745184      3413.33
      10.135     0.999756      2745321      4096.00
      10.223     0.999780      2745387      4551.11
      10.319     0.999805      2745452      5120.00
      10.431     0.999829      2745518      5851.43
      10.551     0.999854      2745585      6826.67
      10.687     0.999878      2745652      8192.00
      10.767     0.999890      2745688      9102.22
      10.855     0.999902      2745719     10240.00
      10.935     0.999915      2745754     11702.86
      11.047     0.999927      2745787     13653.33
      11.175     0.999939      2745822     16384.00
      11.247     0.999945      2745837     18204.44
      11.335     0.999951      2745853     20480.00
      11.407     0.999957      2745870     23405.71
      11.551     0.999963      2745887     27306.67
      11.711     0.999969      2745904     32768.00
      11.847     0.999973      2745912     36408.89
      11.895     0.999976      2745920     40960.00
      11.983     0.999979      2745929     46811.43
      12.127     0.999982      2745937     54613.33
      12.335     0.999985      2745946     65536.00
      12.479     0.999986      2745950     72817.78
      12.751     0.999988      2745954     81920.00
      12.935     0.999989      2745958     93622.86
      13.119     0.999991      2745962    109226.67
      13.351     0.999992      2745967    131072.00
      13.439     0.999993      2745969    145635.56
      13.711     0.999994      2745971    163840.00
      14.007     0.999995      2745973    187245.71
      14.255     0.999995      2745975    218453.33
      14.287     0.999996      2745977    262144.00
      14.311     0.999997      2745978    291271.11
      14.327     0.999997      2745979    327680.00
      14.439     0.999997      2745980    374491.43
      14.447     0.999998      2745981    436906.67
      14.503     0.999998      2745982    524288.00
      14.535     0.999998      2745983    582542.22
      14.535     0.999998      2745983    655360.00
      14.559     0.999999      2745984    748982.86
      14.559     0.999999      2745984    873813.33
      14.639     0.999999      2745985   1048576.00
      14.639     0.999999      2745985   1165084.44
      14.639     0.999999      2745985   1310720.00
      14.839     0.999999      2745986   1497965.71
      14.839     0.999999      2745986   1747626.67
      14.839     1.000000      2745986   2097152.00
      14.839     1.000000      2745986   2330168.89
      14.839     1.000000      2745986   2621440.00
      15.023     1.000000      2745987   2995931.43
      15.023     1.000000      2745987          inf
#[Mean    =        1.221, StdDeviation   =        0.680]
#[Max     =       15.016, Total count    =      2745987]
#[Buckets =           27, SubBuckets     =         2048]
----------------------------------------------------------
  2998088 requests in 2.00m, 328.81MB read
Requests/sec:  24983.85
Transfer/sec:      2.74MB
