Running 2m test @ http://localhost:9001/api/v1/user?id=1
  4 threads and 128 connections
  Thread calibration: mean lat.: 2.424ms, rate sampling interval: 10ms
  Thread calibration: mean lat.: 2.401ms, rate sampling interval: 10ms
  Thread calibration: mean lat.: 2.464ms, rate sampling interval: 10ms
  Thread calibration: mean lat.: 2.488ms, rate sampling interval: 10ms
  Thread Stats   Avg      Stdev     Max   +/- Stdev
    Latency     1.62ms  848.81us  27.71ms   83.55%
    Req/Sec     6.32k   504.05    10.11k    70.98%
  Latency Distribution (HdrHistogram - Recorded Latency)
 50.000%    1.51ms
 75.000%    1.96ms
 90.000%    2.44ms
 99.000%    4.03ms
 99.900%   11.16ms
 99.990%   18.05ms
 99.999%   23.49ms
100.000%   27.73ms

  Detailed Percentile spectrum:
       Value   Percentile   TotalCount 1/(1-Percentile)

       0.214     0.000000            1         1.00
       0.847     0.100000       264578         1.11
       1.044     0.200000       527669         1.25
       1.205     0.300000       792050         1.43
       1.355     0.400000      1055551         1.67
       1.506     0.500000      1318872         2.00
       1.585     0.550000      1450997         2.22
       1.667     0.600000      1581719         2.50
       1.757     0.650000      1714866         2.86
       1.853     0.700000      1845693         3.33
       1.963     0.750000      1978279         4.00
       2.023     0.775000      2043857         4.44
       2.089     0.800000      2110630         5.00
       2.159     0.825000      2174875         5.71
       2.239     0.850000      2241370         6.67
       2.331     0.875000      2307894         8.00
       2.381     0.887500      2339827         8.89
       2.439     0.900000      2373118        10.00
       2.503     0.912500      2405830        11.43
       2.579     0.925000      2439164        13.33
       2.667     0.937500      2471404        16.00
       2.721     0.943750      2487994        17.78
       2.781     0.950000      2504482        20.00
       2.853     0.956250      2521146        22.86
       2.937     0.962500      2537310        26.67
       3.045     0.968750      2553958        32.00
       3.107     0.971875      2562072        35.56
       3.181     0.975000      2570405        40.00
       3.269     0.978125      2578618        45.71
       3.379     0.981250      2586837        53.33
       3.527     0.984375      2594982        64.00
       3.627     0.985938      2599110        71.11
       3.755     0.987500      2603229        80.00
       3.915     0.989062      2607363        91.43
       4.115     0.990625      2611506       106.67
       4.379     0.992188      2615594       128.00
       4.547     0.992969      2617632       142.22
       4.751     0.993750      2619698       160.00
       5.003     0.994531      2621765       182.86
       5.323     0.995313      2623812       213.33
       5.775     0.996094      2625865       256.00
       6.071     0.996484      2626894       284.44
       6.427     0.996875      2627927       320.00
       6.887     0.997266      2628958       365.71
       7.459     0.997656      2629987       426.67
       8.223     0.998047      2631018       512.00
       8.679     0.998242      2631531       568.89
       9.223     0.998437      2632042       640.00
       9.847     0.998633      2632559       731.43
      10.511     0.998828      2633073       853.33
      11.255     0.999023      2633586      1024.00
      11.719     0.999121      2633848      1137.78
      12.183     0.999219      2634103      1280.00
      12.719     0.999316      2634360      1462.86
      13.335     0.999414      2634617      1706.67
      14.047     0.999512      2634875      2048.00
      14.415     0.999561      2635002      2275.56
      14.799     0.999609      2635135      2560.00
      15.199     0.999658      2635259      2925.71
      15.679     0.999707      2635389      3413.33
      16.215     0.999756      2635517      4096.00
      16.495     0.999780      2635584      4551.11
      16.783     0.999805      2635654      5120.00
      17.007     0.999829      2635716      5851.43
      17.311     0.999854      2635775      6826.67
      17.663     0.999878      2635839      8192.00
      17.855     0.999890      2635871      9102.22
      18.111     0.999902      2635903     10240.00
      18.367     0.999915      2635935     11702.86
      18.719     0.999927      2635968     13653.33
      19.215     0.999939      2636000     16384.00
      19.455     0.999945      2636016     18204.44
      19.759     0.999951      2636032     20480.00
      20.063     0.999957      2636048     23405.71
      20.511     0.999963      2636064     27306.67
      20.735     0.999969      2636080     32768.00
      20.895     0.999973      2636088     36408.89
      21.263     0.999976      2636096     40960.00
      21.487     0.999979      2636104     46811.43
      21.679     0.999982      2636113     54613.33
      22.335     0.999985      2636120     65536.00
      22.511     0.999986      2636124     72817.78
      22.751     0.999988      2636128     81920.00
      23.359     0.999989      2636132     93622.86
      23.551     0.999991      2636136    109226.67
      23.967     0.999992      2636140    131072.00
      24.239     0.999993      2636142    145635.56
      24.415     0.999994      2636144    163840.00
      24.783     0.999995      2636146    187245.71
      24.943     0.999995      2636148    218453.33
      25.343     0.999996      2636150    262144.00
      25.423     0.999997      2636151    291271.11
      25.583     0.999997      2636153    327680.00
      25.583     0.999997      2636153    374491.43
      25.727     0.999998      2636154    436906.67
      26.431     0.999998      2636155    524288.00
      26.495     0.999998      2636156    582542.22
      26.495     0.999998      2636156    655360.00
      26.655     0.999999      2636157    748982.86
      26.655     0.999999      2636157    873813.33
      27.199     0.999999      2636158   1048576.00
      27.199     0.999999      2636158   1165084.44
      27.199     0.999999      2636158   1310720.00
      27.343     0.999999      2636159   1497965.71
      27.343     0.999999      2636159   1747626.67
      27.343     1.000000      2636159   2097152.00
      27.343     1.000000      2636159   2330168.89
      27.343     1.000000      2636159   2621440.00
      27.727     1.000000      2636160   2995931.43
      27.727     1.000000      2636160          inf
#[Mean    =        1.623, StdDeviation   =        0.849]
#[Max     =       27.712, Total count    =      2636160]
#[Buckets =           27, SubBuckets     =         2048]
----------------------------------------------------------
  2878157 requests in 2.00m, 0.87GB read
Requests/sec:  23984.50
Transfer/sec:      7.44MB
