Running 2m test @ http://localhost:9006/api/v1/user?id=1
  4 threads and 128 connections
  Thread calibration: mean lat.: 5.062ms, rate sampling interval: 10ms
  Thread calibration: mean lat.: 4.733ms, rate sampling interval: 10ms
  Thread calibration: mean lat.: 4.723ms, rate sampling interval: 10ms
  Thread calibration: mean lat.: 4.694ms, rate sampling interval: 10ms
  Thread Stats   Avg      Stdev     Max   +/- Stdev
    Latency     1.58ms  789.42us  23.07ms   76.06%
    Req/Sec    11.86k     0.87k   17.00k    71.80%
  Latency Distribution (HdrHistogram - Recorded Latency)
 50.000%    1.45ms
 75.000%    1.95ms
 90.000%    2.51ms
 99.000%    4.02ms
 99.900%    7.38ms
 99.990%   12.11ms
 99.999%   17.04ms
100.000%   23.09ms

  Detailed Percentile spectrum:
       Value   Percentile   TotalCount 1/(1-Percentile)

       0.110     0.000000            1         1.00
       0.753     0.100000       494532         1.11
       0.965     0.200000       989623         1.25
       1.135     0.300000      1484607         1.43
       1.292     0.400000      1978059         1.67
       1.452     0.500000      2472181         2.00
       1.536     0.550000      2718930         2.22
       1.625     0.600000      2965666         2.50
       1.721     0.650000      3213132         2.86
       1.827     0.700000      3460394         3.33
       1.948     0.750000      3707393         4.00
       2.017     0.775000      3831824         4.44
       2.091     0.800000      3955552         5.00
       2.173     0.825000      4078319         5.71
       2.267     0.850000      4202718         6.67
       2.375     0.875000      4325889         8.00
       2.437     0.887500      4387427         8.89
       2.505     0.900000      4449020        10.00
       2.583     0.912500      4510805        11.43
       2.673     0.925000      4572603        13.33
       2.781     0.937500      4634857        16.00
       2.843     0.943750      4665433        17.78
       2.913     0.950000      4695826        20.00
       2.995     0.956250      4727207        22.86
       3.087     0.962500      4757835        26.67
       3.199     0.968750      4788646        32.00
       3.265     0.971875      4803798        35.56
       3.341     0.975000      4819503        40.00
       3.429     0.978125      4834838        45.71
       3.535     0.981250      4850195        53.33
       3.665     0.984375      4865551        64.00
       3.745     0.985938      4873418        71.11
       3.833     0.987500      4881041        80.00
       3.941     0.989062      4888720        91.43
       4.075     0.990625      4896451       106.67
       4.251     0.992188      4904307       128.00
       4.359     0.992969      4908115       142.22
       4.487     0.993750      4911934       160.00
       4.639     0.994531      4915776       182.86
       4.831     0.995313      4919625       213.33
       5.075     0.996094      4923467       256.00
       5.227     0.996484      4925417       284.44
       5.403     0.996875      4927332       320.00
       5.619     0.997266      4929284       365.71
       5.867     0.997656      4931200       426.67
       6.179     0.998047      4933127       512.00
       6.371     0.998242      4934104       568.89
       6.579     0.998437      4935052       640.00
       6.819     0.998633      4936026       731.43
       7.095     0.998828      4936990       853.33
       7.423     0.999023      4937947      1024.00
       7.635     0.999121      4938432      1137.78
       7.871     0.999219      4938910      1280.00
       8.127     0.999316      4939396      1462.86
       8.447     0.999414      4939883      1706.67
       8.815     0.999512      4940364      2048.00
       9.031     0.999561      4940603      2275.56
       9.319     0.999609      4940842      2560.00
       9.631     0.999658      4941083      2925.71
       9.943     0.999707      4941323      3413.33
      10.359     0.999756      4941566      4096.00
      10.575     0.999780      4941688      4551.11
      10.839     0.999805      4941807      5120.00
      11.143     0.999829      4941927      5851.43
      11.415     0.999854      4942048      6826.67
      11.799     0.999878      4942167      8192.00
      11.999     0.999890      4942227      9102.22
      12.151     0.999902      4942288     10240.00
      12.431     0.999915      4942350     11702.86
      12.751     0.999927      4942409     13653.33
      13.087     0.999939      4942470     16384.00
      13.295     0.999945      4942499     18204.44
      13.503     0.999951      4942529     20480.00
      13.775     0.999957      4942560     23405.71
      14.183     0.999963      4942589     27306.67
      14.583     0.999969      4942620     32768.00
      14.927     0.999973      4942635     36408.89
      15.159     0.999976      4942650     40960.00
      15.367     0.999979      4942665     46811.43
      15.967     0.999982      4942680     54613.33
      16.399     0.999985      4942695     65536.00
      16.655     0.999986      4942703     72817.78
      16.767     0.999988      4942711     81920.00
      16.959     0.999989      4942718     93622.86
      17.167     0.999991      4942725    109226.67
      17.535     0.999992      4942733    131072.00
      17.887     0.999993      4942737    145635.56
      18.015     0.999994      4942740    163840.00
      18.207     0.999995      4942745    187245.71
      18.415     0.999995      4942748    218453.33
      18.959     0.999996      4942753    262144.00
      19.167     0.999997      4942754    291271.11
      20.079     0.999997      4942756    327680.00
      20.143     0.999997      4942758    374491.43
      20.399     0.999998      4942759    436906.67
      20.511     0.999998      4942761    524288.00
      20.687     0.999998      4942762    582542.22
      20.703     0.999998      4942763    655360.00
      20.799     0.999999      4942764    748982.86
      20.863     0.999999      4942765    873813.33
      20.911     0.999999      4942766   1048576.00
      20.911     0.999999      4942766   1165084.44
      21.023     0.999999      4942767   1310720.00
      21.023     0.999999      4942767   1497965.71
      21.695     0.999999      4942768   1747626.67
      21.695     1.000000      4942768   2097152.00
      21.695     1.000000      4942768   2330168.89
      22.095     1.000000      4942769   2621440.00
      22.095     1.000000      4942769   2995931.43
      22.095     1.000000      4942769   3495253.33
      22.095     1.000000      4942769   4194304.00
      22.095     1.000000      4942769   4660337.78
      23.087     1.000000      4942770   5242880.00
      23.087     1.000000      4942770          inf
#[Mean    =        1.576, StdDeviation   =        0.789]
#[Max     =       23.072, Total count    =      4942770]
#[Buckets =           27, SubBuckets     =         2048]
----------------------------------------------------------
  5396484 requests in 2.00m, 643.31MB read
Requests/sec:  44970.66
Transfer/sec:      5.36MB
