Running 2m test @ http://localhost:9000/api/v1/user?id=1
  4 threads and 128 connections
  Thread calibration: mean lat.: 0.847ms, rate sampling interval: 10ms
  Thread calibration: mean lat.: 0.838ms, rate sampling interval: 10ms
  Thread calibration: mean lat.: 0.846ms, rate sampling interval: 10ms
  Thread calibration: mean lat.: 0.847ms, rate sampling interval: 10ms
  Thread Stats   Avg      Stdev     Max   +/- Stdev
    Latency   846.36us  440.21us   3.14ms   65.98%
    Req/Sec     2.63k   182.33     3.33k    67.18%
  Latency Distribution (HdrHistogram - Recorded Latency)
 50.000%  842.00us
 75.000%    1.15ms
 90.000%    1.45ms
 99.000%    1.88ms
 99.900%    2.03ms
 99.990%    2.13ms
 99.999%    2.51ms
100.000%    3.14ms

  Detailed Percentile spectrum:
       Value   Percentile   TotalCount 1/(1-Percentile)

       0.071     0.000000            1         1.00
       0.260     0.100000       110060         1.11
       0.411     0.200000       220322         1.25
       0.557     0.300000       329530         1.43
       0.706     0.400000       439887         1.67
       0.842     0.500000       549752         2.00
       0.906     0.550000       604719         2.22
       0.968     0.600000       659662         2.50
       1.029     0.650000       714431         2.86
       1.091     0.700000       769338         3.33
       1.151     0.750000       824443         4.00
       1.180     0.775000       851759         4.44
       1.209     0.800000       879227         5.00
       1.239     0.825000       906716         5.71
       1.274     0.850000       933643         6.67
       1.346     0.875000       961103         8.00
       1.396     0.887500       974923         8.89
       1.447     0.900000       988794        10.00
       1.497     0.912500      1002366        11.43
       1.547     0.925000      1016094        13.33
       1.602     0.937500      1029903        16.00
       1.629     0.943750      1036715        17.78
       1.656     0.950000      1043537        20.00
       1.684     0.956250      1050415        22.86
       1.713     0.962500      1057290        26.67
       1.744     0.968750      1064132        32.00
       1.762     0.971875      1067699        35.56
       1.780     0.975000      1071016        40.00
       1.800     0.978125      1074481        45.71
       1.820     0.981250      1077868        53.33
       1.841     0.984375      1081372        64.00
       1.852     0.985938      1083066        71.11
       1.864     0.987500      1084785        80.00
       1.877     0.989062      1086511        91.43
       1.892     0.990625      1088199       106.67
       1.908     0.992188      1089855       128.00
       1.917     0.992969      1090758       142.22
       1.925     0.993750      1091539       160.00
       1.935     0.994531      1092454       182.86
       1.945     0.995313      1093310       213.33
       1.956     0.996094      1094157       256.00
       1.962     0.996484      1094594       284.44
       1.968     0.996875      1094975       320.00
       1.975     0.997266      1095417       365.71
       1.983     0.997656      1095827       426.67
       1.994     0.998047      1096278       512.00
       1.999     0.998242      1096479       568.89
       2.006     0.998437      1096712       640.00
       2.012     0.998633      1096911       731.43
       2.020     0.998828      1097138       853.33
       2.029     0.999023      1097336      1024.00
       2.033     0.999121      1097438      1137.78
       2.039     0.999219      1097553      1280.00
       2.046     0.999316      1097667      1462.86
       2.053     0.999414      1097773      1706.67
       2.061     0.999512      1097872      2048.00
       2.065     0.999561      1097918      2275.56
       2.071     0.999609      1097981      2560.00
       2.077     0.999658      1098031      2925.71
       2.083     0.999707      1098077      3413.33
       2.093     0.999756      1098137      4096.00
       2.097     0.999780      1098157      4551.11
       2.105     0.999805      1098193      5120.00
       2.111     0.999829      1098216      5851.43
       2.119     0.999854      1098243      6826.67
       2.127     0.999878      1098264      8192.00
       2.133     0.999890      1098282      9102.22
       2.135     0.999902      1098291     10240.00
       2.143     0.999915      1098307     11702.86
       2.147     0.999927      1098319     13653.33
       2.155     0.999939      1098334     16384.00
       2.157     0.999945      1098340     18204.44
       2.161     0.999951      1098346     20480.00
       2.167     0.999957      1098352     23405.71
       2.183     0.999963      1098358     27306.67
       2.205     0.999969      1098365     32768.00
       2.211     0.999973      1098368     36408.89
       2.231     0.999976      1098372     40960.00
       2.281     0.999979      1098375     46811.43
       2.311     0.999982      1098378     54613.33
       2.365     0.999985      1098382     65536.00
       2.373     0.999986      1098383     72817.78
       2.443     0.999988      1098385     81920.00
       2.507     0.999989      1098387     93622.86
       2.519     0.999991      1098388    109226.67
       2.547     0.999992      1098390    131072.00
       2.551     0.999993      1098391    145635.56
       2.559     0.999994      1098392    163840.00
       2.591     0.999995      1098393    187245.71
       2.591     0.999995      1098393    218453.33
       2.597     0.999996      1098394    262144.00
       2.617     0.999997      1098395    291271.11
       2.617     0.999997      1098395    327680.00
       2.681     0.999997      1098396    374491.43
       2.681     0.999998      1098396    436906.67
       2.681     0.999998      1098396    524288.00
       2.763     0.999998      1098397    582542.22
       2.763     0.999998      1098397    655360.00
       2.763     0.999999      1098397    748982.86
       2.763     0.999999      1098397    873813.33
       2.763     0.999999      1098397   1048576.00
       3.143     0.999999      1098398   1165084.44
       3.143     1.000000      1098398          inf
#[Mean    =        0.846, StdDeviation   =        0.440]
#[Max     =        3.142, Total count    =      1098398]
#[Buckets =           27, SubBuckets     =         2048]
----------------------------------------------------------
  1199278 requests in 2.00m, 142.97MB read
Requests/sec:   9993.92
Transfer/sec:      1.19MB
