Running 2m test @ http://localhost:9001/api/v1/user?id=1
  4 threads and 128 connections
  Thread calibration: mean lat.: 1.675ms, rate sampling interval: 10ms
  Thread calibration: mean lat.: 1.878ms, rate sampling interval: 10ms
  Thread calibration: mean lat.: 1.668ms, rate sampling interval: 10ms
  Thread calibration: mean lat.: 1.677ms, rate sampling interval: 10ms
  Thread Stats   Avg      Stdev     Max   +/- Stdev
    Latency     1.75ms    1.18ms  49.31ms   92.62%
    Req/Sec     6.31k   603.72    10.44k    73.42%
  Latency Distribution (HdrHistogram - Recorded Latency)
 50.000%    1.63ms
 75.000%    2.13ms
 90.000%    2.62ms
 99.000%    4.04ms
 99.900%   20.06ms
 99.990%   35.49ms
 99.999%   46.08ms
100.000%   49.34ms

  Detailed Percentile spectrum:
       Value   Percentile   TotalCount 1/(1-Percentile)

       0.178     0.000000            1         1.00
       0.887     0.100000       263638         1.11
       1.111     0.200000       528292         1.25
       1.293     0.300000       791679         1.43
       1.462     0.400000      1056013         1.67
       1.629     0.500000      1318288         2.00
       1.717     0.550000      1450653         2.22
       1.809     0.600000      1582928         2.50
       1.906     0.650000      1713791         2.86
       2.012     0.700000      1845670         3.33
       2.129     0.750000      1977703         4.00
       2.193     0.775000      2044156         4.44
       2.261     0.800000      2109731         5.00
       2.335     0.825000      2174856         5.71
       2.419     0.850000      2242004         6.67
       2.513     0.875000      2307186         8.00
       2.567     0.887500      2340277         8.89
       2.625     0.900000      2372911        10.00
       2.693     0.912500      2406251        11.43
       2.767     0.925000      2438512        13.33
       2.857     0.937500      2471569        16.00
       2.909     0.943750      2488197        17.78
       2.967     0.950000      2504522        20.00
       3.033     0.956250      2520982        22.86
       3.111     0.962500      2537360        26.67
       3.207     0.968750      2553904        32.00
       3.265     0.971875      2562151        35.56
       3.331     0.975000      2570261        40.00
       3.411     0.978125      2578546        45.71
       3.511     0.981250      2586783        53.33
       3.643     0.984375      2595022        64.00
       3.725     0.985938      2599112        71.11
       3.825     0.987500      2603235        80.00
       3.951     0.989062      2607341        91.43
       4.111     0.990625      2611483       106.67
       4.323     0.992188      2615539       128.00
       4.467     0.992969      2617640       142.22
       4.635     0.993750      2619667       160.00
       4.855     0.994531      2621738       182.86
       5.151     0.995313      2623785       213.33
       5.579     0.996094      2625836       256.00
       5.887     0.996484      2626865       284.44
       6.251     0.996875      2627897       320.00
       6.743     0.997266      2628926       365.71
       7.527     0.997656      2629956       426.67
       9.239     0.998047      2630987       512.00
      11.239     0.998242      2631501       568.89
      13.607     0.998437      2632014       640.00
      15.911     0.998633      2632529       731.43
      18.127     0.998828      2633043       853.33
      20.287     0.999023      2633560      1024.00
      21.279     0.999121      2633818      1137.78
      22.383     0.999219      2634075      1280.00
      23.663     0.999316      2634331      1462.86
      25.039     0.999414      2634588      1706.67
      26.271     0.999512      2634846      2048.00
      26.959     0.999561      2634978      2275.56
      27.615     0.999609      2635103      2560.00
      28.447     0.999658      2635231      2925.71
      29.567     0.999707      2635364      3413.33
      30.783     0.999756      2635489      4096.00
      31.423     0.999780      2635553      4551.11
      32.031     0.999805      2635619      5120.00
      32.735     0.999829      2635684      5851.43
      33.471     0.999854      2635746      6826.67
      34.431     0.999878      2635812      8192.00
      35.135     0.999890      2635845      9102.22
      35.743     0.999902      2635877     10240.00
      36.319     0.999915      2635908     11702.86
      37.119     0.999927      2635940     13653.33
      38.079     0.999939      2635972     16384.00
      38.559     0.999945      2635988     18204.44
      39.359     0.999951      2636004     20480.00
      39.935     0.999957      2636021     23405.71
      40.639     0.999963      2636036     27306.67
      41.183     0.999969      2636052     32768.00
      41.599     0.999973      2636060     36408.89
      41.983     0.999976      2636068     40960.00
      42.559     0.999979      2636076     46811.43
      42.943     0.999982      2636084     54613.33
      43.999     0.999985      2636092     65536.00
      45.087     0.999986      2636096     72817.78
      45.567     0.999988      2636100     81920.00
      45.983     0.999989      2636104     93622.86
      46.335     0.999991      2636108    109226.67
      46.559     0.999992      2636112    131072.00
      46.655     0.999993      2636114    145635.56
      46.815     0.999994      2636116    163840.00
      47.071     0.999995      2636118    187245.71
      47.359     0.999995      2636120    218453.33
      47.583     0.999996      2636122    262144.00
      47.743     0.999997      2636123    291271.11
      47.935     0.999997      2636124    327680.00
      47.967     0.999997      2636125    374491.43
      48.095     0.999998      2636126    436906.67
      48.255     0.999998      2636127    524288.00
      48.351     0.999998      2636128    582542.22
      48.351     0.999998      2636128    655360.00
      48.607     0.999999      2636129    748982.86
      48.607     0.999999      2636129    873813.33
      48.671     0.999999      2636130   1048576.00
      48.671     0.999999      2636130   1165084.44
      48.671     0.999999      2636130   1310720.00
      48.735     0.999999      2636131   1497965.71
      48.735     0.999999      2636131   1747626.67
      48.735     1.000000      2636131   2097152.00
      48.735     1.000000      2636131   2330168.89
      48.735     1.000000      2636131   2621440.00
      49.343     1.000000      2636132   2995931.43
      49.343     1.000000      2636132          inf
#[Mean    =        1.754, StdDeviation   =        1.180]
#[Max     =       49.312, Total count    =      2636132]
#[Buckets =           27, SubBuckets     =         2048]
----------------------------------------------------------
  2872621 requests in 2.00m, 0.87GB read
Requests/sec:  23937.93
Transfer/sec:      7.42MB
