Running 2m test @ http://localhost:9000/api/v1/user?id=1
  4 threads and 128 connections
  Thread calibration: mean lat.: 0.965ms, rate sampling interval: 10ms
  Thread calibration: mean lat.: 0.955ms, rate sampling interval: 10ms
  Thread calibration: mean lat.: 0.955ms, rate sampling interval: 10ms
  Thread calibration: mean lat.: 0.956ms, rate sampling interval: 10ms
  Thread Stats   Avg      Stdev     Max   +/- Stdev
    Latency     0.93ms  519.10us  29.92ms   76.51%
    Req/Sec     3.17k   185.63    10.80k    82.54%
  Latency Distribution (HdrHistogram - Recorded Latency)
 50.000%    0.92ms
 75.000%    1.21ms
 90.000%    1.48ms
 99.000%    1.77ms
 99.900%    2.06ms
 99.990%   19.89ms
 99.999%   28.25ms
100.000%   29.93ms

  Detailed Percentile spectrum:
       Value   Percentile   TotalCount 1/(1-Percentile)

       0.066     0.000000            1         1.00
       0.366     0.100000       132266         1.11
       0.553     0.200000       263683         1.25
       0.683     0.300000       396009         1.43
       0.800     0.400000       527593         1.67
       0.917     0.500000       659943         2.00
       0.977     0.550000       725653         2.22
       1.036     0.600000       791672         2.50
       1.095     0.650000       857353         2.86
       1.155     0.700000       923484         3.33
       1.214     0.750000       989589         4.00
       1.245     0.775000      1022349         4.44
       1.280     0.800000      1054852         5.00
       1.326     0.825000      1088017         5.71
       1.375     0.850000      1121019         6.67
       1.428     0.875000      1153891         8.00
       1.455     0.887500      1170266         8.89
       1.483     0.900000      1186457        10.00
       1.513     0.912500      1202990        11.43
       1.541     0.925000      1219674        13.33
       1.571     0.937500      1235697        16.00
       1.588     0.943750      1244461        17.78
       1.603     0.950000      1252260        20.00
       1.620     0.956250      1260852        22.86
       1.638     0.962500      1268981        26.67
       1.659     0.968750      1277241        32.00
       1.670     0.971875      1281238        35.56
       1.682     0.975000      1285252        40.00
       1.695     0.978125      1289374        45.71
       1.710     0.981250      1293448        53.33
       1.728     0.984375      1297532        64.00
       1.739     0.985938      1299613        71.11
       1.751     0.987500      1301656        80.00
       1.765     0.989062      1303740        91.43
       1.780     0.990625      1305719       106.67
       1.798     0.992188      1307787       128.00
       1.809     0.992969      1308846       142.22
       1.821     0.993750      1309860       160.00
       1.836     0.994531      1310931       182.86
       1.852     0.995313      1311905       213.33
       1.871     0.996094      1312946       256.00
       1.883     0.996484      1313477       284.44
       1.896     0.996875      1313966       320.00
       1.913     0.997266      1314489       365.71
       1.930     0.997656      1314986       426.67
       1.953     0.998047      1315507       512.00
       1.966     0.998242      1315758       568.89
       1.982     0.998437      1316023       640.00
       2.003     0.998633      1316282       731.43
       2.029     0.998828      1316536       853.33
       2.067     0.999023      1316798      1024.00
       2.095     0.999121      1316923      1137.78
       2.149     0.999219      1317045      1280.00
       2.303     0.999316      1317173      1462.86
       2.741     0.999414      1317303      1706.67
       3.851     0.999512      1317431      2048.00
       5.435     0.999561      1317495      2275.56
       6.995     0.999609      1317560      2560.00
       8.831     0.999658      1317624      2925.71
      10.695     0.999707      1317688      3413.33
      12.703     0.999756      1317753      4096.00
      13.967     0.999780      1317785      4551.11
      15.167     0.999805      1317817      5120.00
      16.375     0.999829      1317849      5851.43
      17.599     0.999854      1317881      6826.67
      18.879     0.999878      1317915      8192.00
      19.263     0.999890      1317930      9102.22
      20.127     0.999902      1317946     10240.00
      21.183     0.999915      1317962     11702.86
      21.903     0.999927      1317978     13653.33
      22.815     0.999939      1317994     16384.00
      23.231     0.999945      1318002     18204.44
      23.967     0.999951      1318010     20480.00
      24.431     0.999957      1318018     23405.71
      25.519     0.999963      1318026     27306.67
      26.335     0.999969      1318034     32768.00
      26.399     0.999973      1318038     36408.89
      26.687     0.999976      1318042     40960.00
      27.263     0.999979      1318046     46811.43
      27.439     0.999982      1318050     54613.33
      27.823     0.999985      1318055     65536.00
      27.887     0.999986      1318056     72817.78
      27.999     0.999988      1318058     81920.00
      28.191     0.999989      1318060     93622.86
      28.351     0.999991      1318062    109226.67
      28.527     0.999992      1318064    131072.00
      28.575     0.999993      1318065    145635.56
      28.655     0.999994      1318066    163840.00
      28.783     0.999995      1318067    187245.71
      29.007     0.999995      1318068    218453.33
      29.423     0.999996      1318069    262144.00
      29.455     0.999997      1318070    291271.11
      29.455     0.999997      1318070    327680.00
      29.599     0.999997      1318071    374491.43
      29.599     0.999998      1318071    436906.67
      29.615     0.999998      1318072    524288.00
      29.615     0.999998      1318072    582542.22
      29.615     0.999998      1318072    655360.00
      29.823     0.999999      1318073    748982.86
      29.823     0.999999      1318073    873813.33
      29.823     0.999999      1318073   1048576.00
      29.823     0.999999      1318073   1165084.44
      29.823     0.999999      1318073   1310720.00
      29.935     0.999999      1318074   1497965.71
      29.935     1.000000      1318074          inf
#[Mean    =        0.927, StdDeviation   =        0.519]
#[Max     =       29.920, Total count    =      1318074]
#[Buckets =           27, SubBuckets     =         2048]
----------------------------------------------------------
  1439117 requests in 2.00m, 171.56MB read
Requests/sec:  11992.58
Transfer/sec:      1.43MB
