Running 2m test @ http://localhost:9000/api/v1/user?id=1
  4 threads and 128 connections
  Thread calibration: mean lat.: 0.903ms, rate sampling interval: 10ms
  Thread calibration: mean lat.: 0.885ms, rate sampling interval: 10ms
  Thread calibration: mean lat.: 0.896ms, rate sampling interval: 10ms
  Thread calibration: mean lat.: 0.897ms, rate sampling interval: 10ms
  Thread Stats   Avg      Stdev     Max   +/- Stdev
    Latency     0.88ms  497.94us  22.42ms   73.48%
    Req/Sec     6.29k   362.15    15.70k    69.43%
  Latency Distribution (HdrHistogram - Recorded Latency)
 50.000%    0.86ms
 75.000%    1.19ms
 90.000%    1.42ms
 99.000%    1.94ms
 99.900%    2.42ms
 99.990%   15.96ms
 99.999%   20.08ms
100.000%   22.43ms

  Detailed Percentile spectrum:
       Value   Percentile   TotalCount 1/(1-Percentile)

       0.072     0.000000            1         1.00
       0.315     0.100000       264462         1.11
       0.457     0.200000       528488         1.25
       0.593     0.300000       790961         1.43
       0.728     0.400000      1056153         1.67
       0.859     0.500000      1319549         2.00
       0.926     0.550000      1450218         2.22
       0.993     0.600000      1583223         2.50
       1.059     0.650000      1714593         2.86
       1.126     0.700000      1846608         3.33
       1.194     0.750000      1977996         4.00
       1.228     0.775000      2043806         4.44
       1.262     0.800000      2109563         5.00
       1.297     0.825000      2176711         5.71
       1.332     0.850000      2241545         6.67
       1.372     0.875000      2307622         8.00
       1.395     0.887500      2340780         8.89
       1.420     0.900000      2372620        10.00
       1.450     0.912500      2405958        11.43
       1.485     0.925000      2438729        13.33
       1.527     0.937500      2471794        16.00
       1.551     0.943750      2487957        17.78
       1.579     0.950000      2504725        20.00
       1.610     0.956250      2521048        22.86
       1.646     0.962500      2537614        26.67
       1.688     0.968750      2553923        32.00
       1.713     0.971875      2562248        35.56
       1.740     0.975000      2570471        40.00
       1.770     0.978125      2578565        45.71
       1.805     0.981250      2586782        53.33
       1.845     0.984375      2594983        64.00
       1.869     0.985938      2599241        71.11
       1.893     0.987500      2603207        80.00
       1.922     0.989062      2607418        91.43
       1.955     0.990625      2611524       106.67
       1.992     0.992188      2615616       128.00
       2.012     0.992969      2617660       142.22
       2.035     0.993750      2619732       160.00
       2.059     0.994531      2621743       182.86
       2.087     0.995313      2623878       213.33
       2.117     0.996094      2625978       256.00
       2.133     0.996484      2626982       284.44
       2.149     0.996875      2627945       320.00
       2.169     0.997266      2628973       365.71
       2.193     0.997656      2629989       426.67
       2.223     0.998047      2631018       512.00
       2.245     0.998242      2631568       568.89
       2.267     0.998437      2632054       640.00
       2.299     0.998633      2632567       731.43
       2.347     0.998828      2633069       853.33
       2.435     0.999023      2633585      1024.00
       2.527     0.999121      2633847      1137.78
       2.725     0.999219      2634101      1280.00
       3.113     0.999316      2634358      1462.86
       3.731     0.999414      2634614      1706.67
       4.767     0.999512      2634872      2048.00
       5.683     0.999561      2635002      2275.56
       7.123     0.999609      2635129      2560.00
       8.615     0.999658      2635258      2925.71
       9.599     0.999707      2635386      3413.33
      11.079     0.999756      2635516      4096.00
      11.807     0.999780      2635580      4551.11
      12.439     0.999805      2635644      5120.00
      13.287     0.999829      2635708      5851.43
      14.127     0.999854      2635773      6826.67
      15.287     0.999878      2635837      8192.00
      15.743     0.999890      2635869      9102.22
      16.119     0.999902      2635901     10240.00
      16.463     0.999915      2635933     11702.86
      16.799     0.999927      2635965     13653.33
      17.359     0.999939      2635999     16384.00
      17.519     0.999945      2636015     18204.44
      17.727     0.999951      2636031     20480.00
      17.967     0.999957      2636047     23405.71
      18.127     0.999963      2636064     27306.67
      18.415     0.999969      2636078     32768.00
      18.495     0.999973      2636087     36408.89
      18.671     0.999976      2636096     40960.00
      18.831     0.999979      2636102     46811.43
      18.991     0.999982      2636110     54613.33
      19.343     0.999985      2636118     65536.00
      19.423     0.999986      2636122     72817.78
      19.631     0.999988      2636126     81920.00
      19.823     0.999989      2636130     93622.86
      20.223     0.999991      2636134    109226.67
      20.431     0.999992      2636138    131072.00
      20.511     0.999993      2636141    145635.56
      20.591     0.999994      2636142    163840.00
      20.623     0.999995      2636144    187245.71
      20.879     0.999995      2636146    218453.33
      21.119     0.999996      2636148    262144.00
      21.231     0.999997      2636149    291271.11
      21.375     0.999997      2636150    327680.00
      21.455     0.999997      2636151    374491.43
      21.583     0.999998      2636152    436906.67
      21.599     0.999998      2636153    524288.00
      21.663     0.999998      2636154    582542.22
      21.663     0.999998      2636154    655360.00
      21.759     0.999999      2636155    748982.86
      21.759     0.999999      2636155    873813.33
      21.807     0.999999      2636156   1048576.00
      21.807     0.999999      2636156   1165084.44
      21.807     0.999999      2636156   1310720.00
      22.335     0.999999      2636157   1497965.71
      22.335     0.999999      2636157   1747626.67
      22.335     1.000000      2636157   2097152.00
      22.335     1.000000      2636157   2330168.89
      22.335     1.000000      2636157   2621440.00
      22.431     1.000000      2636158   2995931.43
      22.431     1.000000      2636158          inf
#[Mean    =        0.880, StdDeviation   =        0.498]
#[Max     =       22.416, Total count    =      2636158]
#[Buckets =           27, SubBuckets     =         2048]
----------------------------------------------------------
  2878174 requests in 2.00m, 343.11MB read
Requests/sec:  23984.68
Transfer/sec:      2.86MB
