Running 2m test @ http://localhost:9003/api/v1/user?id=1
  4 threads and 128 connections
  Thread calibration: mean lat.: 1.059ms, rate sampling interval: 10ms
  Thread calibration: mean lat.: 1.055ms, rate sampling interval: 10ms
  Thread calibration: mean lat.: 1.058ms, rate sampling interval: 10ms
  Thread calibration: mean lat.: 1.057ms, rate sampling interval: 10ms
  Thread Stats   Avg      Stdev     Max   +/- Stdev
    Latency     1.07ms  653.00us  27.41ms   84.54%
    Req/Sec     5.28k   393.26    16.80k    89.19%
  Latency Distribution (HdrHistogram - Recorded Latency)
 50.000%    1.03ms
 75.000%    1.39ms
 90.000%    1.65ms
 99.000%    2.15ms
 99.900%    8.66ms
 99.990%   18.85ms
 99.999%   25.18ms
100.000%   27.42ms

  Detailed Percentile spectrum:
       Value   Percentile   TotalCount 1/(1-Percentile)

       0.122     0.000000            1         1.00
       0.450     0.100000       220714         1.11
       0.606     0.200000       440012         1.25
       0.750     0.300000       659337         1.43
       0.892     0.400000       880173         1.67
       1.030     0.500000      1099351         2.00
       1.099     0.550000      1208756         2.22
       1.169     0.600000      1318163         2.50
       1.241     0.650000      1428136         2.86
       1.314     0.700000      1538933         3.33
       1.388     0.750000      1648592         4.00
       1.426     0.775000      1703511         4.44
       1.464     0.800000      1758036         5.00
       1.505     0.825000      1813044         5.71
       1.549     0.850000      1867994         6.67
       1.598     0.875000      1923250         8.00
       1.625     0.887500      1950540         8.89
       1.653     0.900000      1977308        10.00
       1.685     0.912500      2004890        11.43
       1.721     0.925000      2032330        13.33
       1.762     0.937500      2059906        16.00
       1.785     0.943750      2073575        17.78
       1.810     0.950000      2087165        20.00
       1.838     0.956250      2101030        22.86
       1.868     0.962500      2114473        26.67
       1.905     0.968750      2128438        32.00
       1.926     0.971875      2135157        35.56
       1.950     0.975000      2142065        40.00
       1.977     0.978125      2148806        45.71
       2.009     0.981250      2155795        53.33
       2.047     0.984375      2162582        64.00
       2.071     0.985938      2166166        71.11
       2.097     0.987500      2169588        80.00
       2.127     0.989062      2172838        91.43
       2.167     0.990625      2176264       106.67
       2.223     0.992188      2179724       128.00
       2.263     0.992969      2181367       142.22
       2.329     0.993750      2183096       160.00
       2.515     0.994531      2184794       182.86
       3.281     0.995313      2186512       213.33
       4.091     0.996094      2188225       256.00
       4.547     0.996484      2189085       284.44
       5.055     0.996875      2189943       320.00
       5.679     0.997266      2190801       365.71
       6.399     0.997656      2191657       426.67
       7.087     0.998047      2192515       512.00
       7.399     0.998242      2192944       568.89
       7.747     0.998437      2193373       640.00
       8.063     0.998633      2193808       731.43
       8.383     0.998828      2194232       853.33
       8.695     0.999023      2194664      1024.00
       8.863     0.999121      2194875      1137.78
       9.063     0.999219      2195093      1280.00
       9.279     0.999316      2195312      1462.86
       9.511     0.999414      2195521      1706.67
       9.799     0.999512      2195734      2048.00
      10.007     0.999561      2195841      2275.56
      10.295     0.999609      2195947      2560.00
      10.919     0.999658      2196055      2925.71
      11.967     0.999707      2196166      3413.33
      13.247     0.999756      2196270      4096.00
      14.055     0.999780      2196323      4551.11
      14.999     0.999805      2196377      5120.00
      16.135     0.999829      2196430      5851.43
      17.263     0.999854      2196485      6826.67
      18.047     0.999878      2196538      8192.00
      18.527     0.999890      2196565      9102.22
      18.959     0.999902      2196592     10240.00
      19.455     0.999915      2196618     11702.86
      20.015     0.999927      2196645     13653.33
      20.943     0.999939      2196671     16384.00
      21.663     0.999945      2196685     18204.44
      22.047     0.999951      2196698     20480.00
      22.495     0.999957      2196712     23405.71
      22.959     0.999963      2196726     27306.67
      23.567     0.999969      2196738     32768.00
      23.647     0.999973      2196745     36408.89
      24.079     0.999976      2196752     40960.00
      24.255     0.999979      2196759     46811.43
      24.655     0.999982      2196765     54613.33
      24.847     0.999985      2196773     65536.00
      24.991     0.999986      2196775     72817.78
      25.071     0.999988      2196779     81920.00
      25.151     0.999989      2196782     93622.86
      25.279     0.999991      2196785    109226.67
      25.647     0.999992      2196789    131072.00
      25.679     0.999993      2196790    145635.56
      25.695     0.999994      2196792    163840.00
      25.919     0.999995      2196794    187245.71
      26.255     0.999995      2196795    218453.33
      26.527     0.999996      2196797    262144.00
      26.543     0.999997      2196798    291271.11
      26.639     0.999997      2196799    327680.00
      26.767     0.999997      2196800    374491.43
      26.767     0.999998      2196800    436906.67
      26.783     0.999998      2196801    524288.00
      26.815     0.999998      2196802    582542.22
      26.815     0.999998      2196802    655360.00
      26.863     0.999999      2196803    748982.86
      26.863     0.999999      2196803    873813.33
      26.863     0.999999      2196803   1048576.00
      27.151     0.999999      2196804   1165084.44
      27.151     0.999999      2196804   1310720.00
      27.151     0.999999      2196804   1497965.71
      27.151     0.999999      2196804   1747626.67
      27.151     1.000000      2196804   2097152.00
      27.423     1.000000      2196805   2330168.89
      27.423     1.000000      2196805          inf
#[Mean    =        1.071, StdDeviation   =        0.653]
#[Max     =       27.408, Total count    =      2196805]
#[Buckets =           27, SubBuckets     =         2048]
----------------------------------------------------------
  2398496 requests in 2.00m, 263.05MB read
Requests/sec:  19987.40
Transfer/sec:      2.19MB
