Running 2m test @ http://localhost:9002/api/v1/user?id=1
  4 threads and 128 connections
  Thread calibration: mean lat.: 1.216ms, rate sampling interval: 10ms
  Thread calibration: mean lat.: 1.217ms, rate sampling interval: 10ms
  Thread calibration: mean lat.: 1.221ms, rate sampling interval: 10ms
  Thread calibration: mean lat.: 1.220ms, rate sampling interval: 10ms
  Thread Stats   Avg      Stdev     Max   +/- Stdev
    Latency     1.21ms  749.63us  28.86ms   87.28%
    Req/Sec     6.58k   522.58    18.67k    88.95%
  Latency Distribution (HdrHistogram - Recorded Latency)
 50.000%    1.14ms
 75.000%    1.55ms
 90.000%    1.87ms
 99.000%    2.52ms
 99.900%    8.29ms
 99.990%   23.53ms
 99.999%   27.30ms
100.000%   28.88ms

  Detailed Percentile spectrum:
       Value   Percentile   TotalCount 1/(1-Percentile)

       0.133     0.000000            1         1.00
       0.551     0.100000       275567         1.11
       0.710     0.200000       550121         1.25
       0.854     0.300000       823806         1.43
       0.996     0.400000      1098778         1.67
       1.142     0.500000      1373483         2.00
       1.218     0.550000      1510966         2.22
       1.297     0.600000      1648546         2.50
       1.378     0.650000      1785384         2.86
       1.463     0.700000      1923766         3.33
       1.550     0.750000      2060498         4.00
       1.595     0.775000      2128322         4.44
       1.642     0.800000      2196976         5.00
       1.692     0.825000      2265545         5.71
       1.746     0.850000      2334609         6.67
       1.805     0.875000      2403612         8.00
       1.837     0.887500      2437506         8.89
       1.871     0.900000      2471628        10.00
       1.909     0.912500      2506101        11.43
       1.950     0.925000      2540180        13.33
       1.997     0.937500      2574432        16.00
       2.024     0.943750      2591827        17.78
       2.053     0.950000      2609095        20.00
       2.087     0.956250      2626668        22.86
       2.123     0.962500      2643045        26.67
       2.169     0.968750      2660775        32.00
       2.195     0.971875      2669330        35.56
       2.223     0.975000      2677477        40.00
       2.257     0.978125      2686001        45.71
       2.297     0.981250      2694528        53.33
       2.349     0.984375      2703182        64.00
       2.383     0.985938      2707530        71.11
       2.423     0.987500      2711690        80.00
       2.479     0.989062      2715988        91.43
       2.565     0.990625      2720301       106.67
       2.773     0.992188      2724548       128.00
       3.077     0.992969      2726693       142.22
       3.485     0.993750      2728840       160.00
       3.925     0.994531      2730982       182.86
       4.391     0.995313      2733128       213.33
       4.939     0.996094      2735279       256.00
       5.251     0.996484      2736346       284.44
       5.611     0.996875      2737418       320.00
       5.979     0.997266      2738502       365.71
       6.351     0.997656      2739565       426.67
       6.751     0.998047      2740640       512.00
       6.967     0.998242      2741173       568.89
       7.219     0.998437      2741713       640.00
       7.487     0.998633      2742242       731.43
       7.835     0.998828      2742782       853.33
       8.375     0.999023      2743317      1024.00
       8.863     0.999121      2743588      1137.78
       9.551     0.999219      2743853      1280.00
      10.615     0.999316      2744120      1462.86
      11.967     0.999414      2744389      1706.67
      13.551     0.999512      2744656      2048.00
      14.423     0.999561      2744790      2275.56
      15.439     0.999609      2744925      2560.00
      16.607     0.999658      2745058      2925.71
      17.823     0.999707      2745192      3413.33
      19.375     0.999756      2745326      4096.00
      20.079     0.999780      2745395      4551.11
      20.735     0.999805      2745463      5120.00
      21.599     0.999829      2745528      5851.43
      22.319     0.999854      2745594      6826.67
      22.927     0.999878      2745663      8192.00
      23.295     0.999890      2745696      9102.22
      23.647     0.999902      2745729     10240.00
      24.079     0.999915      2745762     11702.86
      24.543     0.999927      2745796     13653.33
      25.071     0.999939      2745830     16384.00
      25.311     0.999945      2745846     18204.44
      25.503     0.999951      2745863     20480.00
      25.631     0.999957      2745879     23405.71
      25.823     0.999963      2745898     27306.67
      26.079     0.999969      2745914     32768.00
      26.191     0.999973      2745922     36408.89
      26.463     0.999976      2745929     40960.00
      26.559     0.999979      2745939     46811.43
      26.687     0.999982      2745947     54613.33
      26.911     0.999985      2745956     65536.00
      26.975     0.999986      2745959     72817.78
      27.055     0.999988      2745963     81920.00
      27.215     0.999989      2745967     93622.86
      27.295     0.999991      2745972    109226.67
      27.423     0.999992      2745976    131072.00
      27.487     0.999993      2745978    145635.56
      27.519     0.999994      2745980    163840.00
      27.551     0.999995      2745982    187245.71
      27.647     0.999995      2745984    218453.33
      27.855     0.999996      2745986    262144.00
      27.871     0.999997      2745988    291271.11
      27.871     0.999997      2745988    327680.00
      27.999     0.999997      2745989    374491.43
      28.063     0.999998      2745990    436906.67
      28.335     0.999998      2745991    524288.00
      28.351     0.999998      2745992    582542.22
      28.351     0.999998      2745992    655360.00
      28.367     0.999999      2745993    748982.86
      28.367     0.999999      2745993    873813.33
      28.495     0.999999      2745994   1048576.00
      28.495     0.999999      2745994   1165084.44
      28.495     0.999999      2745994   1310720.00
      28.671     0.999999      2745995   1497965.71
      28.671     0.999999      2745995   1747626.67
      28.671     1.000000      2745995   2097152.00
      28.671     1.000000      2745995   2330168.89
      28.671     1.000000      2745995   2621440.00
      28.879     1.000000      2745996   2995931.43
      28.879     1.000000      2745996          inf
#[Mean    =        1.214, StdDeviation   =        0.750]
#[Max     =       28.864, Total count    =      2745996]
#[Buckets =           27, SubBuckets     =         2048]
----------------------------------------------------------
  2998085 requests in 2.00m, 328.81MB read
Requests/sec:  24984.01
Transfer/sec:      2.74MB
