Running 2m test @ http://localhost:9003/api/v1/user?id=1
  4 threads and 128 connections
  Thread calibration: mean lat.: 436.808ms, rate sampling interval: 2830ms
  Thread calibration: mean lat.: 426.085ms, rate sampling interval: 2734ms
  Thread calibration: mean lat.: 460.741ms, rate sampling interval: 2924ms
  Thread calibration: mean lat.: 441.374ms, rate sampling interval: 2797ms
  Thread Stats   Avg      Stdev     Max   +/- Stdev
    Latency     8.23s     5.40s   17.79s    55.67%
    Req/Sec     3.15k   489.89     5.65k    92.86%
  Latency Distribution (HdrHistogram - Recorded Latency)
 50.000%    8.17s 
 75.000%   12.88s 
 90.000%   15.87s 
 99.000%   17.55s 
 99.900%   17.74s 
 99.990%   17.79s 
 99.999%   17.81s 
100.000%   17.81s 

  Detailed Percentile spectrum:
       Value   Percentile   TotalCount 1/(1-Percentile)

       0.147     0.000000            1         1.00
     876.543     0.100000       138207         1.11
    2260.991     0.200000       276344         1.25
    4251.647     0.300000       414648         1.43
    6238.207     0.400000       552825         1.67
    8171.519     0.500000       690988         2.00
    9101.311     0.550000       760293         2.22
   10076.159     0.600000       829181         2.50
   10985.471     0.650000       898404         2.86
   11919.359     0.700000       967589         3.33
   12877.823     0.750000      1036245         4.00
   13418.495     0.775000      1071115         4.44
   13942.783     0.800000      1105872         5.00
   14409.727     0.825000      1140145         5.71
   14852.095     0.850000      1174479         6.67
   15433.727     0.875000      1209535         8.00
   15638.527     0.887500      1226626         8.89
   15867.903     0.900000      1243828        10.00
   16097.279     0.912500      1261043        11.43
   16351.231     0.925000      1278493        13.33
   16564.223     0.937500      1295541        16.00
   16662.527     0.943750      1304035        17.78
   16769.023     0.950000      1312659        20.00
   16891.903     0.956250      1321830        22.86
   17006.591     0.962500      1331119        26.67
   17104.895     0.968750      1338953        32.00
   17170.431     0.971875      1343070        35.56
   17235.967     0.975000      1347449        40.00
   17301.503     0.978125      1351572        45.71
   17367.039     0.981250      1356561        53.33
   17432.575     0.984375      1360640        64.00
   17465.343     0.985938      1362533        71.11
   17498.111     0.987500      1364724        80.00
   17530.879     0.989062      1367026        91.43
   17563.647     0.990625      1369143       106.67
   17596.415     0.992188      1371284       128.00
   17612.799     0.992969      1372597       142.22
   17629.183     0.993750      1374037       160.00
   17645.567     0.994531      1375383       182.86
   17645.567     0.995313      1375383       213.33
   17661.951     0.996094      1376486       256.00
   17678.335     0.996484      1377414       284.44
   17678.335     0.996875      1377414       320.00
   17694.719     0.997266      1378183       365.71
   17711.103     0.997656      1378852       426.67
   17727.487     0.998047      1379576       512.00
   17727.487     0.998242      1379576       568.89
   17727.487     0.998437      1379576       640.00
   17743.871     0.998633      1380302       731.43
   17743.871     0.998828      1380302       853.33
   17760.255     0.999023      1380902      1024.00
   17760.255     0.999121      1380902      1137.78
   17760.255     0.999219      1380902      1280.00
   17760.255     0.999316      1380902      1462.86
   17760.255     0.999414      1380902      1706.67
   17776.639     0.999512      1381370      2048.00
   17776.639     0.999561      1381370      2275.56
   17776.639     0.999609      1381370      2560.00
   17776.639     0.999658      1381370      2925.71
   17776.639     0.999707      1381370      3413.33
   17776.639     0.999756      1381370      4096.00
   17776.639     0.999780      1381370      4551.11
   17793.023     0.999805      1381625      5120.00
   17793.023     0.999829      1381625      5851.43
   17793.023     0.999854      1381625      6826.67
   17793.023     0.999878      1381625      8192.00
   17793.023     0.999890      1381625      9102.22
   17793.023     0.999902      1381625     10240.00
   17793.023     0.999915      1381625     11702.86
   17793.023     0.999927      1381625     13653.33
   17793.023     0.999939      1381625     16384.00
   17793.023     0.999945      1381625     18204.44
   17793.023     0.999951      1381625     20480.00
   17793.023     0.999957      1381625     23405.71
   17793.023     0.999963      1381625     27306.67
   17793.023     0.999969      1381625     32768.00
   17793.023     0.999973      1381625     36408.89
   17809.407     0.999976      1381659     40960.00
   17809.407     1.000000      1381659          inf
#[Mean    =     8226.604, StdDeviation   =     5396.266]
#[Max     =    17793.024, Total count    =      1381659]
#[Buckets =           27, SubBuckets     =         2048]
----------------------------------------------------------
  1532946 requests in 2.00m, 168.12MB read
Requests/sec:  12774.52
Transfer/sec:      1.40MB
