Running 2m test @ http://localhost:9003/api/v1/user?id=1
  4 threads and 128 connections
  Thread calibration: mean lat.: 0.910ms, rate sampling interval: 10ms
  Thread calibration: mean lat.: 0.926ms, rate sampling interval: 10ms
  Thread calibration: mean lat.: 0.909ms, rate sampling interval: 10ms
  Thread calibration: mean lat.: 0.927ms, rate sampling interval: 10ms
  Thread Stats   Avg      Stdev     Max   +/- Stdev
    Latency     0.92ms  479.75us  25.55ms   73.38%
    Req/Sec     1.61k   150.08     4.22k    64.63%
  Latency Distribution (HdrHistogram - Recorded Latency)
 50.000%    0.91ms
 75.000%    1.21ms
 90.000%    1.45ms
 99.000%    1.87ms
 99.900%    4.20ms
 99.990%   12.02ms
 99.999%   15.97ms
100.000%   25.57ms

  Detailed Percentile spectrum:
       Value   Percentile   TotalCount 1/(1-Percentile)

       0.112     0.000000            1         1.00
       0.361     0.100000        65968         1.11
       0.520     0.200000       132026         1.25
       0.661     0.300000       197975         1.43
       0.790     0.400000       263671         1.67
       0.912     0.500000       329668         2.00
       0.969     0.550000       362940         2.22
       1.027     0.600000       395599         2.50
       1.087     0.650000       428863         2.86
       1.147     0.700000       461455         3.33
       1.208     0.750000       494326         4.00
       1.241     0.775000       510871         4.44
       1.275     0.800000       527474         5.00
       1.308     0.825000       543843         5.71
       1.344     0.850000       560267         6.67
       1.390     0.875000       576808         8.00
       1.417     0.887500       584953         8.89
       1.449     0.900000       593241        10.00
       1.486     0.912500       601507        11.43
       1.526     0.925000       609707        13.33
       1.570     0.937500       617937        16.00
       1.595     0.943750       622004        17.78
       1.622     0.950000       626204        20.00
       1.648     0.956250       630242        22.86
       1.677     0.962500       634395        26.67
       1.709     0.968750       638524        32.00
       1.726     0.971875       640521        35.56
       1.746     0.975000       642621        40.00
       1.767     0.978125       644677        45.71
       1.790     0.981250       646766        53.33
       1.816     0.984375       648767        64.00
       1.830     0.985938       649799        71.11
       1.845     0.987500       650856        80.00
       1.861     0.989062       651828        91.43
       1.880     0.990625       652867       106.67
       1.905     0.992188       653923       128.00
       1.919     0.992969       654423       142.22
       1.934     0.993750       654927       160.00
       1.951     0.994531       655435       182.86
       1.971     0.995313       655960       213.33
       1.993     0.996094       656466       256.00
       2.010     0.996484       656731       284.44
       2.027     0.996875       656977       320.00
       2.047     0.997266       657236       365.71
       2.075     0.997656       657505       426.67
       2.115     0.998047       657765       512.00
       2.143     0.998242       657885       568.89
       2.197     0.998437       658008       640.00
       2.527     0.998633       658135       731.43
       3.411     0.998828       658265       853.33
       4.367     0.999023       658393      1024.00
       4.915     0.999121       658457      1137.78
       5.583     0.999219       658523      1280.00
       6.291     0.999316       658586      1462.86
       7.043     0.999414       658650      1706.67
       7.823     0.999512       658715      2048.00
       8.091     0.999561       658747      2275.56
       8.591     0.999609       658779      2560.00
       8.999     0.999658       658813      2925.71
       9.503     0.999707       658844      3413.33
      10.119     0.999756       658876      4096.00
      10.375     0.999780       658892      4551.11
      10.759     0.999805       658908      5120.00
      11.095     0.999829       658925      5851.43
      11.359     0.999854       658940      6826.67
      11.687     0.999878       658956      8192.00
      11.839     0.999890       658964      9102.22
      12.079     0.999902       658973     10240.00
      12.255     0.999915       658980     11702.86
      12.471     0.999927       658988     13653.33
      12.735     0.999939       658996     16384.00
      12.807     0.999945       659000     18204.44
      13.119     0.999951       659004     20480.00
      13.239     0.999957       659008     23405.71
      13.727     0.999963       659012     27306.67
      14.279     0.999969       659016     32768.00
      14.719     0.999973       659018     36408.89
      15.415     0.999976       659020     40960.00
      15.479     0.999979       659022     46811.43
      15.687     0.999982       659024     54613.33
      15.799     0.999985       659026     65536.00
      15.823     0.999986       659027     72817.78
      15.919     0.999988       659028     81920.00
      15.967     0.999989       659029     93622.86
      16.927     0.999991       659030    109226.67
      16.975     0.999992       659031    131072.00
      17.071     0.999993       659032    145635.56
      17.071     0.999994       659032    163840.00
      17.087     0.999995       659033    187245.71
      17.087     0.999995       659033    218453.33
      17.215     0.999996       659034    262144.00
      17.215     0.999997       659034    291271.11
      17.215     0.999997       659034    327680.00
      17.327     0.999997       659035    374491.43
      17.327     0.999998       659035    436906.67
      17.327     0.999998       659035    524288.00
      17.327     0.999998       659035    582542.22
      17.327     0.999998       659035    655360.00
      25.567     0.999999       659036    748982.86
      25.567     1.000000       659036          inf
#[Mean    =        0.921, StdDeviation   =        0.480]
#[Max     =       25.552, Total count    =       659036]
#[Buckets =           27, SubBuckets     =         2048]
----------------------------------------------------------
  719591 requests in 2.00m, 78.92MB read
Requests/sec:   5996.56
Transfer/sec:    673.44KB
