Running 2m test @ http://localhost:9000/api/v1/users
  4 threads and 128 connections
  Thread calibration: mean lat.: 1.502ms, rate sampling interval: 10ms
  Thread calibration: mean lat.: 1.485ms, rate sampling interval: 10ms
  Thread calibration: mean lat.: 1.493ms, rate sampling interval: 10ms
  Thread calibration: mean lat.: 3.255ms, rate sampling interval: 10ms
  Thread Stats   Avg      Stdev     Max   +/- Stdev
    Latency     1.96ms    1.06ms  19.60ms   72.13%
    Req/Sec   525.65    572.59     3.56k    95.69%
  Latency Distribution (HdrHistogram - Recorded Latency)
 50.000%    1.61ms
 75.000%    2.42ms
 90.000%    3.74ms
 99.000%    4.76ms
 99.900%    5.42ms
 99.990%   11.57ms
 99.999%   16.64ms
100.000%   19.61ms

  Detailed Percentile spectrum:
       Value   Percentile   TotalCount 1/(1-Percentile)

       0.573     0.000000            1         1.00
       0.915     0.100000        22044         1.11
       1.107     0.200000        43937         1.25
       1.272     0.300000        65948         1.43
       1.434     0.400000        87916         1.67
       1.606     0.500000       109870         2.00
       1.699     0.550000       120896         2.22
       1.812     0.600000       131841         2.50
       1.958     0.650000       142828         2.86
       2.149     0.700000       153796         3.33
       2.419     0.750000       164798         4.00
       2.649     0.775000       170247         4.44
       2.905     0.800000       175755         5.00
       3.139     0.825000       181257         5.71
       3.357     0.850000       186723         6.67
       3.557     0.875000       192256         8.00
       3.647     0.887500       194996         8.89
       3.741     0.900000       197700        10.00
       3.835     0.912500       200458        11.43
       3.929     0.925000       203204        13.33
       4.031     0.937500       205968        16.00
       4.085     0.943750       207355        17.78
       4.143     0.950000       208764        20.00
       4.203     0.956250       210085        22.86
       4.275     0.962500       211461        26.67
       4.351     0.968750       212814        32.00
       4.399     0.971875       213531        35.56
       4.443     0.975000       214200        40.00
       4.495     0.978125       214883        45.71
       4.551     0.981250       215568        53.33
       4.615     0.984375       216266        64.00
       4.647     0.985938       216579        71.11
       4.691     0.987500       216935        80.00
       4.735     0.989062       217291        91.43
       4.779     0.990625       217614       106.67
       4.831     0.992188       217951       128.00
       4.863     0.992969       218130       142.22
       4.895     0.993750       218297       160.00
       4.939     0.994531       218481       182.86
       4.979     0.995313       218640       213.33
       5.027     0.996094       218815       256.00
       5.059     0.996484       218894       284.44
       5.095     0.996875       218991       320.00
       5.135     0.997266       219076       365.71
       5.179     0.997656       219161       426.67
       5.219     0.998047       219243       512.00
       5.239     0.998242       219280       568.89
       5.267     0.998437       219324       640.00
       5.311     0.998633       219369       731.43
       5.355     0.998828       219409       853.33
       5.427     0.999023       219454      1024.00
       5.471     0.999121       219474      1137.78
       5.523     0.999219       219495      1280.00
       5.643     0.999316       219517      1462.86
       5.815     0.999414       219538      1706.67
       6.083     0.999512       219559      2048.00
       6.235     0.999561       219570      2275.56
       6.303     0.999609       219581      2560.00
       6.487     0.999658       219591      2925.71
       6.823     0.999707       219602      3413.33
       7.359     0.999756       219613      4096.00
       8.935     0.999780       219618      4551.11
      10.023     0.999805       219624      5120.00
      10.407     0.999829       219629      5851.43
      11.167     0.999854       219634      6826.67
      11.423     0.999878       219640      8192.00
      11.487     0.999890       219642      9102.22
      11.575     0.999902       219645     10240.00
      11.735     0.999915       219648     11702.86
      12.119     0.999927       219650     13653.33
      12.615     0.999939       219653     16384.00
      12.759     0.999945       219654     18204.44
      12.927     0.999951       219656     20480.00
      12.999     0.999957       219657     23405.71
      13.087     0.999963       219658     27306.67
      15.111     0.999969       219660     32768.00
      15.111     0.999973       219660     36408.89
      15.671     0.999976       219661     40960.00
      16.511     0.999979       219662     46811.43
      16.511     0.999982       219662     54613.33
      16.575     0.999985       219663     65536.00
      16.575     0.999986       219663     72817.78
      16.639     0.999988       219664     81920.00
      16.639     0.999989       219664     93622.86
      16.639     0.999991       219664    109226.67
      19.311     0.999992       219665    131072.00
      19.311     0.999993       219665    145635.56
      19.311     0.999994       219665    163840.00
      19.311     0.999995       219665    187245.71
      19.311     0.999995       219665    218453.33
      19.615     0.999996       219666    262144.00
      19.615     1.000000       219666          inf
#[Mean    =        1.959, StdDeviation   =        1.063]
#[Max     =       19.600, Total count    =       219666]
#[Buckets =           27, SubBuckets     =         2048]
----------------------------------------------------------
  239450 requests in 2.00m, 2.05GB read
Requests/sec:   1994.72
Transfer/sec:     17.51MB
