Running 2m test @ http://localhost:9002/api/v1/user?id=1
  4 threads and 128 connections
  Thread calibration: mean lat.: 1.030ms, rate sampling interval: 10ms
  Thread calibration: mean lat.: 1.022ms, rate sampling interval: 10ms
  Thread calibration: mean lat.: 1.028ms, rate sampling interval: 10ms
  Thread calibration: mean lat.: 1.018ms, rate sampling interval: 10ms
  Thread Stats   Avg      Stdev     Max   +/- Stdev
    Latency     1.02ms  639.66us  21.74ms   86.01%
    Req/Sec     3.15k   251.36     9.33k    88.21%
  Latency Distribution (HdrHistogram - Recorded Latency)
 50.000%    0.99ms
 75.000%    1.32ms
 90.000%    1.57ms
 99.000%    2.04ms
 99.900%    9.82ms
 99.990%   15.98ms
 99.999%   20.00ms
100.000%   21.76ms

  Detailed Percentile spectrum:
       Value   Percentile   TotalCount 1/(1-Percentile)

       0.122     0.000000            1         1.00
       0.426     0.100000       132184         1.11
       0.580     0.200000       264306         1.25
       0.722     0.300000       396000         1.43
       0.857     0.400000       527454         1.67
       0.987     0.500000       659404         2.00
       1.053     0.550000       725060         2.22
       1.120     0.600000       791489         2.50
       1.186     0.650000       857665         2.86
       1.252     0.700000       922920         3.33
       1.321     0.750000       988913         4.00
       1.357     0.775000      1022263         4.44
       1.393     0.800000      1055080         5.00
       1.430     0.825000      1087520         5.71
       1.471     0.850000      1120982         6.67
       1.515     0.875000      1153427         8.00
       1.540     0.887500      1170207         8.89
       1.566     0.900000      1186284        10.00
       1.596     0.912500      1203189        11.43
       1.629     0.925000      1219231        13.33
       1.669     0.937500      1235969        16.00
       1.692     0.943750      1244158        17.78
       1.717     0.950000      1252266        20.00
       1.746     0.956250      1260434        22.86
       1.778     0.962500      1268651        26.67
       1.815     0.968750      1277013        32.00
       1.835     0.971875      1281083        35.56
       1.857     0.975000      1285133        40.00
       1.883     0.978125      1289355        45.71
       1.912     0.981250      1293463        53.33
       1.946     0.984375      1297566        64.00
       1.966     0.985938      1299619        71.11
       1.989     0.987500      1301637        80.00
       2.016     0.989062      1303659        91.43
       2.053     0.990625      1305800       106.67
       2.099     0.992188      1307843       128.00
       2.131     0.992969      1308853       142.22
       2.169     0.993750      1309852       160.00
       2.223     0.994531      1310888       182.86
       2.343     0.995313      1311903       213.33
       3.281     0.996094      1312928       256.00
       4.013     0.996484      1313443       284.44
       4.855     0.996875      1313958       320.00
       5.803     0.997266      1314471       365.71
       6.663     0.997656      1314986       426.67
       7.571     0.998047      1315501       512.00
       7.999     0.998242      1315759       568.89
       8.415     0.998437      1316023       640.00
       8.855     0.998633      1316277       731.43
       9.327     0.998828      1316532       853.33
       9.887     0.999023      1316791      1024.00
      10.191     0.999121      1316919      1137.78
      10.463     0.999219      1317049      1280.00
      10.759     0.999316      1317180      1462.86
      11.031     0.999414      1317304      1706.67
      11.415     0.999512      1317434      2048.00
      11.615     0.999561      1317497      2275.56
      11.791     0.999609      1317564      2560.00
      12.095     0.999658      1317626      2925.71
      12.351     0.999707      1317690      3413.33
      12.647     0.999756      1317754      4096.00
      12.839     0.999780      1317787      4551.11
      13.167     0.999805      1317818      5120.00
      13.591     0.999829      1317851      5851.43
      14.063     0.999854      1317882      6826.67
      15.143     0.999878      1317915      8192.00
      15.591     0.999890      1317931      9102.22
      16.079     0.999902      1317947     10240.00
      16.735     0.999915      1317963     11702.86
      17.151     0.999927      1317979     13653.33
      17.567     0.999939      1317995     16384.00
      17.823     0.999945      1318003     18204.44
      18.207     0.999951      1318011     20480.00
      18.527     0.999957      1318020     23405.71
      18.799     0.999963      1318027     27306.67
      18.975     0.999969      1318035     32768.00
      19.215     0.999973      1318040     36408.89
      19.247     0.999976      1318043     40960.00
      19.375     0.999979      1318047     46811.43
      19.615     0.999982      1318051     54613.33
      19.807     0.999985      1318055     65536.00
      19.823     0.999986      1318057     72817.78
      19.903     0.999988      1318059     81920.00
      19.983     0.999989      1318061     93622.86
      20.127     0.999991      1318063    109226.67
      20.159     0.999992      1318066    131072.00
      20.159     0.999993      1318066    145635.56
      20.191     0.999994      1318067    163840.00
      20.287     0.999995      1318068    187245.71
      20.351     0.999995      1318069    218453.33
      20.447     0.999996      1318070    262144.00
      20.591     0.999997      1318071    291271.11
      20.591     0.999997      1318071    327680.00
      20.623     0.999997      1318072    374491.43
      20.623     0.999998      1318072    436906.67
      21.023     0.999998      1318073    524288.00
      21.023     0.999998      1318073    582542.22
      21.023     0.999998      1318073    655360.00
      21.535     0.999999      1318074    748982.86
      21.535     0.999999      1318074    873813.33
      21.535     0.999999      1318074   1048576.00
      21.535     0.999999      1318074   1165084.44
      21.535     0.999999      1318074   1310720.00
      21.759     0.999999      1318075   1497965.71
      21.759     1.000000      1318075          inf
#[Mean    =        1.022, StdDeviation   =        0.640]
#[Max     =       21.744, Total count    =      1318075]
#[Buckets =           27, SubBuckets     =         2048]
----------------------------------------------------------
  1439116 requests in 2.00m, 157.83MB read
Requests/sec:  11992.58
Transfer/sec:      1.32MB
