Running 2m test @ http://localhost:9003/api/v1/user?id=1
  4 threads and 128 connections
  Thread calibration: mean lat.: 1.194ms, rate sampling interval: 10ms
  Thread calibration: mean lat.: 0.911ms, rate sampling interval: 10ms
  Thread calibration: mean lat.: 0.895ms, rate sampling interval: 10ms
  Thread calibration: mean lat.: 0.894ms, rate sampling interval: 10ms
  Thread Stats   Avg      Stdev     Max   +/- Stdev
    Latency     0.98ms  474.52us  17.71ms   67.18%
    Req/Sec     1.33k   819.94     3.56k    75.85%
  Latency Distribution (HdrHistogram - Recorded Latency)
 50.000%    0.96ms
 75.000%    1.28ms
 90.000%    1.61ms
 99.000%    2.01ms
 99.900%    2.55ms
 99.990%    7.98ms
 99.999%    9.08ms
100.000%   17.73ms

  Detailed Percentile spectrum:
       Value   Percentile   TotalCount 1/(1-Percentile)

       0.108     0.000000            1         1.00
       0.368     0.100000        55173         1.11
       0.546     0.200000       109999         1.25
       0.698     0.300000       164919         1.43
       0.832     0.400000       219730         1.67
       0.961     0.500000       274909         2.00
       1.023     0.550000       302077         2.22
       1.085     0.600000       329662         2.50
       1.146     0.650000       357443         2.86
       1.207     0.700000       384541         3.33
       1.276     0.750000       411958         4.00
       1.313     0.775000       425847         4.44
       1.352     0.800000       439578         5.00
       1.402     0.825000       453281         5.71
       1.465     0.850000       467026         6.67
       1.534     0.875000       480572         8.00
       1.569     0.887500       487508         8.89
       1.605     0.900000       494378        10.00
       1.642     0.912500       501166        11.43
       1.680     0.925000       508141        13.33
       1.720     0.937500       514964        16.00
       1.741     0.943750       518415        17.78
       1.764     0.950000       521897        20.00
       1.788     0.956250       525298        22.86
       1.815     0.962500       528732        26.67
       1.846     0.968750       532139        32.00
       1.863     0.971875       533839        35.56
       1.881     0.975000       535521        40.00
       1.902     0.978125       537223        45.71
       1.925     0.981250       538956        53.33
       1.951     0.984375       540642        64.00
       1.966     0.985938       541508        71.11
       1.983     0.987500       542367        80.00
       2.002     0.989062       543230        91.43
       2.023     0.990625       544097       106.67
       2.049     0.992188       544957       128.00
       2.063     0.992969       545387       142.22
       2.077     0.993750       545795       160.00
       2.095     0.994531       546237       182.86
       2.113     0.995313       546648       213.33
       2.139     0.996094       547079       256.00
       2.153     0.996484       547303       284.44
       2.167     0.996875       547504       320.00
       2.189     0.997266       547721       365.71
       2.213     0.997656       547936       426.67
       2.243     0.998047       548151       512.00
       2.259     0.998242       548252       568.89
       2.287     0.998437       548358       640.00
       2.319     0.998633       548464       731.43
       2.377     0.998828       548571       853.33
       2.603     0.999023       548677      1024.00
       3.045     0.999121       548730      1137.78
       3.489     0.999219       548783      1280.00
       4.163     0.999316       548837      1462.86
       4.811     0.999414       548891      1706.67
       5.503     0.999512       548944      2048.00
       5.703     0.999561       548971      2275.56
       6.047     0.999609       548998      2560.00
       6.275     0.999658       549025      2925.71
       6.487     0.999707       549053      3413.33
       6.891     0.999756       549078      4096.00
       7.099     0.999780       549094      4551.11
       7.299     0.999805       549105      5120.00
       7.523     0.999829       549119      5851.43
       7.699     0.999854       549132      6826.67
       7.891     0.999878       549145      8192.00
       7.963     0.999890       549153      9102.22
       8.003     0.999902       549159     10240.00
       8.135     0.999915       549166     11702.86
       8.231     0.999927       549172     13653.33
       8.351     0.999939       549179     16384.00
       8.383     0.999945       549182     18204.44
       8.439     0.999951       549186     20480.00
       8.495     0.999957       549189     23405.71
       8.583     0.999963       549192     27306.67
       8.639     0.999969       549197     32768.00
       8.639     0.999973       549197     36408.89
       8.679     0.999976       549199     40960.00
       8.767     0.999979       549201     46811.43
       8.839     0.999982       549203     54613.33
       8.847     0.999985       549204     65536.00
       8.855     0.999986       549205     72817.78
       8.991     0.999988       549206     81920.00
       9.079     0.999989       549207     93622.86
       9.079     0.999991       549207    109226.67
       9.231     0.999992       549208    131072.00
       9.319     0.999993       549209    145635.56
       9.319     0.999994       549209    163840.00
       9.383     0.999995       549210    187245.71
       9.383     0.999995       549210    218453.33
       9.383     0.999996       549210    262144.00
      14.295     0.999997       549211    291271.11
      14.295     0.999997       549211    327680.00
      14.295     0.999997       549211    374491.43
      14.295     0.999998       549211    436906.67
      14.295     0.999998       549211    524288.00
      17.727     0.999998       549212    582542.22
      17.727     1.000000       549212          inf
#[Mean    =        0.976, StdDeviation   =        0.475]
#[Max     =       17.712, Total count    =       549212]
#[Buckets =           27, SubBuckets     =         2048]
----------------------------------------------------------
  598523 requests in 2.00m, 65.64MB read
Requests/sec:   4987.11
Transfer/sec:    560.08KB
