Running 2m test @ http://localhost:9002/api/v1/users
  4 threads and 128 connections
  Thread calibration: mean lat.: 1.698ms, rate sampling interval: 10ms
  Thread calibration: mean lat.: 1.763ms, rate sampling interval: 10ms
  Thread calibration: mean lat.: 1.686ms, rate sampling interval: 10ms
  Thread calibration: mean lat.: 1.767ms, rate sampling interval: 10ms
  Thread Stats   Avg      Stdev     Max   +/- Stdev
    Latency     1.77ms    0.94ms  39.42ms   96.38%
    Req/Sec     2.11k   191.07     4.33k    71.55%
  Latency Distribution (HdrHistogram - Recorded Latency)
 50.000%    1.66ms
 75.000%    1.97ms
 90.000%    2.28ms
 99.000%    3.89ms
 99.900%   16.75ms
 99.990%   29.34ms
 99.999%   34.40ms
100.000%   39.46ms

  Detailed Percentile spectrum:
       Value   Percentile   TotalCount 1/(1-Percentile)

       0.698     0.000000            1         1.00
       1.206     0.100000        88364         1.11
       1.339     0.200000       176316         1.25
       1.450     0.300000       263779         1.43
       1.555     0.400000       351799         1.67
       1.660     0.500000       439557         2.00
       1.715     0.550000       483471         2.22
       1.773     0.600000       527549         2.50
       1.834     0.650000       571670         2.86
       1.899     0.700000       615587         3.33
       1.969     0.750000       659174         4.00
       2.007     0.775000       681172         4.44
       2.049     0.800000       703467         5.00
       2.095     0.825000       725727         5.71
       2.145     0.850000       747341         6.67
       2.205     0.875000       769153         8.00
       2.239     0.887500       779904         8.89
       2.279     0.900000       791039        10.00
       2.325     0.912500       802163        11.43
       2.379     0.925000       812933        13.33
       2.449     0.937500       823957        16.00
       2.491     0.943750       829493        17.78
       2.541     0.950000       834792        20.00
       2.605     0.956250       840329        22.86
       2.685     0.962500       845833        26.67
       2.787     0.968750       851305        32.00
       2.847     0.971875       854052        35.56
       2.919     0.975000       856789        40.00
       3.003     0.978125       859526        45.71
       3.115     0.981250       862251        53.33
       3.291     0.984375       865011        64.00
       3.417     0.985938       866377        71.11
       3.571     0.987500       867746        80.00
       3.757     0.989062       869116        91.43
       3.989     0.990625       870485       106.67
       4.267     0.992188       871869       128.00
       4.431     0.992969       872548       142.22
       4.623     0.993750       873240       160.00
       4.867     0.994531       873922       182.86
       5.151     0.995313       874603       213.33
       5.627     0.996094       875290       256.00
       5.951     0.996484       875630       284.44
       6.423     0.996875       875974       320.00
       7.115     0.997266       876318       365.71
       8.115     0.997656       876662       426.67
       9.719     0.998047       877006       512.00
      10.735     0.998242       877175       568.89
      12.175     0.998437       877347       640.00
      13.655     0.998633       877519       731.43
      15.207     0.998828       877690       853.33
      16.943     0.999023       877862      1024.00
      17.871     0.999121       877947      1137.78
      19.135     0.999219       878033      1280.00
      20.255     0.999316       878119      1462.86
      21.311     0.999414       878206      1706.67
      22.703     0.999512       878291      2048.00
      23.199     0.999561       878333      2275.56
      23.999     0.999609       878378      2560.00
      24.735     0.999658       878420      2925.71
      25.359     0.999707       878462      3413.33
      26.095     0.999756       878506      4096.00
      26.527     0.999780       878528      4551.11
      26.831     0.999805       878548      5120.00
      27.487     0.999829       878569      5851.43
      28.031     0.999854       878591      6826.67
      28.559     0.999878       878613      8192.00
      29.039     0.999890       878623      9102.22
      29.471     0.999902       878637     10240.00
      29.727     0.999915       878646     11702.86
      29.951     0.999927       878655     13653.33
      30.527     0.999939       878667     16384.00
      30.959     0.999945       878671     18204.44
      31.439     0.999951       878677     20480.00
      31.583     0.999957       878682     23405.71
      31.839     0.999963       878687     27306.67
      32.431     0.999969       878693     32768.00
      32.591     0.999973       878695     36408.89
      32.959     0.999976       878698     40960.00
      33.215     0.999979       878701     46811.43
      33.567     0.999982       878703     54613.33
      34.079     0.999985       878706     65536.00
      34.175     0.999986       878707     72817.78
      34.399     0.999988       878710     81920.00
      34.399     0.999989       878710     93622.86
      34.559     0.999991       878711    109226.67
      35.135     0.999992       878713    131072.00
      35.135     0.999993       878713    145635.56
      36.255     0.999994       878714    163840.00
      36.351     0.999995       878715    187245.71
      36.351     0.999995       878715    218453.33
      38.143     0.999996       878716    262144.00
      38.143     0.999997       878716    291271.11
      38.303     0.999997       878717    327680.00
      38.303     0.999997       878717    374491.43
      38.303     0.999998       878717    436906.67
      39.167     0.999998       878718    524288.00
      39.167     0.999998       878718    582542.22
      39.167     0.999998       878718    655360.00
      39.167     0.999999       878718    748982.86
      39.167     0.999999       878718    873813.33
      39.455     0.999999       878719   1048576.00
      39.455     1.000000       878719          inf
#[Mean    =        1.767, StdDeviation   =        0.944]
#[Max     =       39.424, Total count    =       878719]
#[Buckets =           27, SubBuckets     =         2048]
----------------------------------------------------------
  959431 requests in 2.00m, 8.24GB read
Requests/sec:   7995.19
Transfer/sec:     70.29MB
