Running 2m test @ http://localhost:9003/api/v1/user?id=1
  4 threads and 128 connections
  Thread calibration: mean lat.: 1.407ms, rate sampling interval: 10ms
  Thread calibration: mean lat.: 1.413ms, rate sampling interval: 10ms
  Thread calibration: mean lat.: 1.416ms, rate sampling interval: 10ms
  Thread calibration: mean lat.: 1.488ms, rate sampling interval: 10ms
  Thread Stats   Avg      Stdev     Max   +/- Stdev
    Latency     1.45ms    1.01ms  22.78ms   92.56%
    Req/Sec     7.90k     1.00k   18.00k    84.12%
  Latency Distribution (HdrHistogram - Recorded Latency)
 50.000%    1.31ms
 75.000%    1.78ms
 90.000%    2.20ms
 99.000%    5.34ms
 99.900%   12.52ms
 99.990%   16.64ms
 99.999%   21.58ms
100.000%   22.80ms

  Detailed Percentile spectrum:
       Value   Percentile   TotalCount 1/(1-Percentile)

       0.125     0.000000            1         1.00
       0.659     0.100000       330584         1.11
       0.842     0.200000       659165         1.25
       0.998     0.300000       988671         1.43
       1.151     0.400000      1320156         1.67
       1.309     0.500000      1649161         2.00
       1.392     0.550000      1812413         2.22
       1.480     0.600000      1977975         2.50
       1.573     0.650000      2143135         2.86
       1.671     0.700000      2307628         3.33
       1.777     0.750000      2472505         4.00
       1.833     0.775000      2554161         4.44
       1.893     0.800000      2636335         5.00
       1.958     0.825000      2719159         5.71
       2.029     0.850000      2801733         6.67
       2.109     0.875000      2884613         8.00
       2.153     0.887500      2925695         8.89
       2.201     0.900000      2967226        10.00
       2.253     0.912500      3007684        11.43
       2.313     0.925000      3049148        13.33
       2.383     0.937500      3089919        16.00
       2.423     0.943750      3110207        17.78
       2.469     0.950000      3131012        20.00
       2.521     0.956250      3151259        22.86
       2.583     0.962500      3171653        26.67
       2.661     0.968750      3192507        32.00
       2.707     0.971875      3202543        35.56
       2.765     0.975000      3212977        40.00
       2.837     0.978125      3223332        45.71
       2.937     0.981250      3233575        53.33
       3.099     0.984375      3243791        64.00
       3.241     0.985938      3248891        71.11
       3.537     0.987500      3254046        80.00
       4.543     0.989062      3259182        91.43
       5.859     0.990625      3264323       106.67
       7.027     0.992188      3269480       128.00
       7.547     0.992969      3272059       142.22
       8.047     0.993750      3274624       160.00
       8.559     0.994531      3277217       182.86
       9.095     0.995313      3279768       213.33
       9.647     0.996094      3282350       256.00
       9.943     0.996484      3283629       284.44
      10.271     0.996875      3284918       320.00
      10.607     0.997266      3286208       365.71
      10.975     0.997656      3287504       426.67
      11.367     0.998047      3288794       512.00
      11.583     0.998242      3289435       568.89
      11.807     0.998437      3290078       640.00
      12.007     0.998633      3290709       731.43
      12.255     0.998828      3291361       853.33
      12.559     0.999023      3292011      1024.00
      12.711     0.999121      3292326      1137.78
      12.879     0.999219      3292642      1280.00
      13.087     0.999316      3292971      1462.86
      13.319     0.999414      3293285      1706.67
      13.559     0.999512      3293608      2048.00
      13.719     0.999561      3293771      2275.56
      13.887     0.999609      3293927      2560.00
      14.087     0.999658      3294089      2925.71
      14.303     0.999707      3294251      3413.33
      14.543     0.999756      3294410      4096.00
      14.719     0.999780      3294494      4551.11
      14.879     0.999805      3294572      5120.00
      15.103     0.999829      3294650      5851.43
      15.423     0.999854      3294732      6826.67
      15.847     0.999878      3294813      8192.00
      16.199     0.999890      3294851      9102.22
      16.687     0.999902      3294892     10240.00
      17.503     0.999915      3294933     11702.86
      18.415     0.999927      3294972     13653.33
      18.895     0.999939      3295012     16384.00
      19.103     0.999945      3295032     18204.44
      19.311     0.999951      3295053     20480.00
      19.535     0.999957      3295073     23405.71
      20.015     0.999963      3295093     27306.67
      20.399     0.999969      3295113     32768.00
      20.767     0.999973      3295123     36408.89
      20.895     0.999976      3295134     40960.00
      21.103     0.999979      3295143     46811.43
      21.247     0.999982      3295154     54613.33
      21.343     0.999985      3295163     65536.00
      21.439     0.999986      3295168     72817.78
      21.519     0.999988      3295173     81920.00
      21.583     0.999989      3295180     93622.86
      21.679     0.999991      3295183    109226.67
      21.759     0.999992      3295188    131072.00
      21.823     0.999993      3295192    145635.56
      21.855     0.999994      3295193    163840.00
      21.951     0.999995      3295196    187245.71
      22.143     0.999995      3295198    218453.33
      22.207     0.999996      3295201    262144.00
      22.223     0.999997      3295202    291271.11
      22.239     0.999997      3295203    327680.00
      22.287     0.999997      3295206    374491.43
      22.287     0.999998      3295206    436906.67
      22.335     0.999998      3295207    524288.00
      22.447     0.999998      3295208    582542.22
      22.447     0.999998      3295208    655360.00
      22.527     0.999999      3295209    748982.86
      22.575     0.999999      3295210    873813.33
      22.575     0.999999      3295210   1048576.00
      22.607     0.999999      3295211   1165084.44
      22.607     0.999999      3295211   1310720.00
      22.607     0.999999      3295211   1497965.71
      22.687     0.999999      3295212   1747626.67
      22.687     1.000000      3295212   2097152.00
      22.687     1.000000      3295212   2330168.89
      22.687     1.000000      3295212   2621440.00
      22.687     1.000000      3295212   2995931.43
      22.799     1.000000      3295213   3495253.33
      22.799     1.000000      3295213          inf
#[Mean    =        1.448, StdDeviation   =        1.011]
#[Max     =       22.784, Total count    =      3295213]
#[Buckets =           27, SubBuckets     =         2048]
----------------------------------------------------------
  3590777 requests in 2.00m, 393.81MB read
Requests/sec:  29922.71
Transfer/sec:      3.28MB
