Running 2m test @ http://localhost:9002/api/v1/user?id=1
  4 threads and 128 connections
  Thread calibration: mean lat.: 1.018ms, rate sampling interval: 10ms
  Thread calibration: mean lat.: 1.026ms, rate sampling interval: 10ms
  Thread calibration: mean lat.: 1.025ms, rate sampling interval: 10ms
  Thread calibration: mean lat.: 1.025ms, rate sampling interval: 10ms
  Thread Stats   Avg      Stdev     Max   +/- Stdev
    Latency     1.02ms  604.41us  20.72ms   82.99%
    Req/Sec     3.15k   242.48     9.00k    82.89%
  Latency Distribution (HdrHistogram - Recorded Latency)
 50.000%    0.99ms
 75.000%    1.32ms
 90.000%    1.57ms
 99.000%    2.04ms
 99.900%    8.98ms
 99.990%   14.16ms
 99.999%   18.64ms
100.000%   20.74ms

  Detailed Percentile spectrum:
       Value   Percentile   TotalCount 1/(1-Percentile)

       0.129     0.000000            1         1.00
       0.426     0.100000       132241         1.11
       0.582     0.200000       264061         1.25
       0.723     0.300000       396247         1.43
       0.855     0.400000       527265         1.67
       0.987     0.500000       659593         2.00
       1.053     0.550000       725957         2.22
       1.118     0.600000       790994         2.50
       1.185     0.650000       857401         2.86
       1.252     0.700000       922898         3.33
       1.321     0.750000       988984         4.00
       1.356     0.775000      1022096         4.44
       1.391     0.800000      1054656         5.00
       1.428     0.825000      1087800         5.71
       1.468     0.850000      1120486         6.67
       1.514     0.875000      1153827         8.00
       1.539     0.887500      1170149         8.89
       1.567     0.900000      1186685        10.00
       1.597     0.912500      1202796        11.43
       1.632     0.925000      1219439        13.33
       1.671     0.937500      1235756        16.00
       1.693     0.943750      1243994        17.78
       1.717     0.950000      1252178        20.00
       1.745     0.956250      1260680        22.86
       1.776     0.962500      1268783        26.67
       1.811     0.968750      1276949        32.00
       1.831     0.971875      1281134        35.56
       1.853     0.975000      1285170        40.00
       1.879     0.978125      1289327        45.71
       1.907     0.981250      1293389        53.33
       1.942     0.984375      1297497        64.00
       1.963     0.985938      1299572        71.11
       1.987     0.987500      1301642        80.00
       2.016     0.989062      1303684        91.43
       2.051     0.990625      1305830       106.67
       2.091     0.992188      1307808       128.00
       2.117     0.992969      1308808       142.22
       2.151     0.993750      1309863       160.00
       2.201     0.994531      1310903       182.86
       2.279     0.995313      1311896       213.33
       2.713     0.996094      1312925       256.00
       3.363     0.996484      1313440       284.44
       4.159     0.996875      1313956       320.00
       5.071     0.997266      1314470       365.71
       5.991     0.997656      1314984       426.67
       6.835     0.998047      1315505       512.00
       7.247     0.998242      1315761       568.89
       7.619     0.998437      1316015       640.00
       8.035     0.998633      1316271       731.43
       8.471     0.998828      1316529       853.33
       9.055     0.999023      1316788      1024.00
       9.295     0.999121      1316916      1137.78
       9.607     0.999219      1317047      1280.00
       9.943     0.999316      1317174      1462.86
      10.271     0.999414      1317307      1706.67
      10.631     0.999512      1317430      2048.00
      10.903     0.999561      1317494      2275.56
      11.143     0.999609      1317560      2560.00
      11.463     0.999658      1317623      2925.71
      11.815     0.999707      1317687      3413.33
      12.183     0.999756      1317752      4096.00
      12.375     0.999780      1317784      4551.11
      12.591     0.999805      1317817      5120.00
      12.863     0.999829      1317848      5851.43
      13.159     0.999854      1317880      6826.67
      13.535     0.999878      1317913      8192.00
      13.855     0.999890      1317929      9102.22
      14.223     0.999902      1317945     10240.00
      14.943     0.999915      1317961     11702.86
      15.399     0.999927      1317977     13653.33
      15.943     0.999939      1317993     16384.00
      16.271     0.999945      1318001     18204.44
      16.431     0.999951      1318009     20480.00
      16.671     0.999957      1318017     23405.71
      16.815     0.999963      1318026     27306.67
      17.215     0.999969      1318033     32768.00
      17.327     0.999973      1318037     36408.89
      17.631     0.999976      1318041     40960.00
      17.743     0.999979      1318045     46811.43
      17.951     0.999982      1318049     54613.33
      18.079     0.999985      1318053     65536.00
      18.319     0.999986      1318055     72817.78
      18.511     0.999988      1318057     81920.00
      18.575     0.999989      1318059     93622.86
      18.735     0.999991      1318062    109226.67
      18.767     0.999992      1318063    131072.00
      18.863     0.999993      1318064    145635.56
      19.215     0.999994      1318065    163840.00
      19.471     0.999995      1318066    187245.71
      19.535     0.999995      1318067    218453.33
      19.551     0.999996      1318068    262144.00
      19.647     0.999997      1318069    291271.11
      19.647     0.999997      1318069    327680.00
      19.711     0.999997      1318070    374491.43
      19.711     0.999998      1318070    436906.67
      19.871     0.999998      1318071    524288.00
      19.871     0.999998      1318071    582542.22
      19.871     0.999998      1318071    655360.00
      20.079     0.999999      1318072    748982.86
      20.079     0.999999      1318072    873813.33
      20.079     0.999999      1318072   1048576.00
      20.079     0.999999      1318072   1165084.44
      20.079     0.999999      1318072   1310720.00
      20.735     0.999999      1318073   1497965.71
      20.735     1.000000      1318073          inf
#[Mean    =        1.019, StdDeviation   =        0.604]
#[Max     =       20.720, Total count    =      1318073]
#[Buckets =           27, SubBuckets     =         2048]
----------------------------------------------------------
  1439116 requests in 2.00m, 157.83MB read
Requests/sec:  11992.57
Transfer/sec:      1.32MB
