Running 2m test @ http://localhost:9000/api/v1/user?id=1
  4 threads and 128 connections
  Thread calibration: mean lat.: 1.060ms, rate sampling interval: 10ms
  Thread calibration: mean lat.: 1.059ms, rate sampling interval: 10ms
  Thread calibration: mean lat.: 1.060ms, rate sampling interval: 10ms
  Thread calibration: mean lat.: 1.065ms, rate sampling interval: 10ms
  Thread Stats   Avg      Stdev     Max   +/- Stdev
    Latency     1.02ms  590.07us  22.90ms   75.64%
    Req/Sec     7.90k   509.26    19.44k    77.90%
  Latency Distribution (HdrHistogram - Recorded Latency)
 50.000%    0.98ms
 75.000%    1.36ms
 90.000%    1.66ms
 99.000%    2.20ms
 99.900%    3.71ms
 99.990%   17.01ms
 99.999%   19.93ms
100.000%   22.91ms

  Detailed Percentile spectrum:
       Value   Percentile   TotalCount 1/(1-Percentile)

       0.068     0.000000            1         1.00
       0.388     0.100000       330299         1.11
       0.546     0.200000       661071         1.25
       0.690     0.300000       989485         1.43
       0.834     0.400000      1319405         1.67
       0.980     0.500000      1648669         2.00
       1.053     0.550000      1813888         2.22
       1.126     0.600000      1977161         2.50
       1.201     0.650000      2141995         2.86
       1.278     0.700000      2307659         3.33
       1.356     0.750000      2472870         4.00
       1.396     0.775000      2554190         4.44
       1.440     0.800000      2637515         5.00
       1.487     0.825000      2719348         5.71
       1.539     0.850000      2801795         6.67
       1.597     0.875000      2883347         8.00
       1.630     0.887500      2925063         8.89
       1.665     0.900000      2966507        10.00
       1.703     0.912500      3007230        11.43
       1.746     0.925000      3048619        13.33
       1.794     0.937500      3089486        16.00
       1.822     0.943750      3110538        17.78
       1.851     0.950000      3130626        20.00
       1.884     0.956250      3151480        22.86
       1.920     0.962500      3171758        26.67
       1.963     0.968750      3192654        32.00
       1.986     0.971875      3202706        35.56
       2.012     0.975000      3212940        40.00
       2.041     0.978125      3223288        45.71
       2.073     0.981250      3233479        53.33
       2.111     0.984375      3243895        64.00
       2.133     0.985938      3249127        71.11
       2.157     0.987500      3254318        80.00
       2.183     0.989062      3259344        91.43
       2.213     0.990625      3264538       106.67
       2.247     0.992188      3269474       128.00
       2.267     0.992969      3272029       142.22
       2.291     0.993750      3274735       160.00
       2.317     0.994531      3277294       182.86
       2.345     0.995313      3279759       213.33
       2.383     0.996094      3282381       256.00
       2.407     0.996484      3283686       284.44
       2.433     0.996875      3284950       320.00
       2.463     0.997266      3286183       365.71
       2.503     0.997656      3287478       426.67
       2.563     0.998047      3288771       512.00
       2.607     0.998242      3289416       568.89
       2.673     0.998437      3290050       640.00
       2.801     0.998633      3290682       731.43
       3.113     0.998828      3291323       853.33
       3.855     0.999023      3291967      1024.00
       4.699     0.999121      3292288      1137.78
       6.131     0.999219      3292611      1280.00
       7.747     0.999316      3292932      1462.86
       9.247     0.999414      3293255      1706.67
      10.639     0.999512      3293577      2048.00
      11.439     0.999561      3293736      2275.56
      12.087     0.999609      3293897      2560.00
      12.703     0.999658      3294059      2925.71
      13.535     0.999707      3294219      3413.33
      14.519     0.999756      3294380      4096.00
      14.967     0.999780      3294462      4551.11
      15.263     0.999805      3294542      5120.00
      15.591     0.999829      3294621      5851.43
      16.119     0.999854      3294702      6826.67
      16.559     0.999878      3294782      8192.00
      16.831     0.999890      3294823      9102.22
      17.071     0.999902      3294865     10240.00
      17.359     0.999915      3294904     11702.86
      17.615     0.999927      3294944     13653.33
      17.871     0.999939      3294984     16384.00
      17.999     0.999945      3295004     18204.44
      18.127     0.999951      3295024     20480.00
      18.303     0.999957      3295044     23405.71
      18.431     0.999963      3295066     27306.67
      18.671     0.999969      3295084     32768.00
      18.783     0.999973      3295094     36408.89
      18.959     0.999976      3295105     40960.00
      19.039     0.999979      3295114     46811.43
      19.167     0.999982      3295125     54613.33
      19.231     0.999985      3295134     65536.00
      19.423     0.999986      3295139     72817.78
      19.599     0.999988      3295144     81920.00
      19.855     0.999989      3295149     93622.86
      20.079     0.999991      3295154    109226.67
      20.335     0.999992      3295159    131072.00
      20.367     0.999993      3295162    145635.56
      20.399     0.999994      3295164    163840.00
      20.623     0.999995      3295168    187245.71
      20.655     0.999995      3295169    218453.33
      21.071     0.999996      3295172    262144.00
      21.103     0.999997      3295173    291271.11
      21.183     0.999997      3295174    327680.00
      21.231     0.999997      3295176    374491.43
      21.903     0.999998      3295178    436906.67
      21.903     0.999998      3295178    524288.00
      21.967     0.999998      3295179    582542.22
      21.967     0.999998      3295179    655360.00
      22.047     0.999999      3295180    748982.86
      22.223     0.999999      3295181    873813.33
      22.223     0.999999      3295181   1048576.00
      22.239     0.999999      3295182   1165084.44
      22.239     0.999999      3295182   1310720.00
      22.239     0.999999      3295182   1497965.71
      22.367     0.999999      3295183   1747626.67
      22.367     1.000000      3295183   2097152.00
      22.367     1.000000      3295183   2330168.89
      22.367     1.000000      3295183   2621440.00
      22.367     1.000000      3295183   2995931.43
      22.911     1.000000      3295184   3495253.33
      22.911     1.000000      3295184          inf
#[Mean    =        1.018, StdDeviation   =        0.590]
#[Max     =       22.896, Total count    =      3295184]
#[Buckets =           27, SubBuckets     =         2048]
----------------------------------------------------------
  3597685 requests in 2.00m, 428.88MB read
Requests/sec:  29980.67
Transfer/sec:      3.57MB
