Running 2m test @ http://localhost:9003/api/v1/users
  4 threads and 128 connections
  Thread calibration: mean lat.: 1.534ms, rate sampling interval: 10ms
  Thread calibration: mean lat.: 1.607ms, rate sampling interval: 10ms
  Thread calibration: mean lat.: 1.576ms, rate sampling interval: 10ms
  Thread calibration: mean lat.: 1.567ms, rate sampling interval: 10ms
  Thread Stats   Avg      Stdev     Max   +/- Stdev
    Latency     1.59ms    1.05ms  46.27ms   96.97%
    Req/Sec     2.11k   193.56     5.22k    75.65%
  Latency Distribution (HdrHistogram - Recorded Latency)
 50.000%    1.47ms
 75.000%    1.90ms
 90.000%    2.33ms
 99.000%    3.04ms
 99.900%   18.13ms
 99.990%   33.34ms
 99.999%   42.37ms
100.000%   46.30ms

  Detailed Percentile spectrum:
       Value   Percentile   TotalCount 1/(1-Percentile)

       0.509     0.000000            1         1.00
       0.904     0.100000        88389         1.11
       1.056     0.200000       176096         1.25
       1.194     0.300000       263913         1.43
       1.329     0.400000       351950         1.67
       1.467     0.500000       439441         2.00
       1.541     0.550000       483682         2.22
       1.618     0.600000       527675         2.50
       1.701     0.650000       571510         2.86
       1.793     0.700000       615540         3.33
       1.899     0.750000       659406         4.00
       1.959     0.775000       681130         4.44
       2.024     0.800000       703163         5.00
       2.093     0.825000       725528         5.71
       2.165     0.850000       747146         6.67
       2.243     0.875000       769110         8.00
       2.283     0.887500       779899         8.89
       2.325     0.900000       790850        10.00
       2.369     0.912500       801996        11.43
       2.417     0.925000       813018        13.33
       2.469     0.937500       824089        16.00
       2.497     0.943750       829533        17.78
       2.527     0.950000       834966        20.00
       2.561     0.956250       840505        22.86
       2.597     0.962500       845814        26.67
       2.641     0.968750       851439        32.00
       2.665     0.971875       854018        35.56
       2.695     0.975000       856882        40.00
       2.727     0.978125       859566        45.71
       2.769     0.981250       862312        53.33
       2.825     0.984375       865000        64.00
       2.863     0.985938       866362        71.11
       2.909     0.987500       867736        80.00
       2.977     0.989062       869134        91.43
       3.089     0.990625       870474       106.67
       3.331     0.992188       871848       128.00
       3.553     0.992969       872534       142.22
       3.889     0.993750       873225       160.00
       4.255     0.994531       873909       182.86
       4.671     0.995313       874593       213.33
       5.231     0.996094       875282       256.00
       5.655     0.996484       875622       284.44
       6.295     0.996875       875967       320.00
       7.399     0.997266       876309       365.71
       9.423     0.997656       876653       426.67
      11.511     0.998047       876996       512.00
      12.751     0.998242       877169       568.89
      13.935     0.998437       877340       640.00
      15.335     0.998633       877510       731.43
      16.879     0.998828       877682       853.33
      18.287     0.999023       877854      1024.00
      19.135     0.999121       877939      1137.78
      20.127     0.999219       878026      1280.00
      21.199     0.999316       878111      1462.86
      22.415     0.999414       878197      1706.67
      23.519     0.999512       878282      2048.00
      24.191     0.999561       878326      2275.56
      24.879     0.999609       878370      2560.00
      25.839     0.999658       878412      2925.71
      26.607     0.999707       878454      3413.33
      27.711     0.999756       878497      4096.00
      28.431     0.999780       878520      4551.11
      29.023     0.999805       878540      5120.00
      29.727     0.999829       878561      5851.43
      30.655     0.999854       878584      6826.67
      31.839     0.999878       878604      8192.00
      32.719     0.999890       878615      9102.22
      33.631     0.999902       878626     10240.00
      34.367     0.999915       878636     11702.86
      35.423     0.999927       878648     13653.33
      36.831     0.999939       878658     16384.00
      37.439     0.999945       878663     18204.44
      37.727     0.999951       878669     20480.00
      38.207     0.999957       878674     23405.71
      38.751     0.999963       878679     27306.67
      39.263     0.999969       878685     32768.00
      39.583     0.999973       878687     36408.89
      39.871     0.999976       878690     40960.00
      40.607     0.999979       878693     46811.43
      41.247     0.999982       878695     54613.33
      41.663     0.999985       878698     65536.00
      41.791     0.999986       878699     72817.78
      42.143     0.999988       878701     81920.00
      42.367     0.999989       878702     93622.86
      42.431     0.999991       878703    109226.67
      42.719     0.999992       878705    131072.00
      42.719     0.999993       878705    145635.56
      43.135     0.999994       878706    163840.00
      43.327     0.999995       878707    187245.71
      43.327     0.999995       878707    218453.33
      43.743     0.999996       878708    262144.00
      43.743     0.999997       878708    291271.11
      44.287     0.999997       878709    327680.00
      44.287     0.999997       878709    374491.43
      44.287     0.999998       878709    436906.67
      44.735     0.999998       878710    524288.00
      44.735     0.999998       878710    582542.22
      44.735     0.999998       878710    655360.00
      44.735     0.999999       878710    748982.86
      44.735     0.999999       878710    873813.33
      46.303     0.999999       878711   1048576.00
      46.303     1.000000       878711          inf
#[Mean    =        1.592, StdDeviation   =        1.054]
#[Max     =       46.272, Total count    =       878711]
#[Buckets =           27, SubBuckets     =         2048]
----------------------------------------------------------
  959429 requests in 2.00m, 8.24GB read
Requests/sec:   7995.21
Transfer/sec:     70.29MB
