Running 2m test @ http://localhost:9001/api/v1/users
  4 threads and 128 connections
  Thread calibration: mean lat.: 2.061ms, rate sampling interval: 10ms
  Thread calibration: mean lat.: 2.029ms, rate sampling interval: 10ms
  Thread calibration: mean lat.: 2.043ms, rate sampling interval: 10ms
  Thread calibration: mean lat.: 2.064ms, rate sampling interval: 10ms
  Thread Stats   Avg      Stdev     Max   +/- Stdev
    Latency     2.02ms  432.51us   4.87ms   67.85%
    Req/Sec   159.51     94.38   333.00     72.46%
  Latency Distribution (HdrHistogram - Recorded Latency)
 50.000%    2.03ms
 75.000%    2.31ms
 90.000%    2.57ms
 99.000%    3.07ms
 99.900%    3.92ms
 99.990%    4.36ms
 99.999%    4.61ms
100.000%    4.88ms

  Detailed Percentile spectrum:
       Value   Percentile   TotalCount 1/(1-Percentile)

       1.016     0.000000            1         1.00
       1.454     0.100000         6601         1.11
       1.638     0.200000        13196         1.25
       1.787     0.300000        19777         1.43
       1.914     0.400000        26360         1.67
       2.026     0.500000        33001         2.00
       2.081     0.550000        36344         2.22
       2.133     0.600000        39624         2.50
       2.187     0.650000        42840         2.86
       2.243     0.700000        46185         3.33
       2.305     0.750000        49513         4.00
       2.337     0.775000        51119         4.44
       2.373     0.800000        52767         5.00
       2.413     0.825000        54417         5.71
       2.459     0.850000        56037         6.67
       2.511     0.875000        57668         8.00
       2.541     0.887500        58529         8.89
       2.573     0.900000        59354        10.00
       2.607     0.912500        60142        11.43
       2.647     0.925000        60984        13.33
       2.691     0.937500        61794        16.00
       2.717     0.943750        62208        17.78
       2.741     0.950000        62610        20.00
       2.769     0.956250        63020        22.86
       2.799     0.962500        63432        26.67
       2.835     0.968750        63840        32.00
       2.859     0.971875        64060        35.56
       2.881     0.975000        64250        40.00
       2.911     0.978125        64474        45.71
       2.939     0.981250        64666        53.33
       2.975     0.984375        64872        64.00
       2.999     0.985938        64980        71.11
       3.021     0.987500        65074        80.00
       3.053     0.989062        65184        91.43
       3.085     0.990625        65280       106.67
       3.127     0.992188        65386       128.00
       3.157     0.992969        65434       142.22
       3.187     0.993750        65486       160.00
       3.221     0.994531        65538       182.86
       3.283     0.995313        65589       213.33
       3.361     0.996094        65640       256.00
       3.401     0.996484        65667       284.44
       3.447     0.996875        65695       320.00
       3.491     0.997266        65717       365.71
       3.553     0.997656        65743       426.67
       3.637     0.998047        65769       512.00
       3.689     0.998242        65782       568.89
       3.733     0.998437        65795       640.00
       3.805     0.998633        65807       731.43
       3.881     0.998828        65820       853.33
       3.927     0.999023        65834      1024.00
       3.943     0.999121        65840      1137.78
       3.961     0.999219        65847      1280.00
       3.989     0.999316        65852      1462.86
       4.017     0.999414        65859      1706.67
       4.059     0.999512        65865      2048.00
       4.073     0.999561        65869      2275.56
       4.091     0.999609        65872      2560.00
       4.155     0.999658        65877      2925.71
       4.175     0.999707        65878      3413.33
       4.211     0.999756        65881      4096.00
       4.223     0.999780        65883      4551.11
       4.247     0.999805        65885      5120.00
       4.259     0.999829        65886      5851.43
       4.299     0.999854        65888      6826.67
       4.331     0.999878        65889      8192.00
       4.359     0.999890        65890      9102.22
       4.367     0.999902        65891     10240.00
       4.419     0.999915        65892     11702.86
       4.427     0.999927        65893     13653.33
       4.427     0.999939        65893     16384.00
       4.491     0.999945        65894     18204.44
       4.491     0.999951        65894     20480.00
       4.559     0.999957        65895     23405.71
       4.559     0.999963        65895     27306.67
       4.559     0.999969        65895     32768.00
       4.611     0.999973        65896     36408.89
       4.611     0.999976        65896     40960.00
       4.611     0.999979        65896     46811.43
       4.611     0.999982        65896     54613.33
       4.611     0.999985        65896     65536.00
       4.875     0.999986        65897     72817.78
       4.875     1.000000        65897          inf
#[Mean    =        2.024, StdDeviation   =        0.433]
#[Max     =        4.872, Total count    =        65897]
#[Buckets =           27, SubBuckets     =         2048]
----------------------------------------------------------
  72024 requests in 2.00m, 646.29MB read
Requests/sec:    600.20
Transfer/sec:      5.39MB
