Running 2m test @ http://localhost:9000/api/v1/user?id=1
  4 threads and 128 connections
  Thread calibration: mean lat.: 0.840ms, rate sampling interval: 10ms
  Thread calibration: mean lat.: 0.846ms, rate sampling interval: 10ms
  Thread calibration: mean lat.: 0.841ms, rate sampling interval: 10ms
  Thread calibration: mean lat.: 0.838ms, rate sampling interval: 10ms
  Thread Stats   Avg      Stdev     Max   +/- Stdev
    Latency   843.61us  437.75us   2.78ms   66.17%
    Req/Sec     2.63k   179.20     3.22k    66.44%
  Latency Distribution (HdrHistogram - Recorded Latency)
 50.000%  839.00us
 75.000%    1.15ms
 90.000%    1.43ms
 99.000%    1.89ms
 99.900%    2.03ms
 99.990%    2.13ms
 99.999%    2.37ms
100.000%    2.78ms

  Detailed Percentile spectrum:
       Value   Percentile   TotalCount 1/(1-Percentile)

       0.074     0.000000            1         1.00
       0.261     0.100000       110241         1.11
       0.410     0.200000       219720         1.25
       0.558     0.300000       329552         1.43
       0.706     0.400000       439716         1.67
       0.839     0.500000       549212         2.00
       0.900     0.550000       604640         2.22
       0.961     0.600000       659118         2.50
       1.023     0.650000       714537         2.86
       1.085     0.700000       769448         3.33
       1.146     0.750000       824629         4.00
       1.177     0.775000       852029         4.44
       1.206     0.800000       879155         5.00
       1.236     0.825000       906991         5.71
       1.268     0.850000       933755         6.67
       1.331     0.875000       961292         8.00
       1.380     0.887500       974895         8.89
       1.432     0.900000       988594        10.00
       1.485     0.912500      1002466        11.43
       1.537     0.925000      1016242        13.33
       1.593     0.937500      1029787        16.00
       1.623     0.943750      1036771        17.78
       1.653     0.950000      1043679        20.00
       1.683     0.956250      1050408        22.86
       1.714     0.962500      1057308        26.67
       1.746     0.968750      1064216        32.00
       1.762     0.971875      1067571        35.56
       1.780     0.975000      1071119        40.00
       1.799     0.978125      1074405        45.71
       1.819     0.981250      1077826        53.33
       1.842     0.984375      1081243        64.00
       1.855     0.985938      1083009        71.11
       1.868     0.987500      1084790        80.00
       1.882     0.989062      1086463        91.43
       1.897     0.990625      1088189       106.67
       1.912     0.992188      1089868       128.00
       1.920     0.992969      1090719       142.22
       1.929     0.993750      1091620       160.00
       1.938     0.994531      1092413       182.86
       1.949     0.995313      1093307       213.33
       1.960     0.996094      1094176       256.00
       1.965     0.996484      1094552       284.44
       1.972     0.996875      1094967       320.00
       1.980     0.997266      1095456       365.71
       1.987     0.997656      1095826       426.67
       1.996     0.998047      1096254       512.00
       2.002     0.998242      1096499       568.89
       2.007     0.998437      1096689       640.00
       2.013     0.998633      1096908       731.43
       2.020     0.998828      1097131       853.33
       2.028     0.999023      1097357      1024.00
       2.032     0.999121      1097455      1137.78
       2.036     0.999219      1097545      1280.00
       2.042     0.999316      1097652      1462.86
       2.049     0.999414      1097768      1706.67
       2.057     0.999512      1097872      2048.00
       2.061     0.999561      1097918      2275.56
       2.067     0.999609      1097988      2560.00
       2.073     0.999658      1098031      2925.71
       2.081     0.999707      1098094      3413.33
       2.087     0.999756      1098131      4096.00
       2.093     0.999780      1098159      4551.11
       2.099     0.999805      1098195      5120.00
       2.103     0.999829      1098217      5851.43
       2.109     0.999854      1098244      6826.67
       2.117     0.999878      1098265      8192.00
       2.125     0.999890      1098280      9102.22
       2.131     0.999902      1098293     10240.00
       2.137     0.999915      1098308     11702.86
       2.143     0.999927      1098323     13653.33
       2.151     0.999939      1098335     16384.00
       2.157     0.999945      1098341     18204.44
       2.161     0.999951      1098349     20480.00
       2.165     0.999957      1098354     23405.71
       2.171     0.999963      1098361     27306.67
       2.177     0.999969      1098366     32768.00
       2.181     0.999973      1098369     36408.89
       2.191     0.999976      1098374     40960.00
       2.205     0.999979      1098376     46811.43
       2.237     0.999982      1098379     54613.33
       2.275     0.999985      1098383     65536.00
       2.285     0.999986      1098384     72817.78
       2.339     0.999988      1098387     81920.00
       2.367     0.999989      1098388     93622.86
       2.429     0.999991      1098389    109226.67
       2.553     0.999992      1098391    131072.00
       2.609     0.999993      1098392    145635.56
       2.641     0.999994      1098393    163840.00
       2.669     0.999995      1098394    187245.71
       2.669     0.999995      1098394    218453.33
       2.725     0.999996      1098395    262144.00
       2.761     0.999997      1098396    291271.11
       2.761     0.999997      1098396    327680.00
       2.769     0.999997      1098397    374491.43
       2.769     0.999998      1098397    436906.67
       2.769     0.999998      1098397    524288.00
       2.781     0.999998      1098399    582542.22
       2.781     1.000000      1098399          inf
#[Mean    =        0.844, StdDeviation   =        0.438]
#[Max     =        2.780, Total count    =      1098399]
#[Buckets =           27, SubBuckets     =         2048]
----------------------------------------------------------
  1199279 requests in 2.00m, 142.97MB read
Requests/sec:   9993.95
Transfer/sec:      1.19MB
