Running 2m test @ http://localhost:9000/api/v1/user?id=1
  4 threads and 128 connections
  Thread calibration: mean lat.: 0.871ms, rate sampling interval: 10ms
  Thread calibration: mean lat.: 0.879ms, rate sampling interval: 10ms
  Thread calibration: mean lat.: 0.872ms, rate sampling interval: 10ms
  Thread calibration: mean lat.: 0.881ms, rate sampling interval: 10ms
  Thread Stats   Avg      Stdev     Max   +/- Stdev
    Latency     0.88ms  423.39us   5.02ms   65.00%
    Req/Sec     1.54k   130.24     2.30k    61.43%
  Latency Distribution (HdrHistogram - Recorded Latency)
 50.000%    0.88ms
 75.000%    1.16ms
 90.000%    1.47ms
 99.000%    1.81ms
 99.900%    1.96ms
 99.990%    2.25ms
 99.999%    4.03ms
100.000%    5.03ms

  Detailed Percentile spectrum:
       Value   Percentile   TotalCount 1/(1-Percentile)

       0.067     0.000000            1         1.00
       0.291     0.100000        65999         1.11
       0.478     0.200000       131857         1.25
       0.640     0.300000       198088         1.43
       0.764     0.400000       264011         1.67
       0.878     0.500000       329810         2.00
       0.934     0.550000       362494         2.22
       0.991     0.600000       395534         2.50
       1.049     0.650000       428707         2.86
       1.106     0.700000       461602         3.33
       1.164     0.750000       494459         4.00
       1.195     0.775000       510874         4.44
       1.227     0.800000       527415         5.00
       1.273     0.825000       543726         5.71
       1.336     0.850000       560410         6.67
       1.403     0.875000       576687         8.00
       1.440     0.887500       585043         8.89
       1.474     0.900000       593370        10.00
       1.507     0.912500       601402        11.43
       1.542     0.925000       609623        13.33
       1.581     0.937500       618053        16.00
       1.600     0.943750       622058        17.78
       1.620     0.950000       626101        20.00
       1.641     0.956250       630218        22.86
       1.664     0.962500       634371        26.67
       1.687     0.968750       638466        32.00
       1.700     0.971875       640515        35.56
       1.714     0.975000       642573        40.00
       1.729     0.978125       644650        45.71
       1.746     0.981250       646763        53.33
       1.764     0.984375       648749        64.00
       1.775     0.985938       649827        71.11
       1.786     0.987500       650876        80.00
       1.798     0.989062       651841        91.43
       1.811     0.990625       652869       106.67
       1.826     0.992188       653931       128.00
       1.834     0.992969       654452       142.22
       1.842     0.993750       654956       160.00
       1.851     0.994531       655447       182.86
       1.862     0.995313       655979       213.33
       1.875     0.996094       656488       256.00
       1.882     0.996484       656748       284.44
       1.890     0.996875       656981       320.00
       1.900     0.997266       657255       365.71
       1.909     0.997656       657510       426.67
       1.921     0.998047       657761       512.00
       1.927     0.998242       657891       568.89
       1.934     0.998437       658010       640.00
       1.944     0.998633       658146       731.43
       1.956     0.998828       658274       853.33
       1.967     0.999023       658402      1024.00
       1.973     0.999121       658463      1137.78
       1.981     0.999219       658526      1280.00
       1.988     0.999316       658592      1462.86
       1.996     0.999414       658655      1706.67
       2.006     0.999512       658717      2048.00
       2.011     0.999561       658748      2275.56
       2.016     0.999609       658781      2560.00
       2.024     0.999658       658816      2925.71
       2.035     0.999707       658844      3413.33
       2.049     0.999756       658880      4096.00
       2.053     0.999780       658894      4551.11
       2.063     0.999805       658910      5120.00
       2.079     0.999829       658927      5851.43
       2.089     0.999854       658941      6826.67
       2.149     0.999878       658959      8192.00
       2.199     0.999890       658965      9102.22
       2.273     0.999902       658974     10240.00
       2.327     0.999915       658981     11702.86
       2.431     0.999927       658989     13653.33
       2.515     0.999939       658997     16384.00
       2.553     0.999945       659001     18204.44
       2.601     0.999951       659005     20480.00
       2.655     0.999957       659009     23405.71
       2.751     0.999963       659014     27306.67
       2.999     0.999969       659017     32768.00
       3.219     0.999973       659019     36408.89
       3.339     0.999976       659021     40960.00
       3.417     0.999979       659023     46811.43
       3.513     0.999982       659025     54613.33
       3.539     0.999985       659027     65536.00
       3.747     0.999986       659028     72817.78
       3.811     0.999988       659029     81920.00
       4.031     0.999989       659030     93622.86
       4.319     0.999991       659031    109226.67
       4.375     0.999992       659032    131072.00
       4.399     0.999993       659033    145635.56
       4.399     0.999994       659033    163840.00
       4.439     0.999995       659034    187245.71
       4.439     0.999995       659034    218453.33
       4.559     0.999996       659035    262144.00
       4.559     0.999997       659035    291271.11
       4.559     0.999997       659035    327680.00
       4.831     0.999997       659036    374491.43
       4.831     0.999998       659036    436906.67
       4.831     0.999998       659036    524288.00
       4.831     0.999998       659036    582542.22
       4.831     0.999998       659036    655360.00
       5.027     0.999999       659037    748982.86
       5.027     1.000000       659037          inf
#[Mean    =        0.879, StdDeviation   =        0.423]
#[Max     =        5.024, Total count    =       659037]
#[Buckets =           27, SubBuckets     =         2048]
----------------------------------------------------------
  719593 requests in 2.00m, 85.78MB read
Requests/sec:   5996.54
Transfer/sec:    732.00KB
