Running 2m test @ http://localhost:9002/api/v1/user?id=1
  4 threads and 128 connections
  Thread calibration: mean lat.: 1.614ms, rate sampling interval: 10ms
  Thread calibration: mean lat.: 1.615ms, rate sampling interval: 10ms
  Thread calibration: mean lat.: 1.620ms, rate sampling interval: 10ms
  Thread calibration: mean lat.: 1.617ms, rate sampling interval: 10ms
  Thread Stats   Avg      Stdev     Max   +/- Stdev
    Latency     1.70ms    1.80ms  38.40ms   97.95%
    Req/Sec     7.91k     0.98k   16.89k    89.99%
  Latency Distribution (HdrHistogram - Recorded Latency)
 50.000%    1.45ms
 75.000%    1.96ms
 90.000%    2.50ms
 99.000%    8.60ms
 99.900%   28.24ms
 99.990%   34.43ms
 99.999%   36.70ms
100.000%   38.43ms

  Detailed Percentile spectrum:
       Value   Percentile   TotalCount 1/(1-Percentile)

       0.149     0.000000            1         1.00
       0.768     0.100000       330308         1.11
       0.956     0.200000       659312         1.25
       1.119     0.300000       988581         1.43
       1.279     0.400000      1319348         1.67
       1.446     0.500000      1648817         2.00
       1.534     0.550000      1812853         2.22
       1.627     0.600000      1977882         2.50
       1.727     0.650000      2142557         2.86
       1.838     0.700000      2307606         3.33
       1.964     0.750000      2471501         4.00
       2.035     0.775000      2554876         4.44
       2.111     0.800000      2637303         5.00
       2.193     0.825000      2719009         5.71
       2.283     0.850000      2801484         6.67
       2.383     0.875000      2883705         8.00
       2.439     0.887500      2925471         8.89
       2.499     0.900000      2966602        10.00
       2.565     0.912500      3008058        11.43
       2.637     0.925000      3048897        13.33
       2.719     0.937500      3089854        16.00
       2.767     0.943750      3110649        17.78
       2.819     0.950000      3130642        20.00
       2.881     0.956250      3151570        22.86
       2.955     0.962500      3171780        26.67
       3.059     0.968750      3192494        32.00
       3.133     0.971875      3202697        35.56
       3.233     0.975000      3212965        40.00
       3.385     0.978125      3223140        45.71
       4.035     0.981250      3233411        53.33
       5.775     0.984375      3243726        64.00
       6.607     0.985938      3248868        71.11
       7.395     0.987500      3254025        80.00
       8.119     0.989062      3259159        91.43
       8.919     0.990625      3264316       106.67
       9.839     0.992188      3269488       128.00
      10.383     0.992969      3272052       142.22
      11.023     0.993750      3274633       160.00
      11.879     0.994531      3277181       182.86
      13.319     0.995313      3279754       213.33
      15.695     0.996094      3282329       256.00
      17.087     0.996484      3283615       284.44
      18.479     0.996875      3284910       320.00
      19.903     0.997266      3286191       365.71
      21.583     0.997656      3287481       426.67
      23.455     0.998047      3288769       512.00
      24.399     0.998242      3289406       568.89
      25.327     0.998437      3290045       640.00
      26.319     0.998633      3290697       731.43
      27.343     0.998828      3291336       853.33
      28.399     0.999023      3291982      1024.00
      28.959     0.999121      3292301      1137.78
      29.551     0.999219      3292622      1280.00
      30.143     0.999316      3292950      1462.86
      30.735     0.999414      3293268      1706.67
      31.295     0.999512      3293595      2048.00
      31.599     0.999561      3293746      2275.56
      31.967     0.999609      3293909      2560.00
      32.255     0.999658      3294067      2925.71
      32.591     0.999707      3294233      3413.33
      32.991     0.999756      3294394      4096.00
      33.215     0.999780      3294476      4551.11
      33.439     0.999805      3294558      5120.00
      33.663     0.999829      3294636      5851.43
      33.887     0.999854      3294720      6826.67
      34.175     0.999878      3294796      8192.00
      34.303     0.999890      3294839      9102.22
      34.463     0.999902      3294873     10240.00
      34.623     0.999915      3294913     11702.86
      34.815     0.999927      3294952     13653.33
      35.071     0.999939      3294994     16384.00
      35.199     0.999945      3295018     18204.44
      35.327     0.999951      3295038     20480.00
      35.455     0.999957      3295054     23405.71
      35.615     0.999963      3295076     27306.67
      35.807     0.999969      3295097     32768.00
      35.871     0.999973      3295106     36408.89
      35.999     0.999976      3295117     40960.00
      36.063     0.999979      3295126     46811.43
      36.191     0.999982      3295134     54613.33
      36.319     0.999985      3295143     65536.00
      36.415     0.999986      3295150     72817.78
      36.511     0.999988      3295154     81920.00
      36.671     0.999989      3295159     93622.86
      36.735     0.999991      3295163    109226.67
      36.863     0.999992      3295168    131072.00
      37.087     0.999993      3295172    145635.56
      37.119     0.999994      3295174    163840.00
      37.183     0.999995      3295176    187245.71
      37.343     0.999995      3295178    218453.33
      37.439     0.999996      3295181    262144.00
      37.471     0.999997      3295182    291271.11
      37.535     0.999997      3295183    327680.00
      37.567     0.999997      3295185    374491.43
      37.599     0.999998      3295187    436906.67
      37.599     0.999998      3295187    524288.00
      37.663     0.999998      3295189    582542.22
      37.663     0.999998      3295189    655360.00
      37.663     0.999999      3295189    748982.86
      37.695     0.999999      3295190    873813.33
      37.695     0.999999      3295190   1048576.00
      38.047     0.999999      3295191   1165084.44
      38.047     0.999999      3295191   1310720.00
      38.047     0.999999      3295191   1497965.71
      38.335     0.999999      3295192   1747626.67
      38.335     1.000000      3295192   2097152.00
      38.335     1.000000      3295192   2330168.89
      38.335     1.000000      3295192   2621440.00
      38.335     1.000000      3295192   2995931.43
      38.431     1.000000      3295193   3495253.33
      38.431     1.000000      3295193          inf
#[Mean    =        1.704, StdDeviation   =        1.796]
#[Max     =       38.400, Total count    =      3295193]
#[Buckets =           27, SubBuckets     =         2048]
----------------------------------------------------------
  3597692 requests in 2.00m, 394.57MB read
Requests/sec:  29980.48
Transfer/sec:      3.29MB
