Running 2m test @ http://localhost:9002/api/v1/user?id=1
  4 threads and 128 connections
  Thread calibration: mean lat.: 1.080ms, rate sampling interval: 10ms
  Thread calibration: mean lat.: 1.083ms, rate sampling interval: 10ms
  Thread calibration: mean lat.: 1.078ms, rate sampling interval: 10ms
  Thread calibration: mean lat.: 1.083ms, rate sampling interval: 10ms
  Thread Stats   Avg      Stdev     Max   +/- Stdev
    Latency     1.08ms  635.21us  25.92ms   83.01%
    Req/Sec     5.25k   381.69    16.67k    86.04%
  Latency Distribution (HdrHistogram - Recorded Latency)
 50.000%    1.04ms
 75.000%    1.41ms
 90.000%    1.67ms
 99.000%    2.19ms
 99.900%    7.61ms
 99.990%   18.94ms
 99.999%   24.08ms
100.000%   25.93ms

  Detailed Percentile spectrum:
       Value   Percentile   TotalCount 1/(1-Percentile)

       0.141     0.000000            2         1.00
       0.465     0.100000       220182         1.11
       0.619     0.200000       440513         1.25
       0.762     0.300000       659181         1.43
       0.904     0.400000       879627         1.67
       1.043     0.500000      1099739         2.00
       1.112     0.550000      1209418         2.22
       1.183     0.600000      1319509         2.50
       1.255     0.650000      1428029         2.86
       1.330     0.700000      1538734         3.33
       1.406     0.750000      1648698         4.00
       1.444     0.775000      1703335         4.44
       1.483     0.800000      1758516         5.00
       1.523     0.825000      1812971         5.71
       1.566     0.850000      1867783         6.67
       1.613     0.875000      1922324         8.00
       1.639     0.887500      1949913         8.89
       1.668     0.900000      1977689        10.00
       1.701     0.912500      2005099        11.43
       1.738     0.925000      2032461        13.33
       1.782     0.937500      2059921        16.00
       1.806     0.943750      2073368        17.78
       1.832     0.950000      2086980        20.00
       1.862     0.956250      2100946        22.86
       1.896     0.962500      2114781        26.67
       1.935     0.968750      2128415        32.00
       1.957     0.971875      2135142        35.56
       1.982     0.975000      2142137        40.00
       2.010     0.978125      2148826        45.71
       2.044     0.981250      2155801        53.33
       2.085     0.984375      2162689        64.00
       2.109     0.985938      2166074        71.11
       2.137     0.987500      2169573        80.00
       2.169     0.989062      2172896        91.43
       2.211     0.990625      2176355       106.67
       2.269     0.992188      2179659       128.00
       2.311     0.992969      2181414       142.22
       2.375     0.993750      2183112       160.00
       2.539     0.994531      2184801       182.86
       3.155     0.995313      2186520       213.33
       3.909     0.996094      2188234       256.00
       4.267     0.996484      2189092       284.44
       4.707     0.996875      2189951       320.00
       5.207     0.997266      2190812       365.71
       5.747     0.997656      2191670       426.67
       6.263     0.998047      2192531       512.00
       6.527     0.998242      2192957       568.89
       6.779     0.998437      2193384       640.00
       7.051     0.998633      2193816       731.43
       7.331     0.998828      2194245       853.33
       7.655     0.999023      2194669      1024.00
       7.855     0.999121      2194889      1137.78
       8.067     0.999219      2195100      1280.00
       8.327     0.999316      2195316      1462.86
       8.727     0.999414      2195527      1706.67
       9.455     0.999512      2195743      2048.00
      10.231     0.999561      2195851      2275.56
      11.063     0.999609      2195957      2560.00
      12.199     0.999658      2196064      2925.71
      13.511     0.999707      2196171      3413.33
      14.727     0.999756      2196278      4096.00
      15.215     0.999780      2196332      4551.11
      15.703     0.999805      2196385      5120.00
      16.399     0.999829      2196439      5851.43
      17.023     0.999854      2196494      6826.67
      17.967     0.999878      2196546      8192.00
      18.479     0.999890      2196574      9102.22
      19.007     0.999902      2196600     10240.00
      19.423     0.999915      2196628     11702.86
      19.743     0.999927      2196654     13653.33
      20.383     0.999939      2196680     16384.00
      20.735     0.999945      2196694     18204.44
      21.199     0.999951      2196708     20480.00
      21.679     0.999957      2196721     23405.71
      22.063     0.999963      2196734     27306.67
      22.575     0.999969      2196748     32768.00
      22.815     0.999973      2196754     36408.89
      23.007     0.999976      2196761     40960.00
      23.199     0.999979      2196768     46811.43
      23.311     0.999982      2196774     54613.33
      23.615     0.999985      2196781     65536.00
      23.727     0.999986      2196784     72817.78
      23.839     0.999988      2196789     81920.00
      23.967     0.999989      2196791     93622.86
      24.143     0.999991      2196794    109226.67
      24.223     0.999992      2196798    131072.00
      24.303     0.999993      2196799    145635.56
      24.335     0.999994      2196801    163840.00
      24.431     0.999995      2196803    187245.71
      24.463     0.999995      2196804    218453.33
      24.719     0.999996      2196806    262144.00
      24.735     0.999997      2196807    291271.11
      24.783     0.999997      2196808    327680.00
      24.799     0.999997      2196809    374491.43
      24.799     0.999998      2196809    436906.67
      24.831     0.999998      2196810    524288.00
      24.879     0.999998      2196811    582542.22
      24.879     0.999998      2196811    655360.00
      24.943     0.999999      2196812    748982.86
      24.943     0.999999      2196812    873813.33
      24.943     0.999999      2196812   1048576.00
      25.711     0.999999      2196813   1165084.44
      25.711     0.999999      2196813   1310720.00
      25.711     0.999999      2196813   1497965.71
      25.711     0.999999      2196813   1747626.67
      25.711     1.000000      2196813   2097152.00
      25.935     1.000000      2196814   2330168.89
      25.935     1.000000      2196814          inf
#[Mean    =        1.084, StdDeviation   =        0.635]
#[Max     =       25.920, Total count    =      2196814]
#[Buckets =           27, SubBuckets     =         2048]
----------------------------------------------------------
  2398494 requests in 2.00m, 263.05MB read
Requests/sec:  19987.29
Transfer/sec:      2.19MB
