Running 2m test @ http://localhost:9002/api/v1/users
  4 threads and 128 connections
  Thread calibration: mean lat.: 2.149ms, rate sampling interval: 10ms
  Thread calibration: mean lat.: 2.155ms, rate sampling interval: 10ms
  Thread calibration: mean lat.: 2.157ms, rate sampling interval: 10ms
  Thread calibration: mean lat.: 4.379ms, rate sampling interval: 11ms
  Thread Stats   Avg      Stdev     Max   +/- Stdev
    Latency     2.76ms    1.69ms  38.21ms   76.03%
    Req/Sec     2.11k   598.67     4.90k    76.16%
  Latency Distribution (HdrHistogram - Recorded Latency)
 50.000%    2.20ms
 75.000%    3.85ms
 90.000%    5.09ms
 99.000%    6.56ms
 99.900%   17.17ms
 99.990%   32.56ms
 99.999%   36.32ms
100.000%   38.24ms

  Detailed Percentile spectrum:
       Value   Percentile   TotalCount 1/(1-Percentile)

       0.659     0.000000            1         1.00
       1.153     0.100000        88020         1.11
       1.398     0.200000       175808         1.25
       1.646     0.300000       263756         1.43
       1.888     0.400000       351688         1.67
       2.201     0.500000       439608         2.00
       2.427     0.550000       483459         2.22
       2.697     0.600000       527386         2.50
       3.013     0.650000       571385         2.86
       3.427     0.700000       615229         3.33
       3.845     0.750000       659057         4.00
       4.051     0.775000       681050         4.44
       4.255     0.800000       703010         5.00
       4.459     0.825000       725002         5.71
       4.663     0.850000       746926         6.67
       4.875     0.875000       768968         8.00
       4.983     0.887500       779911         8.89
       5.095     0.900000       791015        10.00
       5.211     0.912500       801846        11.43
       5.335     0.925000       812940        13.33
       5.467     0.937500       823820        16.00
       5.543     0.943750       829525        17.78
       5.619     0.950000       834868        20.00
       5.703     0.956250       840379        22.86
       5.799     0.962500       845883        26.67
       5.907     0.968750       851429        32.00
       5.967     0.971875       854168        35.56
       6.031     0.975000       856766        40.00
       6.107     0.978125       859629        45.71
       6.195     0.981250       862347        53.33
       6.295     0.984375       865021        64.00
       6.355     0.985938       866373        71.11
       6.423     0.987500       867790        80.00
       6.503     0.989062       869152        91.43
       6.603     0.990625       870516       106.67
       6.727     0.992188       871886       128.00
       6.795     0.992969       872562       142.22
       6.887     0.993750       873259       160.00
       6.999     0.994531       873931       182.86
       7.143     0.995313       874610       213.33
       7.343     0.996094       875291       256.00
       7.471     0.996484       875638       284.44
       7.627     0.996875       875980       320.00
       7.815     0.997266       876319       365.71
       8.091     0.997656       876663       426.67
       8.591     0.998047       877005       512.00
       8.967     0.998242       877178       568.89
       9.623     0.998437       877347       640.00
      11.471     0.998633       877519       731.43
      14.159     0.998828       877691       853.33
      17.519     0.999023       877862      1024.00
      19.439     0.999121       877950      1137.78
      21.087     0.999219       878034      1280.00
      22.255     0.999316       878120      1462.86
      23.599     0.999414       878206      1706.67
      24.927     0.999512       878291      2048.00
      25.663     0.999561       878334      2275.56
      26.463     0.999609       878377      2560.00
      27.231     0.999658       878420      2925.71
      28.015     0.999707       878463      3413.33
      28.863     0.999756       878506      4096.00
      29.359     0.999780       878528      4551.11
      29.983     0.999805       878549      5120.00
      30.687     0.999829       878570      5851.43
      31.135     0.999854       878592      6826.67
      31.935     0.999878       878613      8192.00
      32.303     0.999890       878624      9102.22
      32.799     0.999902       878635     10240.00
      33.055     0.999915       878646     11702.86
      33.567     0.999927       878657     13653.33
      34.111     0.999939       878668     16384.00
      34.207     0.999945       878676     18204.44
      34.399     0.999951       878678     20480.00
      34.783     0.999957       878684     23405.71
      35.039     0.999963       878689     27306.67
      35.359     0.999969       878694     32768.00
      35.487     0.999973       878696     36408.89
      35.583     0.999976       878701     40960.00
      35.615     0.999979       878702     46811.43
      35.679     0.999982       878704     54613.33
      35.903     0.999985       878708     65536.00
      35.903     0.999986       878708     72817.78
      36.223     0.999988       878710     81920.00
      36.319     0.999989       878711     93622.86
      36.351     0.999991       878712    109226.67
      36.735     0.999992       878714    131072.00
      36.735     0.999993       878714    145635.56
      36.767     0.999994       878715    163840.00
      36.895     0.999995       878716    187245.71
      36.895     0.999995       878716    218453.33
      37.055     0.999996       878717    262144.00
      37.055     0.999997       878717    291271.11
      37.215     0.999997       878718    327680.00
      37.215     0.999997       878718    374491.43
      37.215     0.999998       878718    436906.67
      37.279     0.999998       878719    524288.00
      37.279     0.999998       878719    582542.22
      37.279     0.999998       878719    655360.00
      37.279     0.999999       878719    748982.86
      37.279     0.999999       878719    873813.33
      38.239     0.999999       878720   1048576.00
      38.239     1.000000       878720          inf
#[Mean    =        2.758, StdDeviation   =        1.691]
#[Max     =       38.208, Total count    =       878720]
#[Buckets =           27, SubBuckets     =         2048]
----------------------------------------------------------
  957592 requests in 2.00m, 8.22GB read
Requests/sec:   7979.36
Transfer/sec:     70.15MB
