Running 2m test @ http://localhost:9000/api/v1/user?id=1
  4 threads and 128 connections
  Thread calibration: mean lat.: 0.898ms, rate sampling interval: 10ms
  Thread calibration: mean lat.: 0.898ms, rate sampling interval: 10ms
  Thread calibration: mean lat.: 0.897ms, rate sampling interval: 10ms
  Thread calibration: mean lat.: 0.898ms, rate sampling interval: 10ms
  Thread Stats   Avg      Stdev     Max   +/- Stdev
    Latency     0.88ms  424.85us   3.29ms   64.48%
    Req/Sec     1.54k   133.40     2.22k    57.96%
  Latency Distribution (HdrHistogram - Recorded Latency)
 50.000%    0.88ms
 75.000%    1.17ms
 90.000%    1.47ms
 99.000%    1.81ms
 99.900%    1.97ms
 99.990%    2.09ms
 99.999%    2.90ms
100.000%    3.29ms

  Detailed Percentile spectrum:
       Value   Percentile   TotalCount 1/(1-Percentile)

       0.071     0.000000            1         1.00
       0.290     0.100000        66133         1.11
       0.472     0.200000       132015         1.25
       0.630     0.300000       197775         1.43
       0.760     0.400000       264078         1.67
       0.878     0.500000       329630         2.00
       0.935     0.550000       362480         2.22
       0.992     0.600000       395653         2.50
       1.050     0.650000       428654         2.86
       1.107     0.700000       461667         3.33
       1.166     0.750000       494537         4.00
       1.197     0.775000       510846         4.44
       1.230     0.800000       527481         5.00
       1.280     0.825000       543722         5.71
       1.343     0.850000       560281         6.67
       1.405     0.875000       576753         8.00
       1.437     0.887500       585070         8.89
       1.471     0.900000       593167        10.00
       1.505     0.912500       601441        11.43
       1.539     0.925000       609642        13.33
       1.575     0.937500       617876        16.00
       1.596     0.943750       622057        17.78
       1.618     0.950000       626272        20.00
       1.640     0.956250       630279        22.86
       1.663     0.962500       634405        26.67
       1.686     0.968750       638469        32.00
       1.699     0.971875       640551        35.56
       1.713     0.975000       642611        40.00
       1.728     0.978125       644698        45.71
       1.744     0.981250       646708        53.33
       1.763     0.984375       648763        64.00
       1.774     0.985938       649800        71.11
       1.788     0.987500       650850        80.00
       1.802     0.989062       651853        91.43
       1.816     0.990625       652937       106.67
       1.830     0.992188       653914       128.00
       1.838     0.992969       654447       142.22
       1.846     0.993750       654953       160.00
       1.855     0.994531       655492       182.86
       1.865     0.995313       655963       213.33
       1.876     0.996094       656487       256.00
       1.883     0.996484       656755       284.44
       1.890     0.996875       656981       320.00
       1.899     0.997266       657247       365.71
       1.909     0.997656       657503       426.67
       1.922     0.998047       657758       512.00
       1.929     0.998242       657890       568.89
       1.937     0.998437       658021       640.00
       1.945     0.998633       658150       731.43
       1.955     0.998828       658267       853.33
       1.968     0.999023       658404      1024.00
       1.975     0.999121       658469      1137.78
       1.982     0.999219       658530      1280.00
       1.991     0.999316       658596      1462.86
       1.999     0.999414       658660      1706.67
       2.008     0.999512       658721      2048.00
       2.014     0.999561       658754      2275.56
       2.020     0.999609       658783      2560.00
       2.027     0.999658       658818      2925.71
       2.032     0.999707       658846      3413.33
       2.041     0.999756       658879      4096.00
       2.046     0.999780       658895      4551.11
       2.053     0.999805       658916      5120.00
       2.057     0.999829       658927      5851.43
       2.067     0.999854       658944      6826.67
       2.081     0.999878       658962      8192.00
       2.087     0.999890       658971      9102.22
       2.093     0.999902       658976     10240.00
       2.105     0.999915       658985     11702.86
       2.119     0.999927       658991     13653.33
       2.151     0.999939       659000     16384.00
       2.171     0.999945       659003     18204.44
       2.201     0.999951       659007     20480.00
       2.233     0.999957       659011     23405.71
       2.273     0.999963       659015     27306.67
       2.339     0.999969       659019     32768.00
       2.413     0.999973       659021     36408.89
       2.441     0.999976       659023     40960.00
       2.459     0.999979       659025     46811.43
       2.559     0.999982       659027     54613.33
       2.703     0.999985       659029     65536.00
       2.837     0.999986       659030     72817.78
       2.901     0.999988       659031     81920.00
       2.905     0.999989       659032     93622.86
       2.943     0.999991       659033    109226.67
       3.007     0.999992       659034    131072.00
       3.161     0.999993       659035    145635.56
       3.161     0.999994       659035    163840.00
       3.271     0.999995       659036    187245.71
       3.271     0.999995       659036    218453.33
       3.275     0.999996       659037    262144.00
       3.275     0.999997       659037    291271.11
       3.275     0.999997       659037    327680.00
       3.279     0.999997       659038    374491.43
       3.279     0.999998       659038    436906.67
       3.279     0.999998       659038    524288.00
       3.279     0.999998       659038    582542.22
       3.279     0.999998       659038    655360.00
       3.287     0.999999       659039    748982.86
       3.287     1.000000       659039          inf
#[Mean    =        0.878, StdDeviation   =        0.425]
#[Max     =        3.286, Total count    =       659039]
#[Buckets =           27, SubBuckets     =         2048]
----------------------------------------------------------
  719593 requests in 2.00m, 85.78MB read
Requests/sec:   5996.58
Transfer/sec:    732.00KB
