Running 2m test @ http://localhost:9003/api/v1/user?id=1
  4 threads and 128 connections
  Thread calibration: mean lat.: 0.885ms, rate sampling interval: 10ms
  Thread calibration: mean lat.: 0.849ms, rate sampling interval: 10ms
  Thread calibration: mean lat.: 0.843ms, rate sampling interval: 10ms
  Thread calibration: mean lat.: 0.915ms, rate sampling interval: 10ms
  Thread Stats   Avg      Stdev     Max   +/- Stdev
    Latency     0.87ms  426.94us   9.98ms   66.93%
    Req/Sec     1.32k   118.33     2.33k    71.59%
  Latency Distribution (HdrHistogram - Recorded Latency)
 50.000%    0.87ms
 75.000%    1.17ms
 90.000%    1.38ms
 99.000%    1.86ms
 99.900%    2.12ms
 99.990%    7.28ms
 99.999%    9.34ms
100.000%    9.99ms

  Detailed Percentile spectrum:
       Value   Percentile   TotalCount 1/(1-Percentile)

       0.106     0.000000            2         1.00
       0.319     0.100000        54977         1.11
       0.468     0.200000       110055         1.25
       0.609     0.300000       165072         1.43
       0.744     0.400000       219883         1.67
       0.868     0.500000       274704         2.00
       0.930     0.550000       302354         2.22
       0.989     0.600000       329578         2.50
       1.049     0.650000       357077         2.86
       1.109     0.700000       384603         3.33
       1.168     0.750000       412220         4.00
       1.197     0.775000       425666         4.44
       1.229     0.800000       439653         5.00
       1.262     0.825000       453391         5.71
       1.296     0.850000       466860         6.67
       1.333     0.875000       480741         8.00
       1.355     0.887500       487723         8.89
       1.382     0.900000       494450        10.00
       1.419     0.912500       501286        11.43
       1.463     0.925000       508078        13.33
       1.516     0.937500       514975        16.00
       1.545     0.943750       518328        17.78
       1.577     0.950000       521809        20.00
       1.610     0.956250       525177        22.86
       1.646     0.962500       528691        26.67
       1.681     0.968750       532046        32.00
       1.701     0.971875       533771        35.56
       1.724     0.975000       535529        40.00
       1.746     0.978125       537191        45.71
       1.772     0.981250       538944        53.33
       1.801     0.984375       540695        64.00
       1.816     0.985938       541507        71.11
       1.835     0.987500       542377        80.00
       1.853     0.989062       543242        91.43
       1.872     0.990625       544053       106.67
       1.894     0.992188       544925       128.00
       1.906     0.992969       545351       142.22
       1.920     0.993750       545784       160.00
       1.935     0.994531       546216       182.86
       1.952     0.995313       546645       213.33
       1.970     0.996094       547071       256.00
       1.981     0.996484       547283       284.44
       1.992     0.996875       547498       320.00
       2.004     0.997266       547715       365.71
       2.020     0.997656       547926       426.67
       2.036     0.998047       548129       512.00
       2.047     0.998242       548243       568.89
       2.059     0.998437       548355       640.00
       2.075     0.998633       548460       731.43
       2.093     0.998828       548559       853.33
       2.123     0.999023       548666      1024.00
       2.147     0.999121       548720      1137.78
       2.189     0.999219       548773      1280.00
       2.623     0.999316       548826      1462.86
       3.349     0.999414       548880      1706.67
       3.893     0.999512       548933      2048.00
       4.263     0.999561       548961      2275.56
       4.699     0.999609       548987      2560.00
       5.031     0.999658       549014      2925.71
       5.527     0.999707       549041      3413.33
       5.951     0.999756       549067      4096.00
       6.251     0.999780       549082      4551.11
       6.447     0.999805       549094      5120.00
       6.595     0.999829       549108      5851.43
       6.823     0.999854       549121      6826.67
       7.083     0.999878       549134      8192.00
       7.215     0.999890       549141      9102.22
       7.327     0.999902       549149     10240.00
       7.411     0.999915       549155     11702.86
       7.599     0.999927       549161     13653.33
       7.871     0.999939       549168     16384.00
       7.959     0.999945       549171     18204.44
       8.051     0.999951       549175     20480.00
       8.107     0.999957       549178     23405.71
       8.199     0.999963       549181     27306.67
       8.439     0.999969       549185     32768.00
       8.471     0.999973       549186     36408.89
       8.631     0.999976       549188     40960.00
       8.687     0.999979       549190     46811.43
       8.695     0.999982       549191     54613.33
       8.911     0.999985       549193     65536.00
       8.991     0.999986       549194     72817.78
       9.135     0.999988       549195     81920.00
       9.343     0.999989       549196     93622.86
       9.343     0.999991       549196    109226.67
       9.439     0.999992       549197    131072.00
       9.495     0.999993       549198    145635.56
       9.495     0.999994       549198    163840.00
       9.535     0.999995       549199    187245.71
       9.535     0.999995       549199    218453.33
       9.535     0.999996       549199    262144.00
       9.559     0.999997       549200    291271.11
       9.559     0.999997       549200    327680.00
       9.559     0.999997       549200    374491.43
       9.559     0.999998       549200    436906.67
       9.559     0.999998       549200    524288.00
       9.991     0.999998       549201    582542.22
       9.991     1.000000       549201          inf
#[Mean    =        0.873, StdDeviation   =        0.427]
#[Max     =        9.984, Total count    =       549201]
#[Buckets =           27, SubBuckets     =         2048]
----------------------------------------------------------
  599673 requests in 2.00m, 65.77MB read
Requests/sec:   4997.23
Transfer/sec:    561.21KB
