Running 2m test @ http://localhost:9000/api/v1/users
  4 threads and 128 connections
  Thread calibration: mean lat.: 2.899ms, rate sampling interval: 10ms
  Thread calibration: mean lat.: 2.843ms, rate sampling interval: 10ms
  Thread calibration: mean lat.: 2.865ms, rate sampling interval: 10ms
  Thread calibration: mean lat.: 2.882ms, rate sampling interval: 10ms
  Thread Stats   Avg      Stdev     Max   +/- Stdev
    Latency     3.00ms    4.06ms  62.50ms   95.87%
    Req/Sec     2.64k   283.45     4.00k    81.30%
  Latency Distribution (HdrHistogram - Recorded Latency)
 50.000%    2.20ms
 75.000%    2.69ms
 90.000%    3.59ms
 99.000%   27.36ms
 99.900%   44.22ms
 99.990%   52.13ms
 99.999%   58.72ms
100.000%   62.53ms

  Detailed Percentile spectrum:
       Value   Percentile   TotalCount 1/(1-Percentile)

       0.808     0.000000            1         1.00
       1.528     0.100000       109986         1.11
       1.732     0.200000       220140         1.25
       1.896     0.300000       330047         1.43
       2.047     0.400000       440023         1.67
       2.199     0.500000       550037         2.00
       2.279     0.550000       604821         2.22
       2.365     0.600000       660151         2.50
       2.459     0.650000       714597         2.86
       2.565     0.700000       769165         3.33
       2.693     0.750000       824265         4.00
       2.767     0.775000       851482         4.44
       2.855     0.800000       878823         5.00
       2.961     0.825000       906181         5.71
       3.097     0.850000       933801         6.67
       3.287     0.875000       961283         8.00
       3.415     0.887500       974856         8.89
       3.585     0.900000       988570        10.00
       3.825     0.912500      1002389        11.43
       4.179     0.925000      1016043        13.33
       4.759     0.937500      1029785        16.00
       5.207     0.943750      1036665        17.78
       5.799     0.950000      1043498        20.00
       6.651     0.956250      1050367        22.86
       7.835     0.962500      1057222        26.67
       9.575     0.968750      1064083        32.00
      10.703     0.971875      1067509        35.56
      12.103     0.975000      1070937        40.00
      13.847     0.978125      1074376        45.71
      16.223     0.981250      1077806        53.33
      19.727     0.984375      1081241        64.00
      21.711     0.985938      1082953        71.11
      23.903     0.987500      1084664        80.00
      26.031     0.989062      1086381        91.43
      28.207     0.990625      1088106       106.67
      30.335     0.992188      1089824       128.00
      31.391     0.992969      1090672       142.22
      32.527     0.993750      1091540       160.00
      33.663     0.994531      1092398       182.86
      34.943     0.995313      1093257       213.33
      36.191     0.996094      1094108       256.00
      36.895     0.996484      1094542       284.44
      37.695     0.996875      1094974       320.00
      38.463     0.997266      1095400       365.71
      39.391     0.997656      1095833       426.67
      40.479     0.998047      1096261       512.00
      41.055     0.998242      1096471       568.89
      41.727     0.998437      1096683       640.00
      42.431     0.998633      1096892       731.43
      43.359     0.998828      1097108       853.33
      44.319     0.999023      1097325      1024.00
      44.831     0.999121      1097432      1137.78
      45.375     0.999219      1097540      1280.00
      45.983     0.999316      1097646      1462.86
      46.719     0.999414      1097750      1706.67
      47.455     0.999512      1097862      2048.00
      47.839     0.999561      1097915      2275.56
      48.223     0.999609      1097966      2560.00
      48.639     0.999658      1098019      2925.71
      49.247     0.999707      1098073      3413.33
      49.759     0.999756      1098125      4096.00
      50.047     0.999780      1098154      4551.11
      50.335     0.999805      1098179      5120.00
      50.751     0.999829      1098207      5851.43
      51.199     0.999854      1098233      6826.67
      51.551     0.999878      1098259      8192.00
      51.935     0.999890      1098273      9102.22
      52.191     0.999902      1098286     10240.00
      52.639     0.999915      1098300     11702.86
      53.055     0.999927      1098313     13653.33
      53.535     0.999939      1098327     16384.00
      53.759     0.999945      1098333     18204.44
      54.015     0.999951      1098340     20480.00
      54.495     0.999957      1098347     23405.71
      55.007     0.999963      1098353     27306.67
      55.743     0.999969      1098362     32768.00
      55.839     0.999973      1098363     36408.89
      56.191     0.999976      1098367     40960.00
      56.447     0.999979      1098370     46811.43
      57.215     0.999982      1098373     54613.33
      57.855     0.999985      1098377     65536.00
      57.983     0.999986      1098378     72817.78
      58.207     0.999988      1098380     81920.00
      58.719     0.999989      1098382     93622.86
      58.751     0.999991      1098383    109226.67
      59.359     0.999992      1098385    131072.00
      59.551     0.999993      1098386    145635.56
      59.807     0.999994      1098387    163840.00
      60.095     0.999995      1098388    187245.71
      60.095     0.999995      1098388    218453.33
      61.087     0.999996      1098389    262144.00
      61.503     0.999997      1098390    291271.11
      61.503     0.999997      1098390    327680.00
      61.855     0.999997      1098391    374491.43
      61.855     0.999998      1098391    436906.67
      61.855     0.999998      1098391    524288.00
      62.495     0.999998      1098392    582542.22
      62.495     0.999998      1098392    655360.00
      62.495     0.999999      1098392    748982.86
      62.495     0.999999      1098392    873813.33
      62.495     0.999999      1098392   1048576.00
      62.527     0.999999      1098393   1165084.44
      62.527     1.000000      1098393          inf
#[Mean    =        3.000, StdDeviation   =        4.063]
#[Max     =       62.496, Total count    =      1098393]
#[Buckets =           27, SubBuckets     =         2048]
----------------------------------------------------------
  1199263 requests in 2.00m, 10.28GB read
Requests/sec:   9993.82
Transfer/sec:     87.70MB
