1787820746 347586560
1787820751 347963392
1787820756 347975680
1787820761 348135424
1787820766 348151808
1787820771 348151808
1787820776 348151808
1787820781 348164096
1787820786 348172288
1787820791 348176384
1787820796 348184576
1787820801 348426240
1787820806 348434432
1787820811 348446720
1787820816 348471296
1787820821 348483584
1787820826 348499968
1787820831 348520448
1787820836 348520448
1787820841 348532736
1787820846 348561408
1787820851 348717056
1787820856 348602368
1787820861 348618752
1787820866 348848128
1787820871 348860416
1787820876 348889088
1787820881 348909568
1787820886 348921856
1787820891 348938240
1787820896 348958720
1787820901 349028352
1787820906 349044736
1787820911 349069312
1787820916 349073408
1787820921 349085696
1787820926 349110272
1787820931 349126656
1787820936 349138944
1787820941 349171712
1787820946 349184000
1787820951 349220864
1787820956 349229056
1787820961 349261824
1787820966 349409280
1787820972 349417472
1787820977 349298688
1787820982 349315072
1787820987 349343744
1787820992 349360128
1787820997 349364224
1787821002 349384704
1787821007 349401088
1787821012 349425664
1787821017 349491200
1787821022 349556736
1787821027 349560832
1787821032 349585408
1787821037 349614080
1787821042 349646848
1787821047 349683712
1787821052 349691904
1787821057 349700096
1787821062 349736960
1787821067 349749248
1787821072 349761536
1787821077 349782016
1787821082 349786112
1787821087 349806592
1787821092 351322112
1787821097 351334400
1787821102 351363072
1787821107 351387648
1787821112 351404032
1787821117 351453184
1787821122 351457280
1787821127 351481856
1787821132 351498240
1787821137 351518720
1787821142 351547392
1787821147 352567296
1787821152 352587776
1787821157 352612352
1787821162 352624640
1787821167 352641024
1787821172 352657408
1787821177 352669696
1787821182 352702464
1787821187 352702464
1787821192 352739328
1787821197 352747520
1787821202 352780288
1787821207 352788480
1787821212 352804864
1787821217 352817152
1787821222 352829440
1787821227 352854016
1787821232 352878592
1787821237 352940032
1787821242 352960512
1787821247 352976896
1787821252 352993280
1787821257 353071104
1787821262 353087488
1787821267 353116160
1787821272 353136640
1787821277 353144832
1787821282 353161216
1787821287 353185792
1787821292 353202176
1787821297 353214464
1787821302 353234944
1787821307 353247232
1787821312 353263616
1787821317 353271808
1787821322 353296384
1787821327 353468416
1787821332 353357824
1787821337 353382400
1787821342 353402880
1787821347 353419264
1787821353 353419264
1787821358 353419264
1787821363 353419264
1787821368 353419264
1787821373 353419264
1787821378 353558528
1787821383 352755712
1787821388 352755712
1787821393 352755712
1787821398 352755712
1787821403 352755712
1787821408 352755712
