Running 2m test @ http://localhost:9000/api/v1/user?id=1
  4 threads and 128 connections
  Thread calibration: mean lat.: 1.008ms, rate sampling interval: 10ms
  Thread calibration: mean lat.: 1.011ms, rate sampling interval: 10ms
  Thread calibration: mean lat.: 1.004ms, rate sampling interval: 10ms
  Thread calibration: mean lat.: 1.015ms, rate sampling interval: 10ms
  Thread Stats   Avg      Stdev     Max   +/- Stdev
    Latency     1.01ms  527.47us  22.45ms   69.25%
    Req/Sec     7.90k   466.60    20.22k    71.84%
  Latency Distribution (HdrHistogram - Recorded Latency)
 50.000%    0.97ms
 75.000%    1.35ms
 90.000%    1.66ms
 99.000%    2.18ms
 99.900%    2.63ms
 99.990%   14.57ms
 99.999%   20.53ms
100.000%   22.46ms

  Detailed Percentile spectrum:
       Value   Percentile   TotalCount 1/(1-Percentile)

       0.076     0.000000            1         1.00
       0.385     0.100000       329951         1.11
       0.541     0.200000       659519         1.25
       0.685     0.300000       990220         1.43
       0.829     0.400000      1319547         1.67
       0.974     0.500000      1649174         2.00
       1.047     0.550000      1814324         2.22
       1.120     0.600000      1977554         2.50
       1.196     0.650000      2143721         2.86
       1.272     0.700000      2306732         3.33
       1.351     0.750000      2472999         4.00
       1.391     0.775000      2553987         4.44
       1.435     0.800000      2637398         5.00
       1.482     0.825000      2719829         5.71
       1.534     0.850000      2801810         6.67
       1.592     0.875000      2883429         8.00
       1.625     0.887500      2925222         8.89
       1.659     0.900000      2965862        10.00
       1.698     0.912500      3007612        11.43
       1.740     0.925000      3048398        13.33
       1.788     0.937500      3089253        16.00
       1.816     0.943750      3110240        17.78
       1.845     0.950000      3130664        20.00
       1.878     0.956250      3151568        22.86
       1.914     0.962500      3171915        26.67
       1.955     0.968750      3192256        32.00
       1.979     0.971875      3202899        35.56
       2.004     0.975000      3212967        40.00
       2.032     0.978125      3223386        45.71
       2.063     0.981250      3233459        53.33
       2.099     0.984375      3243900        64.00
       2.119     0.985938      3248888        71.11
       2.143     0.987500      3254349        80.00
       2.167     0.989062      3259250        91.43
       2.197     0.990625      3264578       106.67
       2.229     0.992188      3269637       128.00
       2.247     0.992969      3272135       142.22
       2.269     0.993750      3274799       160.00
       2.291     0.994531      3277203       182.86
       2.317     0.995313      3279758       213.33
       2.349     0.996094      3282385       256.00
       2.367     0.996484      3283719       284.44
       2.387     0.996875      3284973       320.00
       2.409     0.997266      3286192       365.71
       2.437     0.997656      3287539       426.67
       2.471     0.998047      3288796       512.00
       2.493     0.998242      3289453       568.89
       2.517     0.998437      3290066       640.00
       2.549     0.998633      3290717       731.43
       2.585     0.998828      3291339       853.33
       2.641     0.999023      3291986      1024.00
       2.685     0.999121      3292316      1137.78
       2.751     0.999219      3292627      1280.00
       2.833     0.999316      3292954      1462.86
       2.967     0.999414      3293274      1706.67
       3.183     0.999512      3293595      2048.00
       3.359     0.999561      3293752      2275.56
       3.635     0.999609      3293913      2560.00
       4.147     0.999658      3294075      2925.71
       5.199     0.999707      3294236      3413.33
       7.187     0.999756      3294396      4096.00
       7.979     0.999780      3294476      4551.11
       8.823     0.999805      3294557      5120.00
      10.023     0.999829      3294637      5851.43
      11.511     0.999854      3294719      6826.67
      13.271     0.999878      3294798      8192.00
      13.951     0.999890      3294838      9102.22
      14.727     0.999902      3294879     10240.00
      15.503     0.999915      3294920     11702.86
      16.271     0.999927      3294959     13653.33
      16.927     0.999939      3295000     16384.00
      17.295     0.999945      3295020     18204.44
      17.759     0.999951      3295040     20480.00
      18.015     0.999957      3295060     23405.71
      18.367     0.999963      3295080     27306.67
      18.831     0.999969      3295101     32768.00
      18.959     0.999973      3295110     36408.89
      19.359     0.999976      3295120     40960.00
      19.679     0.999979      3295130     46811.43
      19.935     0.999982      3295141     54613.33
      20.175     0.999985      3295150     65536.00
      20.287     0.999986      3295155     72817.78
      20.383     0.999988      3295160     81920.00
      20.479     0.999989      3295165     93622.86
      20.575     0.999991      3295171    109226.67
      20.719     0.999992      3295176    131072.00
      20.735     0.999993      3295178    145635.56
      20.863     0.999994      3295181    163840.00
      20.927     0.999995      3295183    187245.71
      20.975     0.999995      3295185    218453.33
      21.023     0.999996      3295188    262144.00
      21.071     0.999997      3295189    291271.11
      21.103     0.999997      3295190    327680.00
      21.535     0.999997      3295192    374491.43
      21.567     0.999998      3295193    436906.67
      21.615     0.999998      3295194    524288.00
      21.855     0.999998      3295195    582542.22
      21.855     0.999998      3295195    655360.00
      21.887     0.999999      3295196    748982.86
      21.935     0.999999      3295197    873813.33
      21.935     0.999999      3295197   1048576.00
      22.047     0.999999      3295198   1165084.44
      22.047     0.999999      3295198   1310720.00
      22.047     0.999999      3295198   1497965.71
      22.255     0.999999      3295199   1747626.67
      22.255     1.000000      3295199   2097152.00
      22.255     1.000000      3295199   2330168.89
      22.255     1.000000      3295199   2621440.00
      22.255     1.000000      3295199   2995931.43
      22.463     1.000000      3295200   3495253.33
      22.463     1.000000      3295200          inf
#[Mean    =        1.008, StdDeviation   =        0.527]
#[Max     =       22.448, Total count    =      3295200]
#[Buckets =           27, SubBuckets     =         2048]
----------------------------------------------------------
  3597708 requests in 2.00m, 428.88MB read
Requests/sec:  29980.71
Transfer/sec:      3.57MB
