Running 10m test @ http://localhost:8080/api/v1/users
  4 threads and 128 connections
  Thread calibration: mean lat.: 1.949ms, rate sampling interval: 10ms
  Thread calibration: mean lat.: 1.961ms, rate sampling interval: 10ms
  Thread calibration: mean lat.: 1.952ms, rate sampling interval: 10ms
  Thread calibration: mean lat.: 1.937ms, rate sampling interval: 10ms
  Thread Stats   Avg      Stdev     Max   +/- Stdev
    Latency     1.86ms  754.02us  56.16ms   83.75%
    Req/Sec     1.58k   165.87     2.67k    65.41%
  Latency Distribution (HdrHistogram - Recorded Latency)
 50.000%    1.74ms
 75.000%    2.12ms
 90.000%    2.62ms
 99.000%    4.38ms
 99.900%    8.17ms
 99.990%   18.22ms
 99.999%   30.42ms
100.000%   56.19ms

  Detailed Percentile spectrum:
       Value   Percentile   TotalCount 1/(1-Percentile)

       0.696     0.000000            1         1.00
       1.183     0.100000       354714         1.11
       1.341     0.200000       708653         1.25
       1.480     0.300000      1062605         1.43
       1.611     0.400000      1416204         1.67
       1.740     0.500000      1772115         2.00
       1.805     0.550000      1947978         2.22
       1.873     0.600000      2124476         2.50
       1.946     0.650000      2300861         2.86
       2.029     0.700000      2479190         3.33
       2.125     0.750000      2654713         4.00
       2.183     0.775000      2745477         4.44
       2.245     0.800000      2831644         5.00
       2.317     0.825000      2920003         5.71
       2.401     0.850000      3008656         6.67
       2.501     0.875000      3097200         8.00
       2.559     0.887500      3141825         8.89
       2.623     0.900000      3185738        10.00
       2.695     0.912500      3230245        11.43
       2.773     0.925000      3273730        13.33
       2.867     0.937500      3318728        16.00
       2.919     0.943750      3340237        17.78
       2.981     0.950000      3362257        20.00
       3.057     0.956250      3384575        22.86
       3.149     0.962500      3406391        26.67
       3.273     0.968750      3428623        32.00
       3.351     0.971875      3439631        35.56
       3.443     0.975000      3450621        40.00
       3.557     0.978125      3461663        45.71
       3.699     0.981250      3472756        53.33
       3.881     0.984375      3483794        64.00
       3.993     0.985938      3489348        71.11
       4.119     0.987500      3494849        80.00
       4.271     0.989062      3500326        91.43
       4.451     0.990625      3505892       106.67
       4.671     0.992188      3511389       128.00
       4.803     0.992969      3514212       142.22
       4.951     0.993750      3516952       160.00
       5.123     0.994531      3519728       182.86
       5.335     0.995313      3522457       213.33
       5.599     0.996094      3525236       256.00
       5.751     0.996484      3526609       284.44
       5.931     0.996875      3527990       320.00
       6.151     0.997266      3529365       365.71
       6.415     0.997656      3530744       426.67
       6.739     0.998047      3532126       512.00
       6.947     0.998242      3532821       568.89
       7.187     0.998437      3533510       640.00
       7.467     0.998633      3534196       731.43
       7.811     0.998828      3534889       853.33
       8.231     0.999023      3535585      1024.00
       8.487     0.999121      3535928      1137.78
       8.791     0.999219      3536271      1280.00
       9.199     0.999316      3536618      1462.86
       9.655     0.999414      3536962      1706.67
      10.271     0.999512      3537306      2048.00
      10.759     0.999561      3537482      2275.56
      11.223     0.999609      3537656      2560.00
      11.751     0.999658      3537825      2925.71
      12.367     0.999707      3537999      3413.33
      13.327     0.999756      3538171      4096.00
      13.871     0.999780      3538257      4551.11
      14.527     0.999805      3538343      5120.00
      15.255     0.999829      3538431      5851.43
      16.247     0.999854      3538516      6826.67
      17.119     0.999878      3538605      8192.00
      17.583     0.999890      3538647      9102.22
      18.431     0.999902      3538689     10240.00
      19.631     0.999915      3538732     11702.86
      20.719     0.999927      3538775     13653.33
      21.695     0.999939      3538818     16384.00
      22.159     0.999945      3538841     18204.44
      22.911     0.999951      3538862     20480.00
      23.647     0.999957      3538884     23405.71
      24.335     0.999963      3538905     27306.67
      25.055     0.999969      3538926     32768.00
      25.631     0.999973      3538939     36408.89
      26.335     0.999976      3538948     40960.00
      27.231     0.999979      3538959     46811.43
      27.711     0.999982      3538971     54613.33
      28.111     0.999985      3538980     65536.00
      28.719     0.999986      3538986     72817.78
      29.247     0.999988      3538991     81920.00
      29.839     0.999989      3538997     93622.86
      31.263     0.999991      3539002    109226.67
      32.559     0.999992      3539007    131072.00
      33.247     0.999993      3539010    145635.56
      34.207     0.999994      3539013    163840.00
      34.463     0.999995      3539016    187245.71
      36.927     0.999995      3539018    218453.33
      37.471     0.999996      3539021    262144.00
      37.695     0.999997      3539022    291271.11
      39.455     0.999997      3539024    327680.00
      40.511     0.999997      3539025    374491.43
      41.823     0.999998      3539026    436906.67
      42.623     0.999998      3539028    524288.00
      42.623     0.999998      3539028    582542.22
      43.711     0.999998      3539029    655360.00
      47.391     0.999999      3539030    748982.86
      47.391     0.999999      3539030    873813.33
      47.903     0.999999      3539031   1048576.00
      47.903     0.999999      3539031   1165084.44
      48.735     0.999999      3539032   1310720.00
      48.735     0.999999      3539032   1497965.71
      48.735     0.999999      3539032   1747626.67
      50.527     1.000000      3539033   2097152.00
      50.527     1.000000      3539033   2330168.89
      50.527     1.000000      3539033   2621440.00
      50.527     1.000000      3539033   2995931.43
      50.527     1.000000      3539033   3495253.33
      56.191     1.000000      3539034   4194304.00
      56.191     1.000000      3539034          inf
#[Mean    =        1.862, StdDeviation   =        0.754]
#[Max     =       56.160, Total count    =      3539034]
#[Buckets =           27, SubBuckets     =         2048]
----------------------------------------------------------
  3599587 requests in 10.00m, 30.90GB read
Requests/sec:   5999.31
Transfer/sec:     52.74MB
