Running 2m test @ http://localhost:9002/api/v1/user?id=1
  4 threads and 128 connections
  Thread calibration: mean lat.: 1.128ms, rate sampling interval: 10ms
  Thread calibration: mean lat.: 1.330ms, rate sampling interval: 10ms
  Thread calibration: mean lat.: 1.119ms, rate sampling interval: 10ms
  Thread calibration: mean lat.: 1.126ms, rate sampling interval: 10ms
  Thread Stats   Avg      Stdev     Max   +/- Stdev
    Latency     1.18ms  708.39us  26.75ms   84.99%
    Req/Sec     4.73k   821.09    14.89k    76.64%
  Latency Distribution (HdrHistogram - Recorded Latency)
 50.000%    1.13ms
 75.000%    1.50ms
 90.000%    1.81ms
 99.000%    2.42ms
 99.900%    9.46ms
 99.990%   19.20ms
 99.999%   23.85ms
100.000%   26.77ms

  Detailed Percentile spectrum:
       Value   Percentile   TotalCount 1/(1-Percentile)

       0.132     0.000000            1         1.00
       0.521     0.100000       198154         1.11
       0.693     0.200000       395603         1.25
       0.846     0.300000       594269         1.43
       0.989     0.400000       791105         1.67
       1.130     0.500000       989417         2.00
       1.201     0.550000      1087794         2.22
       1.274     0.600000      1187368         2.50
       1.348     0.650000      1286100         2.86
       1.424     0.700000      1384691         3.33
       1.502     0.750000      1482960         4.00
       1.544     0.775000      1532994         4.44
       1.588     0.800000      1582717         5.00
       1.635     0.825000      1632029         5.71
       1.686     0.850000      1681013         6.67
       1.743     0.875000      1730592         8.00
       1.774     0.887500      1754811         8.89
       1.809     0.900000      1780087        10.00
       1.846     0.912500      1804492        11.43
       1.887     0.925000      1828921        13.33
       1.935     0.937500      1853826        16.00
       1.962     0.943750      1866243        17.78
       1.992     0.950000      1878624        20.00
       2.025     0.956250      1890750        22.86
       2.065     0.962500      1903445        26.67
       2.109     0.968750      1915462        32.00
       2.135     0.971875      1921687        35.56
       2.163     0.975000      1927738        40.00
       2.197     0.978125      1934112        45.71
       2.235     0.981250      1940160        53.33
       2.283     0.984375      1946415        64.00
       2.311     0.985938      1949394        71.11
       2.345     0.987500      1952529        80.00
       2.387     0.989062      1955637        91.43
       2.441     0.990625      1958673       106.67
       2.517     0.992188      1961752       128.00
       2.575     0.992969      1963252       142.22
       2.677     0.993750      1964789       160.00
       3.023     0.994531      1966333       182.86
       4.021     0.995313      1967876       213.33
       5.015     0.996094      1969419       256.00
       5.531     0.996484      1970190       284.44
       6.059     0.996875      1970963       320.00
       6.539     0.997266      1971735       365.71
       7.023     0.997656      1972510       426.67
       7.571     0.998047      1973282       512.00
       7.847     0.998242      1973666       568.89
       8.171     0.998437      1974052       640.00
       8.551     0.998633      1974445       731.43
       9.039     0.998828      1974828       853.33
       9.519     0.999023      1975211      1024.00
       9.791     0.999121      1975402      1137.78
      10.103     0.999219      1975597      1280.00
      10.447     0.999316      1975788      1462.86
      10.871     0.999414      1975981      1706.67
      11.391     0.999512      1976175      2048.00
      11.735     0.999561      1976275      2275.56
      12.119     0.999609      1976370      2560.00
      12.743     0.999658      1976464      2925.71
      14.183     0.999707      1976562      3413.33
      15.511     0.999756      1976657      4096.00
      16.031     0.999780      1976705      4551.11
      16.559     0.999805      1976754      5120.00
      17.119     0.999829      1976802      5851.43
      17.759     0.999854      1976851      6826.67
      18.415     0.999878      1976898      8192.00
      18.751     0.999890      1976923      9102.22
      19.375     0.999902      1976946     10240.00
      20.031     0.999915      1976971     11702.86
      20.415     0.999927      1976996     13653.33
      21.071     0.999939      1977019     16384.00
      21.295     0.999945      1977031     18204.44
      21.535     0.999951      1977043     20480.00
      21.711     0.999957      1977057     23405.71
      21.839     0.999963      1977068     27306.67
      22.095     0.999969      1977079     32768.00
      22.335     0.999973      1977086     36408.89
      22.559     0.999976      1977091     40960.00
      22.895     0.999979      1977097     46811.43
      23.023     0.999982      1977103     54613.33
      23.407     0.999985      1977109     65536.00
      23.567     0.999986      1977112     72817.78
      23.663     0.999988      1977115     81920.00
      23.855     0.999989      1977119     93622.86
      23.935     0.999991      1977122    109226.67
      23.999     0.999992      1977124    131072.00
      24.079     0.999993      1977126    145635.56
      24.111     0.999994      1977127    163840.00
      24.463     0.999995      1977129    187245.71
      24.511     0.999995      1977130    218453.33
      24.879     0.999996      1977133    262144.00
      24.879     0.999997      1977133    291271.11
      24.879     0.999997      1977133    327680.00
      24.927     0.999997      1977134    374491.43
      25.023     0.999998      1977135    436906.67
      25.375     0.999998      1977136    524288.00
      25.375     0.999998      1977136    582542.22
      25.375     0.999998      1977136    655360.00
      25.519     0.999999      1977137    748982.86
      25.519     0.999999      1977137    873813.33
      25.775     0.999999      1977138   1048576.00
      25.775     0.999999      1977138   1165084.44
      25.775     0.999999      1977138   1310720.00
      25.775     0.999999      1977138   1497965.71
      25.775     0.999999      1977138   1747626.67
      26.767     1.000000      1977139   2097152.00
      26.767     1.000000      1977139          inf
#[Mean    =        1.182, StdDeviation   =        0.708]
#[Max     =       26.752, Total count    =      1977139]
#[Buckets =           27, SubBuckets     =         2048]
----------------------------------------------------------
  2154500 requests in 2.00m, 236.29MB read
Requests/sec:  17953.40
Transfer/sec:      1.97MB
