Running 2m test @ http://localhost:9003/api/v1/user?id=1
  4 threads and 128 connections
  Thread calibration: mean lat.: 0.862ms, rate sampling interval: 10ms
  Thread calibration: mean lat.: 0.898ms, rate sampling interval: 10ms
  Thread calibration: mean lat.: 0.867ms, rate sampling interval: 10ms
  Thread calibration: mean lat.: 0.861ms, rate sampling interval: 10ms
  Thread Stats   Avg      Stdev     Max   +/- Stdev
    Latency     0.87ms  449.71us  23.17ms   69.94%
    Req/Sec     1.33k   122.67     3.50k    70.03%
  Latency Distribution (HdrHistogram - Recorded Latency)
 50.000%    0.86ms
 75.000%    1.16ms
 90.000%    1.38ms
 99.000%    1.88ms
 99.900%    2.16ms
 99.990%    8.77ms
 99.999%   17.93ms
100.000%   23.18ms

  Detailed Percentile spectrum:
       Value   Percentile   TotalCount 1/(1-Percentile)

       0.108     0.000000            1         1.00
       0.319     0.100000        55206         1.11
       0.463     0.200000       110195         1.25
       0.593     0.300000       164913         1.43
       0.726     0.400000       219870         1.67
       0.856     0.500000       274625         2.00
       0.919     0.550000       302204         2.22
       0.980     0.600000       329604         2.50
       1.040     0.650000       357132         2.86
       1.102     0.700000       384792         3.33
       1.162     0.750000       412286         4.00
       1.191     0.775000       425867         4.44
       1.222     0.800000       439531         5.00
       1.256     0.825000       453188         5.71
       1.292     0.850000       466866         6.67
       1.331     0.875000       480851         8.00
       1.353     0.887500       487600         8.89
       1.381     0.900000       494309        10.00
       1.420     0.912500       501260        11.43
       1.470     0.925000       508117        13.33
       1.529     0.937500       514884        16.00
       1.561     0.943750       518335        17.78
       1.594     0.950000       521788        20.00
       1.629     0.956250       525205        22.86
       1.665     0.962500       528680        26.67
       1.702     0.968750       532069        32.00
       1.722     0.971875       533815        35.56
       1.743     0.975000       535482        40.00
       1.768     0.978125       537214        45.71
       1.794     0.981250       538958        53.33
       1.822     0.984375       540675        64.00
       1.837     0.985938       541514        71.11
       1.852     0.987500       542337        80.00
       1.870     0.989062       543241        91.43
       1.888     0.990625       544087       106.67
       1.909     0.992188       544932       128.00
       1.920     0.992969       545349       142.22
       1.933     0.993750       545785       160.00
       1.947     0.994531       546213       182.86
       1.963     0.995313       546646       213.33
       1.983     0.996094       547071       256.00
       1.994     0.996484       547291       284.44
       2.006     0.996875       547500       320.00
       2.021     0.997266       547706       365.71
       2.038     0.997656       547920       426.67
       2.059     0.998047       548132       512.00
       2.071     0.998242       548240       568.89
       2.087     0.998437       548348       640.00
       2.107     0.998633       548457       731.43
       2.129     0.998828       548557       853.33
       2.175     0.999023       548664      1024.00
       2.339     0.999121       548718      1137.78
       3.003     0.999219       548771      1280.00
       3.483     0.999316       548825      1462.86
       4.087     0.999414       548879      1706.67
       4.623     0.999512       548932      2048.00
       4.931     0.999561       548959      2275.56
       5.427     0.999609       548986      2560.00
       5.803     0.999658       549013      2925.71
       6.399     0.999707       549040      3413.33
       6.979     0.999756       549067      4096.00
       7.203     0.999780       549080      4551.11
       7.455     0.999805       549093      5120.00
       7.671     0.999829       549107      5851.43
       7.831     0.999854       549120      6826.67
       8.343     0.999878       549133      8192.00
       8.623     0.999890       549141      9102.22
       8.887     0.999902       549147     10240.00
       9.647     0.999915       549154     11702.86
      10.415     0.999927       549160     13653.33
      12.167     0.999939       549167     16384.00
      13.423     0.999945       549170     18204.44
      13.543     0.999951       549174     20480.00
      13.991     0.999957       549177     23405.71
      14.751     0.999963       549180     27306.67
      15.311     0.999969       549184     32768.00
      15.943     0.999973       549185     36408.89
      16.527     0.999976       549187     40960.00
      17.135     0.999979       549189     46811.43
      17.327     0.999982       549190     54613.33
      17.855     0.999985       549192     65536.00
      17.871     0.999986       549194     72817.78
      17.871     0.999988       549194     81920.00
      17.935     0.999989       549195     93622.86
      17.935     0.999991       549195    109226.67
      17.999     0.999992       549196    131072.00
      18.143     0.999993       549197    145635.56
      18.143     0.999994       549197    163840.00
      18.447     0.999995       549198    187245.71
      18.447     0.999995       549198    218453.33
      18.447     0.999996       549198    262144.00
      19.023     0.999997       549199    291271.11
      19.023     0.999997       549199    327680.00
      19.023     0.999997       549199    374491.43
      19.023     0.999998       549199    436906.67
      19.023     0.999998       549199    524288.00
      23.183     0.999998       549200    582542.22
      23.183     1.000000       549200          inf
#[Mean    =        0.868, StdDeviation   =        0.450]
#[Max     =       23.168, Total count    =       549200]
#[Buckets =           27, SubBuckets     =         2048]
----------------------------------------------------------
  599672 requests in 2.00m, 65.77MB read
Requests/sec:   4997.24
Transfer/sec:    561.21KB
