Running 2m test @ http://localhost:9000/api/v1/user?id=1
  4 threads and 128 connections
  Thread calibration: mean lat.: 1.287ms, rate sampling interval: 10ms
  Thread calibration: mean lat.: 1.289ms, rate sampling interval: 10ms
  Thread calibration: mean lat.: 1.279ms, rate sampling interval: 10ms
  Thread calibration: mean lat.: 1.275ms, rate sampling interval: 10ms
  Thread Stats   Avg      Stdev     Max   +/- Stdev
    Latency     1.27ms  591.65us   6.86ms   65.48%
    Req/Sec    10.53k   640.70    14.00k    71.47%
  Latency Distribution (HdrHistogram - Recorded Latency)
 50.000%    1.20ms
 75.000%    1.68ms
 90.000%    2.12ms
 99.000%    2.71ms
 99.900%    3.12ms
 99.990%    4.23ms
 99.999%    5.59ms
100.000%    6.87ms

  Detailed Percentile spectrum:
       Value   Percentile   TotalCount 1/(1-Percentile)

       0.080     0.000000            1         1.00
       0.552     0.100000       440359         1.11
       0.734     0.200000       879716         1.25
       0.889     0.300000      1320167         1.43
       1.040     0.400000      1759946         1.67
       1.198     0.500000      2199263         2.00
       1.282     0.550000      2418160         2.22
       1.371     0.600000      2638084         2.50
       1.466     0.650000      2857011         2.86
       1.568     0.700000      3077287         3.33
       1.680     0.750000      3296787         4.00
       1.739     0.775000      3405348         4.44
       1.804     0.800000      3515580         5.00
       1.872     0.825000      3625291         5.71
       1.946     0.850000      3736016         6.67
       2.027     0.875000      3844929         8.00
       2.071     0.887500      3901335         8.89
       2.115     0.900000      3954304        10.00
       2.165     0.912500      4009398        11.43
       2.221     0.925000      4065888        13.33
       2.279     0.937500      4119038        16.00
       2.313     0.943750      4147847        17.78
       2.347     0.950000      4174777        20.00
       2.385     0.956250      4201842        22.86
       2.427     0.962500      4229068        26.67
       2.475     0.968750      4257353        32.00
       2.499     0.971875      4270654        35.56
       2.525     0.975000      4283898        40.00
       2.555     0.978125      4297913        45.71
       2.589     0.981250      4311880        53.33
       2.625     0.984375      4325047        64.00
       2.647     0.985938      4332348        71.11
       2.667     0.987500      4338728        80.00
       2.691     0.989062      4345811        91.43
       2.717     0.990625      4352775       106.67
       2.747     0.992188      4359591       128.00
       2.765     0.992969      4363059       142.22
       2.783     0.993750      4366163       160.00
       2.807     0.994531      4369823       182.86
       2.831     0.995313      4373075       213.33
       2.861     0.996094      4376522       256.00
       2.877     0.996484      4378174       284.44
       2.895     0.996875      4379986       320.00
       2.915     0.997266      4381645       365.71
       2.941     0.997656      4383422       426.67
       2.971     0.998047      4385040       512.00
       2.993     0.998242      4385937       568.89
       3.019     0.998437      4386809       640.00
       3.045     0.998633      4387617       731.43
       3.079     0.998828      4388482       853.33
       3.123     0.999023      4389351      1024.00
       3.153     0.999121      4389775      1137.78
       3.191     0.999219      4390191      1280.00
       3.241     0.999316      4390614      1462.86
       3.299     0.999414      4391051      1706.67
       3.369     0.999512      4391472      2048.00
       3.417     0.999561      4391690      2275.56
       3.467     0.999609      4391902      2560.00
       3.525     0.999658      4392116      2925.71
       3.607     0.999707      4392331      3413.33
       3.701     0.999756      4392544      4096.00
       3.755     0.999780      4392650      4551.11
       3.817     0.999805      4392758      5120.00
       3.897     0.999829      4392865      5851.43
       3.997     0.999854      4392974      6826.67
       4.111     0.999878      4393081      8192.00
       4.163     0.999890      4393135      9102.22
       4.239     0.999902      4393187     10240.00
       4.327     0.999915      4393243     11702.86
       4.423     0.999927      4393295     13653.33
       4.539     0.999939      4393347     16384.00
       4.607     0.999945      4393374     18204.44
       4.667     0.999951      4393401     20480.00
       4.747     0.999957      4393428     23405.71
       4.867     0.999963      4393457     27306.67
       4.955     0.999969      4393481     32768.00
       5.023     0.999973      4393495     36408.89
       5.079     0.999976      4393508     40960.00
       5.171     0.999979      4393522     46811.43
       5.255     0.999982      4393536     54613.33
       5.383     0.999985      4393549     65536.00
       5.431     0.999986      4393555     72817.78
       5.491     0.999988      4393562     81920.00
       5.575     0.999989      4393569     93622.86
       5.639     0.999991      4393575    109226.67
       5.751     0.999992      4393582    131072.00
       5.803     0.999993      4393586    145635.56
       5.827     0.999994      4393589    163840.00
       5.907     0.999995      4393592    187245.71
       5.971     0.999995      4393595    218453.33
       6.039     0.999996      4393599    262144.00
       6.043     0.999997      4393600    291271.11
       6.203     0.999997      4393602    327680.00
       6.327     0.999997      4393604    374491.43
       6.375     0.999998      4393605    436906.67
       6.435     0.999998      4393607    524288.00
       6.439     0.999998      4393608    582542.22
       6.507     0.999998      4393609    655360.00
       6.579     0.999999      4393610    748982.86
       6.579     0.999999      4393610    873813.33
       6.651     0.999999      4393611   1048576.00
       6.719     0.999999      4393612   1165084.44
       6.719     0.999999      4393612   1310720.00
       6.723     0.999999      4393613   1497965.71
       6.723     0.999999      4393613   1747626.67
       6.723     1.000000      4393613   2097152.00
       6.771     1.000000      4393614   2330168.89
       6.771     1.000000      4393614   2621440.00
       6.771     1.000000      4393614   2995931.43
       6.771     1.000000      4393614   3495253.33
       6.771     1.000000      4393614   4194304.00
       6.867     1.000000      4393615   4660337.78
       6.867     1.000000      4393615          inf
#[Mean    =        1.273, StdDeviation   =        0.592]
#[Max     =        6.864, Total count    =      4393615]
#[Buckets =           27, SubBuckets     =         2048]
----------------------------------------------------------
  4796913 requests in 2.00m, 571.84MB read
Requests/sec:  39974.28
Transfer/sec:      4.77MB
