Running 2m test @ http://localhost:9000/api/v1/users
  4 threads and 128 connections
  Thread calibration: mean lat.: 1.868ms, rate sampling interval: 10ms
  Thread calibration: mean lat.: 1.845ms, rate sampling interval: 10ms
  Thread calibration: mean lat.: 1.868ms, rate sampling interval: 10ms
  Thread calibration: mean lat.: 1.836ms, rate sampling interval: 10ms
  Thread Stats   Avg      Stdev     Max   +/- Stdev
    Latency     1.80ms    1.02ms  43.81ms   95.34%
    Req/Sec     2.11k   167.84     4.00k    71.65%
  Latency Distribution (HdrHistogram - Recorded Latency)
 50.000%    1.69ms
 75.000%    2.05ms
 90.000%    2.49ms
 99.000%    3.36ms
 99.900%   16.48ms
 99.990%   36.70ms
 99.999%   41.66ms
100.000%   43.84ms

  Detailed Percentile spectrum:
       Value   Percentile   TotalCount 1/(1-Percentile)

       0.697     0.000000            1         1.00
       1.154     0.100000        88274         1.11
       1.313     0.200000       176365         1.25
       1.445     0.300000       263906         1.43
       1.570     0.400000       352162         1.67
       1.692     0.500000       439649         2.00
       1.756     0.550000       483613         2.22
       1.821     0.600000       527285         2.50
       1.889     0.650000       571446         2.86
       1.963     0.700000       615237         3.33
       2.051     0.750000       659936         4.00
       2.101     0.775000       681791         4.44
       2.157     0.800000       703068         5.00
       2.223     0.825000       725094         5.71
       2.297     0.850000       747137         6.67
       2.381     0.875000       769085         8.00
       2.431     0.887500       780052         8.89
       2.487     0.900000       790965        10.00
       2.549     0.912500       802001        11.43
       2.617     0.925000       812882        13.33
       2.695     0.937500       823935        16.00
       2.739     0.943750       829511        17.78
       2.787     0.950000       834980        20.00
       2.837     0.956250       840386        22.86
       2.891     0.962500       845899        26.67
       2.951     0.968750       851414        32.00
       2.985     0.971875       854131        35.56
       3.025     0.975000       856858        40.00
       3.073     0.978125       859563        45.71
       3.129     0.981250       862264        53.33
       3.199     0.984375       865041        64.00
       3.237     0.985938       866381        71.11
       3.281     0.987500       867768        80.00
       3.329     0.989062       869122        91.43
       3.389     0.990625       870494       106.67
       3.463     0.992188       871901       128.00
       3.507     0.992969       872566       142.22
       3.557     0.993750       873251       160.00
       3.613     0.994531       873926       182.86
       3.685     0.995313       874624       213.33
       3.783     0.996094       875293       256.00
       3.849     0.996484       875633       284.44
       3.931     0.996875       875978       320.00
       4.039     0.997266       876319       365.71
       4.219     0.997656       876669       426.67
       4.587     0.998047       877005       512.00
       5.027     0.998242       877177       568.89
       5.871     0.998437       877348       640.00
       7.431     0.998633       877520       731.43
      11.303     0.998828       877692       853.33
      17.007     0.999023       877863      1024.00
      19.599     0.999121       877951      1137.78
      21.903     0.999219       878036      1280.00
      23.919     0.999316       878121      1462.86
      25.967     0.999414       878207      1706.67
      27.759     0.999512       878292      2048.00
      28.543     0.999561       878335      2275.56
      29.791     0.999609       878378      2560.00
      30.751     0.999658       878421      2925.71
      31.871     0.999707       878465      3413.33
      32.751     0.999756       878507      4096.00
      33.439     0.999780       878528      4551.11
      33.919     0.999805       878550      5120.00
      34.591     0.999829       878572      5851.43
      35.231     0.999854       878594      6826.67
      35.999     0.999878       878616      8192.00
      36.415     0.999890       878625      9102.22
      36.799     0.999902       878637     10240.00
      37.439     0.999915       878646     11702.86
      37.823     0.999927       878658     13653.33
      38.175     0.999939       878669     16384.00
      38.431     0.999945       878673     18204.44
      38.687     0.999951       878679     20480.00
      38.879     0.999957       878685     23405.71
      39.103     0.999963       878689     27306.67
      39.647     0.999969       878695     32768.00
      39.775     0.999973       878697     36408.89
      40.063     0.999976       878701     40960.00
      40.415     0.999979       878703     46811.43
      40.735     0.999982       878705     54613.33
      40.831     0.999985       878708     65536.00
      41.087     0.999986       878709     72817.78
      41.151     0.999988       878711     81920.00
      41.663     0.999989       878712     93622.86
      41.759     0.999991       878713    109226.67
      41.823     0.999992       878716    131072.00
      41.823     0.999993       878716    145635.56
      41.823     0.999994       878716    163840.00
      42.399     0.999995       878717    187245.71
      42.399     0.999995       878717    218453.33
      42.431     0.999996       878718    262144.00
      42.431     0.999997       878718    291271.11
      43.007     0.999997       878719    327680.00
      43.007     0.999997       878719    374491.43
      43.007     0.999998       878719    436906.67
      43.327     0.999998       878720    524288.00
      43.327     0.999998       878720    582542.22
      43.327     0.999998       878720    655360.00
      43.327     0.999999       878720    748982.86
      43.327     0.999999       878720    873813.33
      43.839     0.999999       878721   1048576.00
      43.839     1.000000       878721          inf
#[Mean    =        1.796, StdDeviation   =        1.017]
#[Max     =       43.808, Total count    =       878721]
#[Buckets =           27, SubBuckets     =         2048]
----------------------------------------------------------
  959434 requests in 2.00m, 8.22GB read
Requests/sec:   7995.18
Transfer/sec:     70.16MB
