Running 2m test @ http://localhost:9000/api/v1/users
  4 threads and 128 connections
  Thread calibration: mean lat.: 2.938ms, rate sampling interval: 10ms
  Thread calibration: mean lat.: 3.008ms, rate sampling interval: 10ms
  Thread calibration: mean lat.: 5.129ms, rate sampling interval: 14ms
  Thread calibration: mean lat.: 2.984ms, rate sampling interval: 10ms
  Thread Stats   Avg      Stdev     Max   +/- Stdev
    Latency     4.05ms    2.82ms  67.52ms   89.04%
    Req/Sec     2.63k   397.12     4.31k    69.42%
  Latency Distribution (HdrHistogram - Recorded Latency)
 50.000%    3.49ms
 75.000%    5.19ms
 90.000%    6.75ms
 99.000%   12.73ms
 99.900%   35.29ms
 99.990%   57.47ms
 99.999%   65.47ms
100.000%   67.58ms

  Detailed Percentile spectrum:
       Value   Percentile   TotalCount 1/(1-Percentile)

       0.645     0.000000            1         1.00
       1.703     0.100000       110069         1.11
       2.095     0.200000       220180         1.25
       2.503     0.300000       329769         1.43
       2.965     0.400000       439470         1.67
       3.489     0.500000       549550         2.00
       3.779     0.550000       604206         2.22
       4.091     0.600000       659060         2.50
       4.431     0.650000       714241         2.86
       4.795     0.700000       769404         3.33
       5.187     0.750000       824246         4.00
       5.395     0.775000       851324         4.44
       5.619     0.800000       879191         5.00
       5.859     0.825000       906551         5.71
       6.119     0.850000       933731         6.67
       6.411     0.875000       961125         8.00
       6.575     0.887500       974986         8.89
       6.747     0.900000       988591        10.00
       6.943     0.912500      1002428        11.43
       7.163     0.925000      1016114        13.33
       7.415     0.937500      1029739        16.00
       7.567     0.943750      1036680        17.78
       7.739     0.950000      1043508        20.00
       7.939     0.956250      1050340        22.86
       8.183     0.962500      1057237        26.67
       8.503     0.968750      1064199        32.00
       8.703     0.971875      1067512        35.56
       8.959     0.975000      1070946        40.00
       9.311     0.978125      1074374        45.71
       9.799     0.981250      1077796        53.33
      10.511     0.984375      1081254        64.00
      10.983     0.985938      1082951        71.11
      11.543     0.987500      1084663        80.00
      12.215     0.989062      1086372        91.43
      13.111     0.990625      1088089       106.67
      14.303     0.992188      1089807       128.00
      15.071     0.992969      1090661       142.22
      15.935     0.993750      1091521       160.00
      17.087     0.994531      1092387       182.86
      18.623     0.995313      1093238       213.33
      20.879     0.996094      1094096       256.00
      22.223     0.996484      1094522       284.44
      23.855     0.996875      1094951       320.00
      25.599     0.997266      1095381       365.71
      27.647     0.997656      1095811       426.67
      29.727     0.998047      1096240       512.00
      30.959     0.998242      1096454       568.89
      31.935     0.998437      1096667       640.00
      32.991     0.998633      1096888       731.43
      34.143     0.998828      1097098       853.33
      35.487     0.999023      1097315      1024.00
      36.095     0.999121      1097421      1137.78
      36.895     0.999219      1097529      1280.00
      37.663     0.999316      1097634      1462.86
      38.591     0.999414      1097742      1706.67
      39.935     0.999512      1097847      2048.00
      41.055     0.999561      1097901      2275.56
      42.239     0.999609      1097955      2560.00
      43.743     0.999658      1098008      2925.71
      45.503     0.999707      1098062      3413.33
      47.839     0.999756      1098115      4096.00
      49.311     0.999780      1098142      4551.11
      50.591     0.999805      1098169      5120.00
      51.647     0.999829      1098196      5851.43
      53.951     0.999854      1098224      6826.67
      55.455     0.999878      1098250      8192.00
      56.383     0.999890      1098263      9102.22
      57.663     0.999902      1098277     10240.00
      58.975     0.999915      1098290     11702.86
      59.935     0.999927      1098306     13653.33
      60.703     0.999939      1098316     16384.00
      61.119     0.999945      1098323     18204.44
      61.375     0.999951      1098330     20480.00
      62.047     0.999957      1098337     23405.71
      62.687     0.999963      1098343     27306.67
      63.327     0.999969      1098350     32768.00
      63.711     0.999973      1098353     36408.89
      64.127     0.999976      1098357     40960.00
      64.319     0.999979      1098360     46811.43
      64.447     0.999982      1098363     54613.33
      64.735     0.999985      1098367     65536.00
      64.831     0.999986      1098369     72817.78
      64.959     0.999988      1098370     81920.00
      65.471     0.999989      1098372     93622.86
      65.663     0.999991      1098373    109226.67
      66.047     0.999992      1098375    131072.00
      66.111     0.999993      1098376    145635.56
      66.175     0.999994      1098377    163840.00
      66.239     0.999995      1098378    187245.71
      66.239     0.999995      1098378    218453.33
      66.559     0.999996      1098379    262144.00
      66.751     0.999997      1098381    291271.11
      66.751     0.999997      1098381    327680.00
      66.751     0.999997      1098381    374491.43
      66.751     0.999998      1098381    436906.67
      66.751     0.999998      1098381    524288.00
      67.391     0.999998      1098382    582542.22
      67.391     0.999998      1098382    655360.00
      67.391     0.999999      1098382    748982.86
      67.391     0.999999      1098382    873813.33
      67.391     0.999999      1098382   1048576.00
      67.583     0.999999      1098383   1165084.44
      67.583     1.000000      1098383          inf
#[Mean    =        4.050, StdDeviation   =        2.819]
#[Max     =       67.520, Total count    =      1098383]
#[Buckets =           27, SubBuckets     =         2048]
----------------------------------------------------------
  1196928 requests in 2.00m, 10.26GB read
Requests/sec:   9974.13
Transfer/sec:     87.53MB
