Running 2m test @ http://localhost:9000/api/v1/user?id=1
  4 threads and 128 connections
  Thread calibration: mean lat.: 0.830ms, rate sampling interval: 10ms
  Thread calibration: mean lat.: 0.824ms, rate sampling interval: 10ms
  Thread calibration: mean lat.: 0.825ms, rate sampling interval: 10ms
  Thread calibration: mean lat.: 0.823ms, rate sampling interval: 10ms
  Thread Stats   Avg      Stdev     Max   +/- Stdev
    Latency   756.57us  369.28us   8.89ms   60.68%
    Req/Sec     4.82k   214.19     6.33k    74.17%
  Latency Distribution (HdrHistogram - Recorded Latency)
 50.000%  754.00us
 75.000%    1.06ms
 90.000%    1.24ms
 99.000%    1.54ms
 99.900%    1.91ms
 99.990%    2.44ms
 99.999%    4.03ms
100.000%    8.90ms

  Detailed Percentile spectrum:
       Value   Percentile   TotalCount 1/(1-Percentile)

       0.069     0.000000            1         1.00
       0.255     0.100000       198942         1.11
       0.386     0.200000       396644         1.25
       0.510     0.300000       594563         1.43
       0.632     0.400000       791342         1.67
       0.754     0.500000       988918         2.00
       0.814     0.550000      1087569         2.22
       0.875     0.600000      1186469         2.50
       0.936     0.650000      1286068         2.86
       0.996     0.700000      1384185         3.33
       1.057     0.750000      1483999         4.00
       1.087     0.775000      1532838         4.44
       1.118     0.800000      1583326         5.00
       1.148     0.825000      1632047         5.71
       1.179     0.850000      1681808         6.67
       1.209     0.875000      1730033         8.00
       1.225     0.887500      1755328         8.89
       1.241     0.900000      1780581        10.00
       1.257     0.912500      1805339        11.43
       1.274     0.925000      1830185        13.33
       1.292     0.937500      1854334        16.00
       1.302     0.943750      1866256        17.78
       1.314     0.950000      1878568        20.00
       1.329     0.956250      1891091        22.86
       1.348     0.962500      1903426        26.67
       1.372     0.968750      1915611        32.00
       1.387     0.971875      1921874        35.56
       1.404     0.975000      1927924        40.00
       1.423     0.978125      1933884        45.71
       1.446     0.981250      1940086        53.33
       1.474     0.984375      1946404        64.00
       1.489     0.985938      1949378        71.11
       1.507     0.987500      1952458        80.00
       1.527     0.989062      1955538        91.43
       1.551     0.990625      1958681       106.67
       1.579     0.992188      1961782       128.00
       1.595     0.992969      1963281       142.22
       1.613     0.993750      1964779       160.00
       1.634     0.994531      1966342       182.86
       1.659     0.995313      1967859       213.33
       1.690     0.996094      1969443       256.00
       1.707     0.996484      1970176       284.44
       1.727     0.996875      1970968       320.00
       1.748     0.997266      1971733       365.71
       1.773     0.997656      1972488       426.67
       1.805     0.998047      1973268       512.00
       1.823     0.998242      1973661       568.89
       1.841     0.998437      1974032       640.00
       1.864     0.998633      1974416       731.43
       1.890     0.998828      1974804       853.33
       1.919     0.999023      1975200      1024.00
       1.938     0.999121      1975382      1137.78
       1.957     0.999219      1975582      1280.00
       1.981     0.999316      1975774      1462.86
       2.007     0.999414      1975965      1706.67
       2.038     0.999512      1976157      2048.00
       2.055     0.999561      1976256      2275.56
       2.075     0.999609      1976348      2560.00
       2.103     0.999658      1976450      2925.71
       2.131     0.999707      1976546      3413.33
       2.167     0.999756      1976642      4096.00
       2.181     0.999780      1976685      4551.11
       2.207     0.999805      1976734      5120.00
       2.253     0.999829      1976783      5851.43
       2.301     0.999854      1976832      6826.67
       2.367     0.999878      1976879      8192.00
       2.409     0.999890      1976902      9102.22
       2.449     0.999902      1976926     10240.00
       2.507     0.999915      1976951     11702.86
       2.587     0.999927      1976975     13653.33
       2.711     0.999939      1976999     16384.00
       2.771     0.999945      1977011     18204.44
       2.837     0.999951      1977023     20480.00
       2.933     0.999957      1977035     23405.71
       3.053     0.999963      1977047     27306.67
       3.187     0.999969      1977059     32768.00
       3.273     0.999973      1977065     36408.89
       3.447     0.999976      1977071     40960.00
       3.571     0.999979      1977077     46811.43
       3.661     0.999982      1977083     54613.33
       3.803     0.999985      1977089     65536.00
       3.871     0.999986      1977092     72817.78
       3.945     0.999988      1977095     81920.00
       4.023     0.999989      1977098     93622.86
       4.057     0.999991      1977101    109226.67
       4.123     0.999992      1977104    131072.00
       4.199     0.999993      1977106    145635.56
       4.247     0.999994      1977107    163840.00
       4.307     0.999995      1977109    187245.71
       4.343     0.999995      1977110    218453.33
       4.467     0.999996      1977112    262144.00
       4.551     0.999997      1977113    291271.11
       4.551     0.999997      1977113    327680.00
       4.559     0.999997      1977114    374491.43
       4.603     0.999998      1977115    436906.67
       4.683     0.999998      1977116    524288.00
       4.683     0.999998      1977116    582542.22
       4.683     0.999998      1977116    655360.00
       4.743     0.999999      1977117    748982.86
       4.743     0.999999      1977117    873813.33
       4.843     0.999999      1977118   1048576.00
       4.843     0.999999      1977118   1165084.44
       4.843     0.999999      1977118   1310720.00
       4.843     0.999999      1977118   1497965.71
       4.843     0.999999      1977118   1747626.67
       8.895     1.000000      1977119   2097152.00
       8.895     1.000000      1977119          inf
#[Mean    =        0.757, StdDeviation   =        0.369]
#[Max     =        8.888, Total count    =      1977119]
#[Buckets =           27, SubBuckets     =         2048]
----------------------------------------------------------
  2158652 requests in 2.00m, 257.33MB read
Requests/sec:  17988.66
Transfer/sec:      2.14MB
