Running 2m test @ http://localhost:9008/api/v1/user?id=1
  4 threads and 128 connections
  Thread calibration: mean lat.: 1.172ms, rate sampling interval: 10ms
  Thread calibration: mean lat.: 1.193ms, rate sampling interval: 10ms
  Thread calibration: mean lat.: 1.176ms, rate sampling interval: 10ms
  Thread calibration: mean lat.: 1.149ms, rate sampling interval: 10ms
  Thread Stats   Avg      Stdev     Max   +/- Stdev
    Latency     1.16ms  550.30us  18.43ms   70.08%
    Req/Sec     4.21k   275.42     9.56k    71.74%
  Latency Distribution (HdrHistogram - Recorded Latency)
 50.000%    1.11ms
 75.000%    1.51ms
 90.000%    1.85ms
 99.000%    2.44ms
 99.900%    3.68ms
 99.990%   12.31ms
 99.999%   16.51ms
100.000%   18.45ms

  Detailed Percentile spectrum:
       Value   Percentile   TotalCount 1/(1-Percentile)

       0.152     0.000000            1         1.00
       0.524     0.100000       176535         1.11
       0.689     0.200000       352466         1.25
       0.832     0.300000       527713         1.43
       0.971     0.400000       704042         1.67
       1.112     0.500000       878759         2.00
       1.187     0.550000       967274         2.22
       1.262     0.600000      1054521         2.50
       1.341     0.650000      1142800         2.86
       1.424     0.700000      1230634         3.33
       1.512     0.750000      1318652         4.00
       1.558     0.775000      1362578         4.44
       1.606     0.800000      1406335         5.00
       1.657     0.825000      1450277         5.71
       1.712     0.850000      1494102         6.67
       1.774     0.875000      1538263         8.00
       1.808     0.887500      1559887         8.89
       1.845     0.900000      1581715        10.00
       1.886     0.912500      1603750        11.43
       1.932     0.925000      1625670        13.33
       1.984     0.937500      1647831        16.00
       2.014     0.943750      1658882        17.78
       2.046     0.950000      1669723        20.00
       2.083     0.956250      1680839        22.86
       2.123     0.962500      1691577        26.67
       2.171     0.968750      1702947        32.00
       2.197     0.971875      1708419        35.56
       2.225     0.975000      1713778        40.00
       2.257     0.978125      1719085        45.71
       2.293     0.981250      1724558        53.33
       2.337     0.984375      1730046        64.00
       2.361     0.985938      1732880        71.11
       2.389     0.987500      1735665        80.00
       2.419     0.989062      1738390        91.43
       2.455     0.990625      1741068       106.67
       2.499     0.992188      1743814       128.00
       2.523     0.992969      1745102       142.22
       2.551     0.993750      1746503       160.00
       2.585     0.994531      1747897       182.86
       2.625     0.995313      1749247       213.33
       2.673     0.996094      1750594       256.00
       2.701     0.996484      1751311       284.44
       2.735     0.996875      1751957       320.00
       2.779     0.997266      1752656       365.71
       2.835     0.997656      1753334       426.67
       2.917     0.998047      1754025       512.00
       2.975     0.998242      1754363       568.89
       3.079     0.998437      1754702       640.00
       3.237     0.998633      1755049       731.43
       3.443     0.998828      1755390       853.33
       3.717     0.999023      1755733      1024.00
       3.885     0.999121      1755906      1137.78
       4.155     0.999219      1756076      1280.00
       4.547     0.999316      1756247      1462.86
       5.103     0.999414      1756419      1706.67
       5.943     0.999512      1756590      2048.00
       6.619     0.999561      1756676      2275.56
       7.215     0.999609      1756762      2560.00
       8.075     0.999658      1756848      2925.71
       8.895     0.999707      1756934      3413.33
       9.583     0.999756      1757020      4096.00
       9.951     0.999780      1757063      4551.11
      10.439     0.999805      1757106      5120.00
      10.815     0.999829      1757150      5851.43
      11.207     0.999854      1757191      6826.67
      11.815     0.999878      1757234      8192.00
      12.127     0.999890      1757255      9102.22
      12.367     0.999902      1757277     10240.00
      12.591     0.999915      1757298     11702.86
      12.983     0.999927      1757321     13653.33
      13.407     0.999939      1757341     16384.00
      13.679     0.999945      1757352     18204.44
      13.887     0.999951      1757363     20480.00
      14.095     0.999957      1757373     23405.71
      14.279     0.999963      1757384     27306.67
      14.927     0.999969      1757395     32768.00
      15.151     0.999973      1757400     36408.89
      15.351     0.999976      1757406     40960.00
      15.455     0.999979      1757411     46811.43
      15.623     0.999982      1757416     54613.33
      15.863     0.999985      1757422     65536.00
      16.007     0.999986      1757424     72817.78
      16.223     0.999988      1757427     81920.00
      16.511     0.999989      1757430     93622.86
      16.655     0.999991      1757432    109226.67
      16.815     0.999992      1757435    131072.00
      16.895     0.999993      1757436    145635.56
      16.911     0.999994      1757438    163840.00
      17.023     0.999995      1757439    187245.71
      17.039     0.999995      1757441    218453.33
      17.151     0.999996      1757442    262144.00
      17.151     0.999997      1757442    291271.11
      17.167     0.999997      1757443    327680.00
      17.711     0.999997      1757444    374491.43
      17.711     0.999998      1757444    436906.67
      17.983     0.999998      1757445    524288.00
      17.983     0.999998      1757445    582542.22
      18.047     0.999998      1757446    655360.00
      18.047     0.999999      1757446    748982.86
      18.047     0.999999      1757446    873813.33
      18.303     0.999999      1757447   1048576.00
      18.303     0.999999      1757447   1165084.44
      18.303     0.999999      1757447   1310720.00
      18.303     0.999999      1757447   1497965.71
      18.303     0.999999      1757447   1747626.67
      18.447     1.000000      1757448   2097152.00
      18.447     1.000000      1757448          inf
#[Mean    =        1.163, StdDeviation   =        0.550]
#[Max     =       18.432, Total count    =      1757448]
#[Buckets =           27, SubBuckets     =         2048]
----------------------------------------------------------
  1918808 requests in 2.00m, 595.07MB read
Requests/sec:  15990.02
Transfer/sec:      4.96MB
