Running 2m test @ http://localhost:9000/api/v1/users
  4 threads and 128 connections
  Thread calibration: mean lat.: 1.439ms, rate sampling interval: 10ms
  Thread calibration: mean lat.: 1.449ms, rate sampling interval: 10ms
  Thread calibration: mean lat.: 1.482ms, rate sampling interval: 10ms
  Thread calibration: mean lat.: 1.426ms, rate sampling interval: 10ms
  Thread Stats   Avg      Stdev     Max   +/- Stdev
    Latency     1.49ms  770.48us  37.22ms   92.23%
    Req/Sec     1.05k    98.31     4.33k    84.32%
  Latency Distribution (HdrHistogram - Recorded Latency)
 50.000%    1.42ms
 75.000%    1.77ms
 90.000%    2.12ms
 99.000%    2.62ms
 99.900%    6.64ms
 99.990%   31.47ms
 99.999%   35.55ms
100.000%   37.25ms

  Detailed Percentile spectrum:
       Value   Percentile   TotalCount 1/(1-Percentile)

       0.595     0.000000            1         1.00
       0.904     0.100000        44107         1.11
       1.047     0.200000        88052         1.25
       1.176     0.300000       131992         1.43
       1.296     0.400000       175924         1.67
       1.420     0.500000       219682         2.00
       1.485     0.550000       241834         2.22
       1.551     0.600000       263675         2.50
       1.619     0.650000       285696         2.86
       1.690     0.700000       307847         3.33
       1.766     0.750000       329723         4.00
       1.809     0.775000       340572         4.44
       1.857     0.800000       351508         5.00
       1.912     0.825000       362586         5.71
       1.973     0.850000       373510         6.67
       2.045     0.875000       384576         8.00
       2.083     0.887500       389957         8.89
       2.125     0.900000       395559        10.00
       2.171     0.912500       401122        11.43
       2.223     0.925000       406560        13.33
       2.279     0.937500       411966        16.00
       2.311     0.943750       414748        17.78
       2.343     0.950000       417564        20.00
       2.373     0.956250       420205        22.86
       2.407     0.962500       422942        26.67
       2.445     0.968750       425746        32.00
       2.463     0.971875       427011        35.56
       2.485     0.975000       428495        40.00
       2.507     0.978125       429800        45.71
       2.531     0.981250       431127        53.33
       2.561     0.984375       432549        64.00
       2.575     0.985938       433181        71.11
       2.591     0.987500       433871        80.00
       2.611     0.989062       434597        91.43
       2.631     0.990625       435255       106.67
       2.655     0.992188       435928       128.00
       2.669     0.992969       436280       142.22
       2.685     0.993750       436619       160.00
       2.705     0.994531       436982       182.86
       2.727     0.995313       437314       213.33
       2.755     0.996094       437652       256.00
       2.773     0.996484       437829       284.44
       2.793     0.996875       438000       320.00
       2.813     0.997266       438157       365.71
       2.843     0.997656       438328       426.67
       2.899     0.998047       438499       512.00
       2.953     0.998242       438584       568.89
       3.165     0.998437       438671       640.00
       3.485     0.998633       438757       731.43
       4.715     0.998828       438842       853.33
       7.107     0.999023       438927      1024.00
       8.567     0.999121       438970      1137.78
      10.543     0.999219       439013      1280.00
      12.663     0.999316       439056      1462.86
      14.567     0.999414       439099      1706.67
      18.191     0.999512       439142      2048.00
      19.791     0.999561       439163      2275.56
      21.919     0.999609       439185      2560.00
      24.047     0.999658       439206      2925.71
      25.391     0.999707       439228      3413.33
      26.639     0.999756       439249      4096.00
      27.295     0.999780       439260      4551.11
      28.191     0.999805       439271      5120.00
      29.087     0.999829       439281      5851.43
      29.935     0.999854       439292      6826.67
      30.351     0.999878       439303      8192.00
      30.831     0.999890       439308      9102.22
      31.567     0.999902       439314     10240.00
      32.095     0.999915       439319     11702.86
      32.655     0.999927       439324     13653.33
      32.959     0.999939       439330     16384.00
      33.183     0.999945       439332     18204.44
      33.343     0.999951       439335     20480.00
      33.887     0.999957       439338     23405.71
      34.143     0.999963       439340     27306.67
      34.303     0.999969       439343     32768.00
      34.367     0.999973       439344     36408.89
      34.655     0.999976       439346     40960.00
      34.751     0.999979       439347     46811.43
      34.783     0.999982       439349     54613.33
      35.007     0.999985       439350     65536.00
      35.007     0.999986       439350     72817.78
      35.231     0.999988       439351     81920.00
      35.551     0.999989       439353     93622.86
      35.551     0.999991       439353    109226.67
      35.551     0.999992       439353    131072.00
      35.551     0.999993       439353    145635.56
      35.679     0.999994       439354    163840.00
      35.679     0.999995       439354    187245.71
      35.679     0.999995       439354    218453.33
      35.967     0.999996       439355    262144.00
      35.967     0.999997       439355    291271.11
      35.967     0.999997       439355    327680.00
      35.967     0.999997       439355    374491.43
      35.967     0.999998       439355    436906.67
      37.247     0.999998       439356    524288.00
      37.247     1.000000       439356          inf
#[Mean    =        1.488, StdDeviation   =        0.770]
#[Max     =       37.216, Total count    =       439356]
#[Buckets =           27, SubBuckets     =         2048]
----------------------------------------------------------
  479750 requests in 2.00m, 4.11GB read
Requests/sec:   3997.87
Transfer/sec:     35.08MB
