Running 2m test @ http://localhost:9008/api/v1/users
  4 threads and 128 connections
  Thread calibration: mean lat.: 1.390ms, rate sampling interval: 10ms
  Thread calibration: mean lat.: 1.396ms, rate sampling interval: 10ms
  Thread calibration: mean lat.: 1.370ms, rate sampling interval: 10ms
  Thread calibration: mean lat.: 1.383ms, rate sampling interval: 10ms
  Thread Stats   Avg      Stdev     Max   +/- Stdev
    Latency     1.38ms  426.33us   5.50ms   65.47%
    Req/Sec     0.90k   107.85     1.33k    80.61%
  Latency Distribution (HdrHistogram - Recorded Latency)
 50.000%    1.35ms
 75.000%    1.66ms
 90.000%    1.97ms
 99.000%    2.38ms
 99.900%    2.67ms
 99.990%    3.39ms
 99.999%    4.70ms
100.000%    5.50ms

  Detailed Percentile spectrum:
       Value   Percentile   TotalCount 1/(1-Percentile)

       0.530     0.000000            3         1.00
       0.830     0.100000        37529         1.11
       0.982     0.200000        74726         1.25
       1.113     0.300000       112238         1.43
       1.234     0.400000       149649         1.67
       1.351     0.500000       186801         2.00
       1.410     0.550000       205504         2.22
       1.471     0.600000       224259         2.50
       1.532     0.650000       242785         2.86
       1.596     0.700000       261603         3.33
       1.663     0.750000       280197         4.00
       1.702     0.775000       289554         4.44
       1.744     0.800000       298864         5.00
       1.791     0.825000       308235         5.71
       1.843     0.850000       317496         6.67
       1.902     0.875000       326787         8.00
       1.936     0.887500       331545         8.89
       1.972     0.900000       336166        10.00
       2.011     0.912500       340821        11.43
       2.053     0.925000       345604        13.33
       2.095     0.937500       350127        16.00
       2.119     0.943750       352586        17.78
       2.143     0.950000       354951        20.00
       2.167     0.956250       357200        22.86
       2.191     0.962500       359467        26.67
       2.221     0.968750       361946        32.00
       2.235     0.971875       362992        35.56
       2.253     0.975000       364172        40.00
       2.273     0.978125       365333        45.71
       2.295     0.981250       366456        53.33
       2.321     0.984375       367623        64.00
       2.337     0.985938       368237        71.11
       2.353     0.987500       368814        80.00
       2.371     0.989062       369422        91.43
       2.391     0.990625       369988       106.67
       2.415     0.992188       370572       128.00
       2.427     0.992969       370844       142.22
       2.443     0.993750       371144       160.00
       2.459     0.994531       371439       182.86
       2.475     0.995313       371707       213.33
       2.497     0.996094       372018       256.00
       2.509     0.996484       372155       284.44
       2.525     0.996875       372302       320.00
       2.539     0.997266       372459       365.71
       2.555     0.997656       372582       426.67
       2.577     0.998047       372729       512.00
       2.591     0.998242       372800       568.89
       2.607     0.998437       372874       640.00
       2.623     0.998633       372946       731.43
       2.649     0.998828       373019       853.33
       2.677     0.999023       373097      1024.00
       2.691     0.999121       373128      1137.78
       2.713     0.999219       373166      1280.00
       2.739     0.999316       373201      1462.86
       2.775     0.999414       373240      1706.67
       2.829     0.999512       373275      2048.00
       2.869     0.999561       373292      2275.56
       2.917     0.999609       373311      2560.00
       2.993     0.999658       373329      2925.71
       3.067     0.999707       373347      3413.33
       3.101     0.999756       373365      4096.00
       3.135     0.999780       373374      4551.11
       3.185     0.999805       373384      5120.00
       3.219     0.999829       373393      5851.43
       3.303     0.999854       373403      6826.67
       3.365     0.999878       373411      8192.00
       3.379     0.999890       373416      9102.22
       3.397     0.999902       373420     10240.00
       3.411     0.999915       373425     11702.86
       3.451     0.999927       373429     13653.33
       3.463     0.999939       373434     16384.00
       3.521     0.999945       373436     18204.44
       3.547     0.999951       373438     20480.00
       3.597     0.999957       373441     23405.71
       3.621     0.999963       373443     27306.67
       3.653     0.999969       373445     32768.00
       3.687     0.999973       373446     36408.89
       3.867     0.999976       373447     40960.00
       4.047     0.999979       373449     46811.43
       4.255     0.999982       373450     54613.33
       4.319     0.999985       373451     65536.00
       4.319     0.999986       373451     72817.78
       4.699     0.999988       373452     81920.00
       4.735     0.999989       373453     93622.86
       4.735     0.999991       373453    109226.67
       4.847     0.999992       373454    131072.00
       4.847     0.999993       373454    145635.56
       4.847     0.999994       373454    163840.00
       5.131     0.999995       373455    187245.71
       5.131     0.999995       373455    218453.33
       5.131     0.999996       373455    262144.00
       5.131     0.999997       373455    291271.11
       5.131     0.999997       373455    327680.00
       5.499     0.999997       373456    374491.43
       5.499     1.000000       373456          inf
#[Mean    =        1.378, StdDeviation   =        0.426]
#[Max     =        5.496, Total count    =       373456]
#[Buckets =           27, SubBuckets     =         2048]
----------------------------------------------------------
  407796 requests in 2.00m, 3.57GB read
Requests/sec:   3398.28
Transfer/sec:     30.49MB
