Running 2m test @ http://localhost:9002/api/v1/users
  4 threads and 128 connections
  Thread calibration: mean lat.: 8.856ms, rate sampling interval: 51ms
  Thread calibration: mean lat.: 9.080ms, rate sampling interval: 58ms
  Thread calibration: mean lat.: 9.711ms, rate sampling interval: 60ms
  Thread calibration: mean lat.: 9.105ms, rate sampling interval: 54ms
  Thread Stats   Avg      Stdev     Max   +/- Stdev
    Latency     2.26ms    1.36ms  55.49ms   95.75%
    Req/Sec     2.52k    61.23     3.46k    87.42%
  Latency Distribution (HdrHistogram - Recorded Latency)
 50.000%    2.08ms
 75.000%    2.48ms
 90.000%    2.96ms
 99.000%    5.98ms
 99.900%   23.57ms
 99.990%   37.18ms
 99.999%   48.06ms
100.000%   55.52ms

  Detailed Percentile spectrum:
       Value   Percentile   TotalCount 1/(1-Percentile)

       0.731     0.000000            1         1.00
       1.458     0.100000       110284         1.11
       1.648     0.200000       219923         1.25
       1.802     0.300000       330089         1.43
       1.942     0.400000       439861         1.67
       2.079     0.500000       550413         2.00
       2.149     0.550000       605385         2.22
       2.221     0.600000       659397         2.50
       2.299     0.650000       714885         2.86
       2.383     0.700000       769605         3.33
       2.479     0.750000       824544         4.00
       2.533     0.775000       851725         4.44
       2.593     0.800000       879156         5.00
       2.661     0.825000       906654         5.71
       2.739     0.850000       933850         6.67
       2.833     0.875000       961111         8.00
       2.891     0.887500       974954         8.89
       2.957     0.900000       988812        10.00
       3.037     0.912500      1002439        11.43
       3.135     0.925000      1016184        13.33
       3.265     0.937500      1029934        16.00
       3.347     0.943750      1036680        17.78
       3.449     0.950000      1043585        20.00
       3.581     0.956250      1050431        22.86
       3.751     0.962500      1057235        26.67
       3.987     0.968750      1064115        32.00
       4.139     0.971875      1067526        35.56
       4.319     0.975000      1070947        40.00
       4.523     0.978125      1074395        45.71
       4.775     0.981250      1077824        53.33
       5.099     0.984375      1081241        64.00
       5.295     0.985938      1082973        71.11
       5.515     0.987500      1084671        80.00
       5.791     0.989062      1086390        91.43
       6.119     0.990625      1088100       106.67
       6.519     0.992188      1089819       128.00
       6.771     0.992969      1090671       142.22
       7.079     0.993750      1091535       160.00
       7.455     0.994531      1092390       182.86
       7.971     0.995313      1093252       213.33
       8.735     0.996094      1094111       256.00
       9.287     0.996484      1094534       284.44
      10.047     0.996875      1094964       320.00
      11.295     0.997266      1095395       365.71
      13.223     0.997656      1095822       426.67
      15.639     0.998047      1096250       512.00
      16.943     0.998242      1096464       568.89
      18.511     0.998437      1096678       640.00
      20.463     0.998633      1096893       731.43
      22.127     0.998828      1097110       853.33
      23.759     0.999023      1097322      1024.00
      24.767     0.999121      1097429      1137.78
      25.935     0.999219      1097537      1280.00
      26.943     0.999316      1097644      1462.86
      28.191     0.999414      1097751      1706.67
      29.487     0.999512      1097859      2048.00
      30.079     0.999561      1097913      2275.56
      30.687     0.999609      1097965      2560.00
      31.471     0.999658      1098019      2925.71
      32.159     0.999707      1098073      3413.33
      33.119     0.999756      1098128      4096.00
      33.567     0.999780      1098153      4551.11
      33.983     0.999805      1098181      5120.00
      34.463     0.999829      1098208      5851.43
      35.135     0.999854      1098234      6826.67
      36.063     0.999878      1098260      8192.00
      36.767     0.999890      1098274      9102.22
      37.343     0.999902      1098287     10240.00
      37.919     0.999915      1098302     11702.86
      38.527     0.999927      1098314     13653.33
      39.359     0.999939      1098327     16384.00
      39.839     0.999945      1098334     18204.44
      40.447     0.999951      1098342     20480.00
      41.183     0.999957      1098348     23405.71
      41.791     0.999963      1098354     27306.67
      43.071     0.999969      1098361     32768.00
      43.423     0.999973      1098364     36408.89
      44.383     0.999976      1098368     40960.00
      44.575     0.999979      1098371     46811.43
      45.311     0.999982      1098374     54613.33
      46.047     0.999985      1098378     65536.00
      46.367     0.999986      1098379     72817.78
      47.071     0.999988      1098381     81920.00
      48.063     0.999989      1098383     93622.86
      48.383     0.999991      1098384    109226.67
      49.023     0.999992      1098386    131072.00
      49.215     0.999993      1098387    145635.56
      49.247     0.999994      1098388    163840.00
      50.207     0.999995      1098389    187245.71
      50.207     0.999995      1098389    218453.33
      50.495     0.999996      1098390    262144.00
      52.479     0.999997      1098391    291271.11
      52.479     0.999997      1098391    327680.00
      52.575     0.999997      1098392    374491.43
      52.575     0.999998      1098392    436906.67
      52.575     0.999998      1098392    524288.00
      54.495     0.999998      1098393    582542.22
      54.495     0.999998      1098393    655360.00
      54.495     0.999999      1098393    748982.86
      54.495     0.999999      1098393    873813.33
      54.495     0.999999      1098393   1048576.00
      55.519     0.999999      1098394   1165084.44
      55.519     1.000000      1098394          inf
#[Mean    =        2.255, StdDeviation   =        1.356]
#[Max     =       55.488, Total count    =      1098394]
#[Buckets =           27, SubBuckets     =         2048]
----------------------------------------------------------
  1199267 requests in 2.00m, 10.30GB read
Requests/sec:   9993.86
Transfer/sec:     87.86MB
