Running 2m test @ http://localhost:9003/api/v1/users
  4 threads and 128 connections
  Thread calibration: mean lat.: 1.556ms, rate sampling interval: 10ms
  Thread calibration: mean lat.: 1.617ms, rate sampling interval: 10ms
  Thread calibration: mean lat.: 1.593ms, rate sampling interval: 10ms
  Thread calibration: mean lat.: 1.599ms, rate sampling interval: 10ms
  Thread Stats   Avg      Stdev     Max   +/- Stdev
    Latency     1.56ms  677.52us  42.69ms   78.77%
    Req/Sec     2.11k   165.30     4.80k    73.55%
  Latency Distribution (HdrHistogram - Recorded Latency)
 50.000%    1.46ms
 75.000%    1.91ms
 90.000%    2.32ms
 99.000%    2.90ms
 99.900%    5.85ms
 99.990%   21.06ms
 99.999%   32.17ms
100.000%   42.72ms

  Detailed Percentile spectrum:
       Value   Percentile   TotalCount 1/(1-Percentile)

       0.513     0.000000            1         1.00
       0.904     0.100000        87969         1.11
       1.061     0.200000       175849         1.25
       1.197     0.300000       264064         1.43
       1.327     0.400000       351968         1.67
       1.463     0.500000       439800         2.00
       1.536     0.550000       483755         2.22
       1.615     0.600000       527640         2.50
       1.700     0.650000       571245         2.86
       1.798     0.700000       615255         3.33
       1.908     0.750000       659058         4.00
       1.970     0.775000       681153         4.44
       2.034     0.800000       703298         5.00
       2.101     0.825000       725322         5.71
       2.171     0.850000       747469         6.67
       2.243     0.875000       769321         8.00
       2.281     0.887500       780012         8.89
       2.323     0.900000       791276        10.00
       2.365     0.912500       802087        11.43
       2.409     0.925000       812908        13.33
       2.459     0.937500       823985        16.00
       2.487     0.943750       829592        17.78
       2.515     0.950000       834863        20.00
       2.547     0.956250       840404        22.86
       2.583     0.962500       845975        26.67
       2.623     0.968750       851494        32.00
       2.645     0.971875       854166        35.56
       2.669     0.975000       856821        40.00
       2.697     0.978125       859597        45.71
       2.731     0.981250       862378        53.33
       2.771     0.984375       865019        64.00
       2.797     0.985938       866399        71.11
       2.829     0.987500       867803        80.00
       2.867     0.989062       869149        91.43
       2.921     0.990625       870518       106.67
       2.995     0.992188       871870       128.00
       3.047     0.992969       872555       142.22
       3.121     0.993750       873226       160.00
       3.235     0.994531       873913       182.86
       3.437     0.995313       874604       213.33
       3.739     0.996094       875292       256.00
       3.909     0.996484       875629       284.44
       4.089     0.996875       875974       320.00
       4.287     0.997266       876320       365.71
       4.495     0.997656       876658       426.67
       4.775     0.998047       877003       512.00
       4.923     0.998242       877175       568.89
       5.079     0.998437       877347       640.00
       5.291     0.998633       877520       731.43
       5.551     0.998828       877688       853.33
       5.891     0.999023       877860      1024.00
       6.135     0.999121       877950      1137.78
       6.387     0.999219       878032      1280.00
       6.887     0.999316       878117      1462.86
       7.531     0.999414       878203      1706.67
       9.527     0.999512       878289      2048.00
      10.719     0.999561       878331      2275.56
      11.895     0.999609       878374      2560.00
      13.287     0.999658       878417      2925.71
      14.871     0.999707       878460      3413.33
      16.527     0.999756       878503      4096.00
      17.183     0.999780       878525      4551.11
      17.855     0.999805       878546      5120.00
      18.655     0.999829       878567      5851.43
      19.343     0.999854       878589      6826.67
      20.287     0.999878       878610      8192.00
      20.783     0.999890       878621      9102.22
      21.423     0.999902       878632     10240.00
      22.239     0.999915       878642     11702.86
      23.039     0.999927       878653     13653.33
      23.903     0.999939       878664     16384.00
      24.751     0.999945       878669     18204.44
      25.759     0.999951       878675     20480.00
      27.679     0.999957       878680     23405.71
      29.743     0.999963       878687     27306.67
      30.799     0.999969       878691     32768.00
      31.007     0.999973       878693     36408.89
      31.423     0.999976       878696     40960.00
      31.871     0.999979       878701     46811.43
      31.871     0.999982       878701     54613.33
      31.935     0.999985       878705     65536.00
      31.935     0.999986       878705     72817.78
      31.951     0.999988       878707     81920.00
      32.175     0.999989       878708     93622.86
      32.367     0.999991       878709    109226.67
      33.279     0.999992       878711    131072.00
      33.279     0.999993       878711    145635.56
      33.407     0.999994       878714    163840.00
      33.407     0.999995       878714    187245.71
      33.407     0.999995       878714    218453.33
      33.407     0.999996       878714    262144.00
      33.407     0.999997       878714    291271.11
      34.463     0.999997       878715    327680.00
      34.463     0.999997       878715    374491.43
      34.463     0.999998       878715    436906.67
      34.975     0.999998       878716    524288.00
      34.975     0.999998       878716    582542.22
      34.975     0.999998       878716    655360.00
      34.975     0.999999       878716    748982.86
      34.975     0.999999       878716    873813.33
      42.719     0.999999       878717   1048576.00
      42.719     1.000000       878717          inf
#[Mean    =        1.560, StdDeviation   =        0.678]
#[Max     =       42.688, Total count    =       878717]
#[Buckets =           27, SubBuckets     =         2048]
----------------------------------------------------------
  959430 requests in 2.00m, 8.24GB read
Requests/sec:   7995.20
Transfer/sec:     70.29MB
