Running 2m test @ http://localhost:9002/api/v1/users
  4 threads and 128 connections
  Thread calibration: mean lat.: 2.065ms, rate sampling interval: 10ms
  Thread calibration: mean lat.: 2.046ms, rate sampling interval: 10ms
  Thread calibration: mean lat.: 2.085ms, rate sampling interval: 10ms
  Thread calibration: mean lat.: 4.181ms, rate sampling interval: 11ms
  Thread Stats   Avg      Stdev     Max   +/- Stdev
    Latency     2.63ms    1.52ms  42.37ms   72.71%
    Req/Sec     1.58k   699.09     5.40k    78.76%
  Latency Distribution (HdrHistogram - Recorded Latency)
 50.000%    2.18ms
 75.000%    3.60ms
 90.000%    4.81ms
 99.000%    6.14ms
 99.900%    8.73ms
 99.990%   30.54ms
 99.999%   39.74ms
100.000%   42.40ms

  Detailed Percentile spectrum:
       Value   Percentile   TotalCount 1/(1-Percentile)

       0.635     0.000000            1         1.00
       1.131     0.100000        66092         1.11
       1.381     0.200000       132025         1.25
       1.612     0.300000       197749         1.43
       1.860     0.400000       263621         1.67
       2.177     0.500000       329790         2.00
       2.371     0.550000       362738         2.22
       2.591     0.600000       395467         2.50
       2.869     0.650000       428515         2.86
       3.221     0.700000       461318         3.33
       3.595     0.750000       494264         4.00
       3.789     0.775000       510803         4.44
       3.989     0.800000       527290         5.00
       4.187     0.825000       543782         5.71
       4.391     0.850000       560286         6.67
       4.595     0.875000       576760         8.00
       4.699     0.887500       585009         8.89
       4.807     0.900000       593139        10.00
       4.923     0.912500       601609        11.43
       5.035     0.925000       609616        13.33
       5.163     0.937500       618021        16.00
       5.227     0.943750       621999        17.78
       5.299     0.950000       626231        20.00
       5.375     0.956250       630350        22.86
       5.455     0.962500       634305        26.67
       5.551     0.968750       638420        32.00
       5.603     0.971875       640484        35.56
       5.667     0.975000       642656        40.00
       5.731     0.978125       644607        45.71
       5.807     0.981250       646685        53.33
       5.899     0.984375       648725        64.00
       5.951     0.985938       649742        71.11
       6.015     0.987500       650808        80.00
       6.091     0.989062       651837        91.43
       6.183     0.990625       652860       106.67
       6.287     0.992188       653859       128.00
       6.355     0.992969       654397       142.22
       6.443     0.993750       654912       160.00
       6.539     0.994531       655406       182.86
       6.683     0.995313       655929       213.33
       6.859     0.996094       656432       256.00
       6.971     0.996484       656690       284.44
       7.107     0.996875       656952       320.00
       7.235     0.997266       657208       365.71
       7.435     0.997656       657465       426.67
       7.671     0.998047       657719       512.00
       7.787     0.998242       657850       568.89
       7.919     0.998437       657976       640.00
       8.107     0.998633       658108       731.43
       8.343     0.998828       658233       853.33
       8.831     0.999023       658362      1024.00
       9.271     0.999121       658426      1137.78
      10.231     0.999219       658491      1280.00
      12.159     0.999316       658555      1462.86
      14.447     0.999414       658619      1706.67
      17.695     0.999512       658686      2048.00
      19.615     0.999561       658716      2275.56
      22.143     0.999609       658748      2560.00
      23.887     0.999658       658781      2925.71
      25.391     0.999707       658812      3413.33
      26.687     0.999756       658845      4096.00
      27.935     0.999780       658861      4551.11
      28.239     0.999805       658877      5120.00
      28.447     0.999829       658894      5851.43
      28.719     0.999854       658909      6826.67
      29.407     0.999878       658925      8192.00
      30.143     0.999890       658933      9102.22
      30.607     0.999902       658942     10240.00
      31.103     0.999915       658949     11702.86
      31.983     0.999927       658957     13653.33
      33.023     0.999939       658965     16384.00
      33.311     0.999945       658969     18204.44
      33.631     0.999951       658973     20480.00
      34.495     0.999957       658977     23405.71
      35.135     0.999963       658981     27306.67
      35.679     0.999969       658985     32768.00
      36.415     0.999973       658987     36408.89
      36.831     0.999976       658989     40960.00
      37.279     0.999979       658991     46811.43
      38.047     0.999982       658993     54613.33
      38.687     0.999985       658995     65536.00
      39.295     0.999986       658997     72817.78
      39.295     0.999988       658997     81920.00
      39.743     0.999989       658998     93622.86
      40.927     0.999991       658999    109226.67
      41.087     0.999992       659000    131072.00
      41.599     0.999993       659001    145635.56
      41.599     0.999994       659001    163840.00
      41.727     0.999995       659002    187245.71
      41.727     0.999995       659002    218453.33
      42.271     0.999996       659003    262144.00
      42.271     0.999997       659003    291271.11
      42.271     0.999997       659003    327680.00
      42.335     0.999997       659004    374491.43
      42.335     0.999998       659004    436906.67
      42.335     0.999998       659004    524288.00
      42.335     0.999998       659004    582542.22
      42.335     0.999998       659004    655360.00
      42.399     0.999999       659005    748982.86
      42.399     1.000000       659005          inf
#[Mean    =        2.628, StdDeviation   =        1.516]
#[Max     =       42.368, Total count    =       659005]
#[Buckets =           27, SubBuckets     =         2048]
----------------------------------------------------------
  718183 requests in 2.00m, 6.17GB read
Requests/sec:   5984.76
Transfer/sec:     52.61MB
