Running 2m test @ http://localhost:9002/api/v1/user?id=1
  4 threads and 128 connections
  Thread calibration: mean lat.: 0.923ms, rate sampling interval: 10ms
  Thread calibration: mean lat.: 0.921ms, rate sampling interval: 10ms
  Thread calibration: mean lat.: 1.312ms, rate sampling interval: 10ms
  Thread calibration: mean lat.: 0.910ms, rate sampling interval: 10ms
  Thread Stats   Avg      Stdev     Max   +/- Stdev
    Latency     1.00ms  562.69us  20.19ms   73.80%
    Req/Sec     1.58k   796.84     3.60k    76.25%
  Latency Distribution (HdrHistogram - Recorded Latency)
 50.000%    0.95ms
 75.000%    1.30ms
 90.000%    1.66ms
 99.000%    2.12ms
 99.900%    6.90ms
 99.990%   12.53ms
 99.999%   17.23ms
100.000%   20.21ms

  Detailed Percentile spectrum:
       Value   Percentile   TotalCount 1/(1-Percentile)

       0.123     0.000000            1         1.00
       0.382     0.100000        66109         1.11
       0.541     0.200000       131924         1.25
       0.683     0.300000       197843         1.43
       0.817     0.400000       264041         1.67
       0.954     0.500000       329922         2.00
       1.022     0.550000       362858         2.22
       1.090     0.600000       395480         2.50
       1.158     0.650000       428642         2.86
       1.228     0.700000       461736         3.33
       1.302     0.750000       494604         4.00
       1.340     0.775000       511164         4.44
       1.381     0.800000       527517         5.00
       1.434     0.825000       543807         5.71
       1.503     0.850000       560308         6.67
       1.581     0.875000       576724         8.00
       1.622     0.887500       585089         8.89
       1.665     0.900000       593145        10.00
       1.710     0.912500       601461        11.43
       1.756     0.925000       609688        13.33
       1.806     0.937500       617896        16.00
       1.833     0.943750       622099        17.78
       1.860     0.950000       626231        20.00
       1.887     0.956250       630268        22.86
       1.916     0.962500       634336        26.67
       1.947     0.968750       638481        32.00
       1.964     0.971875       640617        35.56
       1.983     0.975000       642598        40.00
       2.004     0.978125       644680        45.71
       2.028     0.981250       646704        53.33
       2.055     0.984375       648780        64.00
       2.071     0.985938       649805        71.11
       2.089     0.987500       650829        80.00
       2.111     0.989062       651900        91.43
       2.135     0.990625       652880       106.67
       2.167     0.992188       653910       128.00
       2.187     0.992969       654439       142.22
       2.209     0.993750       654923       160.00
       2.237     0.994531       655451       182.86
       2.275     0.995313       655975       213.33
       2.323     0.996094       656475       256.00
       2.353     0.996484       656731       284.44
       2.387     0.996875       656989       320.00
       2.431     0.997266       657249       365.71
       2.507     0.997656       657502       426.67
       2.867     0.998047       657755       512.00
       3.417     0.998242       657884       568.89
       4.033     0.998437       658013       640.00
       4.627     0.998633       658141       731.43
       5.799     0.998828       658270       853.33
       7.027     0.999023       658399      1024.00
       7.495     0.999121       658463      1137.78
       7.967     0.999219       658528      1280.00
       8.439     0.999316       658593      1462.86
       8.967     0.999414       658656      1706.67
       9.535     0.999512       658721      2048.00
       9.879     0.999561       658756      2275.56
      10.135     0.999609       658787      2560.00
      10.351     0.999658       658818      2925.71
      10.615     0.999707       658851      3413.33
      11.031     0.999756       658882      4096.00
      11.247     0.999780       658898      4551.11
      11.519     0.999805       658915      5120.00
      11.863     0.999829       658931      5851.43
      12.023     0.999854       658946      6826.67
      12.303     0.999878       658962      8192.00
      12.463     0.999890       658971      9102.22
      12.575     0.999902       658978     10240.00
      12.775     0.999915       658986     11702.86
      12.999     0.999927       658994     13653.33
      13.215     0.999939       659002     16384.00
      13.367     0.999945       659006     18204.44
      13.487     0.999951       659010     20480.00
      13.647     0.999957       659014     23405.71
      14.031     0.999963       659018     27306.67
      14.815     0.999969       659022     32768.00
      15.055     0.999973       659024     36408.89
      15.375     0.999976       659026     40960.00
      15.703     0.999979       659028     46811.43
      15.839     0.999982       659030     54613.33
      16.495     0.999985       659032     65536.00
      16.671     0.999986       659033     72817.78
      16.911     0.999988       659034     81920.00
      17.231     0.999989       659035     93622.86
      17.423     0.999991       659036    109226.67
      17.503     0.999992       659037    131072.00
      17.551     0.999993       659038    145635.56
      17.551     0.999994       659038    163840.00
      17.855     0.999995       659039    187245.71
      17.855     0.999995       659039    218453.33
      18.143     0.999996       659040    262144.00
      18.143     0.999997       659040    291271.11
      18.143     0.999997       659040    327680.00
      19.103     0.999997       659041    374491.43
      19.103     0.999998       659041    436906.67
      19.103     0.999998       659041    524288.00
      19.103     0.999998       659041    582542.22
      19.103     0.999998       659041    655360.00
      20.207     0.999999       659042    748982.86
      20.207     1.000000       659042          inf
#[Mean    =        0.998, StdDeviation   =        0.563]
#[Max     =       20.192, Total count    =       659042]
#[Buckets =           27, SubBuckets     =         2048]
----------------------------------------------------------
  718220 requests in 2.00m, 78.77MB read
Requests/sec:   5984.23
Transfer/sec:    672.06KB
