Running 2m test @ http://localhost:9003/api/v1/users
  4 threads and 128 connections
  Thread calibration: mean lat.: 1.440ms, rate sampling interval: 10ms
  Thread calibration: mean lat.: 1.446ms, rate sampling interval: 10ms
  Thread calibration: mean lat.: 1.456ms, rate sampling interval: 10ms
  Thread calibration: mean lat.: 1.437ms, rate sampling interval: 10ms
  Thread Stats   Avg      Stdev     Max   +/- Stdev
    Latency     1.44ms  481.78us   6.53ms   64.81%
    Req/Sec     1.58k   132.53     2.22k    68.39%
  Latency Distribution (HdrHistogram - Recorded Latency)
 50.000%    1.39ms
 75.000%    1.77ms
 90.000%    2.14ms
 99.000%    2.56ms
 99.900%    3.25ms
 99.990%    4.60ms
 99.999%    5.45ms
100.000%    6.53ms

  Detailed Percentile spectrum:
       Value   Percentile   TotalCount 1/(1-Percentile)

       0.511     0.000000            1         1.00
       0.849     0.100000        65913         1.11
       0.997     0.200000       132080         1.25
       1.132     0.300000       198118         1.43
       1.259     0.400000       263896         1.67
       1.391     0.500000       329791         2.00
       1.461     0.550000       362802         2.22
       1.533     0.600000       395693         2.50
       1.608     0.650000       428703         2.86
       1.686     0.700000       461551         3.33
       1.773     0.750000       494559         4.00
       1.821     0.775000       511086         4.44
       1.872     0.800000       527243         5.00
       1.930     0.825000       543905         5.71
       1.993     0.850000       560200         6.67
       2.063     0.875000       576964         8.00
       2.099     0.887500       585089         8.89
       2.137     0.900000       593448        10.00
       2.175     0.912500       601445        11.43
       2.217     0.925000       609916        13.33
       2.259     0.937500       618123        16.00
       2.281     0.943750       622187        17.78
       2.305     0.950000       626274        20.00
       2.331     0.956250       630382        22.86
       2.359     0.962500       634581        26.67
       2.389     0.968750       638463        32.00
       2.407     0.971875       640559        35.56
       2.425     0.975000       642627        40.00
       2.447     0.978125       644756        45.71
       2.471     0.981250       646806        53.33
       2.497     0.984375       648805        64.00
       2.513     0.985938       649870        71.11
       2.529     0.987500       650806        80.00
       2.549     0.989062       651888        91.43
       2.571     0.990625       652878       106.67
       2.597     0.992188       653895       128.00
       2.613     0.992969       654461       142.22
       2.629     0.993750       654941       160.00
       2.651     0.994531       655457       182.86
       2.675     0.995313       655975       213.33
       2.707     0.996094       656480       256.00
       2.729     0.996484       656732       284.44
       2.753     0.996875       656978       320.00
       2.785     0.997266       657249       365.71
       2.823     0.997656       657497       426.67
       2.883     0.998047       657748       512.00
       2.925     0.998242       657879       568.89
       2.981     0.998437       658006       640.00
       3.045     0.998633       658133       731.43
       3.145     0.998828       658262       853.33
       3.267     0.999023       658391      1024.00
       3.339     0.999121       658458      1137.78
       3.435     0.999219       658520      1280.00
       3.527     0.999316       658584      1462.86
       3.627     0.999414       658649      1706.67
       3.725     0.999512       658713      2048.00
       3.779     0.999561       658745      2275.56
       3.845     0.999609       658777      2560.00
       3.943     0.999658       658809      2925.71
       4.059     0.999707       658841      3413.33
       4.163     0.999756       658875      4096.00
       4.215     0.999780       658890      4551.11
       4.283     0.999805       658906      5120.00
       4.367     0.999829       658923      5851.43
       4.451     0.999854       658939      6826.67
       4.531     0.999878       658954      8192.00
       4.583     0.999890       658963      9102.22
       4.603     0.999902       658970     10240.00
       4.675     0.999915       658978     11702.86
       4.715     0.999927       658986     13653.33
       4.823     0.999939       658994     16384.00
       4.855     0.999945       658998     18204.44
       4.879     0.999951       659003     20480.00
       4.939     0.999957       659006     23405.71
       4.979     0.999963       659010     27306.67
       5.099     0.999969       659014     32768.00
       5.123     0.999973       659016     36408.89
       5.207     0.999976       659018     40960.00
       5.227     0.999979       659020     46811.43
       5.299     0.999982       659022     54613.33
       5.347     0.999985       659024     65536.00
       5.359     0.999986       659025     72817.78
       5.419     0.999988       659026     81920.00
       5.447     0.999989       659027     93622.86
       5.451     0.999991       659028    109226.67
       5.659     0.999992       659029    131072.00
       5.831     0.999993       659030    145635.56
       5.831     0.999994       659030    163840.00
       5.835     0.999995       659031    187245.71
       5.835     0.999995       659031    218453.33
       6.027     0.999996       659032    262144.00
       6.027     0.999997       659032    291271.11
       6.027     0.999997       659032    327680.00
       6.383     0.999997       659033    374491.43
       6.383     0.999998       659033    436906.67
       6.383     0.999998       659033    524288.00
       6.383     0.999998       659033    582542.22
       6.383     0.999998       659033    655360.00
       6.531     0.999999       659034    748982.86
       6.531     1.000000       659034          inf
#[Mean    =        1.445, StdDeviation   =        0.482]
#[Max     =        6.528, Total count    =       659034]
#[Buckets =           27, SubBuckets     =         2048]
----------------------------------------------------------
  719589 requests in 2.00m, 6.18GB read
Requests/sec:   5996.51
Transfer/sec:     52.72MB
