Running 2m test @ http://localhost:9002/api/v1/user?id=1
  4 threads and 128 connections
  Thread calibration: mean lat.: 0.988ms, rate sampling interval: 10ms
  Thread calibration: mean lat.: 0.978ms, rate sampling interval: 10ms
  Thread calibration: mean lat.: 0.983ms, rate sampling interval: 10ms
  Thread calibration: mean lat.: 0.981ms, rate sampling interval: 10ms
  Thread Stats   Avg      Stdev     Max   +/- Stdev
    Latency     0.98ms  482.93us  10.39ms   70.83%
    Req/Sec     3.96k   255.25     7.00k    68.74%
  Latency Distribution (HdrHistogram - Recorded Latency)
 50.000%    0.96ms
 75.000%    1.29ms
 90.000%    1.51ms
 99.000%    2.03ms
 99.900%    5.77ms
 99.990%    7.87ms
 99.999%    8.85ms
100.000%   10.40ms

  Detailed Percentile spectrum:
       Value   Percentile   TotalCount 1/(1-Percentile)

       0.124     0.000000            1         1.00
       0.395     0.100000       164831         1.11
       0.546     0.200000       330340         1.25
       0.692     0.300000       494356         1.43
       0.832     0.400000       659486         1.67
       0.962     0.500000       824267         2.00
       1.026     0.550000       907391         2.22
       1.090     0.600000       989645         2.50
       1.154     0.650000      1071091         2.86
       1.220     0.700000      1154218         3.33
       1.287     0.750000      1236326         4.00
       1.321     0.775000      1277347         4.44
       1.356     0.800000      1318957         5.00
       1.391     0.825000      1360376         5.71
       1.426     0.850000      1401016         6.67
       1.464     0.875000      1441671         8.00
       1.486     0.887500      1462284         8.89
       1.511     0.900000      1483203        10.00
       1.540     0.912500      1504044        11.43
       1.572     0.925000      1524164        13.33
       1.613     0.937500      1544958        16.00
       1.637     0.943750      1555318        17.78
       1.664     0.950000      1565249        20.00
       1.697     0.956250      1575634        22.86
       1.735     0.962500      1586010        26.67
       1.780     0.968750      1596252        32.00
       1.805     0.971875      1601271        35.56
       1.834     0.975000      1606587        40.00
       1.865     0.978125      1611694        45.71
       1.899     0.981250      1616813        53.33
       1.937     0.984375      1621871        64.00
       1.959     0.985938      1624441        71.11
       1.983     0.987500      1627092        80.00
       2.009     0.989062      1629617        91.43
       2.038     0.990625      1632186       106.67
       2.075     0.992188      1634798       128.00
       2.095     0.992969      1636062       142.22
       2.119     0.993750      1637394       160.00
       2.145     0.994531      1638607       182.86
       2.181     0.995313      1639912       213.33
       2.231     0.996094      1641200       256.00
       2.269     0.996484      1641814       284.44
       2.341     0.996875      1642452       320.00
       2.693     0.997266      1643097       365.71
       3.303     0.997656      1643740       426.67
       3.909     0.998047      1644384       512.00
       4.259     0.998242      1644704       568.89
       4.647     0.998437      1645028       640.00
       5.039     0.998633      1645348       731.43
       5.407     0.998828      1645673       853.33
       5.799     0.999023      1645992      1024.00
       5.995     0.999121      1646153      1137.78
       6.191     0.999219      1646314      1280.00
       6.395     0.999316      1646475      1462.86
       6.583     0.999414      1646638      1706.67
       6.779     0.999512      1646802      2048.00
       6.871     0.999561      1646877      2275.56
       6.991     0.999609      1646959      2560.00
       7.099     0.999658      1647037      2925.71
       7.235     0.999707      1647120      3413.33
       7.355     0.999756      1647199      4096.00
       7.435     0.999780      1647241      4551.11
       7.511     0.999805      1647279      5120.00
       7.603     0.999829      1647320      5851.43
       7.663     0.999854      1647359      6826.67
       7.767     0.999878      1647400      8192.00
       7.819     0.999890      1647419      9102.22
       7.887     0.999902      1647440     10240.00
       7.987     0.999915      1647461     11702.86
       8.031     0.999927      1647480     13653.33
       8.099     0.999939      1647500     16384.00
       8.147     0.999945      1647511     18204.44
       8.167     0.999951      1647520     20480.00
       8.247     0.999957      1647531     23405.71
       8.327     0.999963      1647540     27306.67
       8.431     0.999969      1647550     32768.00
       8.439     0.999973      1647556     36408.89
       8.455     0.999976      1647561     40960.00
       8.487     0.999979      1647565     46811.43
       8.623     0.999982      1647570     54613.33
       8.711     0.999985      1647575     65536.00
       8.767     0.999986      1647578     72817.78
       8.799     0.999988      1647580     81920.00
       8.847     0.999989      1647584     93622.86
       8.943     0.999991      1647585    109226.67
       9.063     0.999992      1647588    131072.00
       9.175     0.999993      1647589    145635.56
       9.231     0.999994      1647590    163840.00
       9.319     0.999995      1647592    187245.71
       9.327     0.999995      1647593    218453.33
       9.439     0.999996      1647594    262144.00
       9.671     0.999997      1647595    291271.11
       9.671     0.999997      1647595    327680.00
       9.823     0.999997      1647596    374491.43
       9.831     0.999998      1647597    436906.67
       9.831     0.999998      1647597    524288.00
       9.895     0.999998      1647598    582542.22
       9.895     0.999998      1647598    655360.00
       9.895     0.999999      1647598    748982.86
      10.007     0.999999      1647599    873813.33
      10.007     0.999999      1647599   1048576.00
      10.007     0.999999      1647599   1165084.44
      10.007     0.999999      1647599   1310720.00
      10.007     0.999999      1647599   1497965.71
      10.399     0.999999      1647600   1747626.67
      10.399     1.000000      1647600          inf
#[Mean    =        0.976, StdDeviation   =        0.483]
#[Max     =       10.392, Total count    =      1647600]
#[Buckets =           27, SubBuckets     =         2048]
----------------------------------------------------------
  1798884 requests in 2.00m, 197.29MB read
Requests/sec:  14990.60
Transfer/sec:      1.64MB
