Running 2m test @ http://localhost:9001/api/v1/user?id=1
  4 threads and 128 connections
  Thread calibration: mean lat.: 1.472ms, rate sampling interval: 10ms
  Thread calibration: mean lat.: 1.482ms, rate sampling interval: 10ms
  Thread calibration: mean lat.: 1.469ms, rate sampling interval: 10ms
  Thread calibration: mean lat.: 1.481ms, rate sampling interval: 10ms
  Thread Stats   Avg      Stdev     Max   +/- Stdev
    Latency     1.43ms  610.24us  13.10ms   69.57%
    Req/Sec     5.27k   380.98     7.78k    68.43%
  Latency Distribution (HdrHistogram - Recorded Latency)
 50.000%    1.36ms
 75.000%    1.80ms
 90.000%    2.22ms
 99.000%    3.07ms
 99.900%    4.70ms
 99.990%    7.98ms
 99.999%   11.52ms
100.000%   13.10ms

  Detailed Percentile spectrum:
       Value   Percentile   TotalCount 1/(1-Percentile)

       0.202     0.000000            2         1.00
       0.715     0.100000       220571         1.11
       0.905     0.200000       440315         1.25
       1.063     0.300000       659496         1.43
       1.212     0.400000       879846         1.67
       1.362     0.500000      1099649         2.00
       1.440     0.550000      1208749         2.22
       1.522     0.600000      1318216         2.50
       1.610     0.650000      1428535         2.86
       1.703     0.700000      1538377         3.33
       1.803     0.750000      1647920         4.00
       1.857     0.775000      1702762         4.44
       1.916     0.800000      1758317         5.00
       1.979     0.825000      1812826         5.71
       2.049     0.850000      1868520         6.67
       2.127     0.875000      1922679         8.00
       2.171     0.887500      1950071         8.89
       2.219     0.900000      1977190        10.00
       2.273     0.912500      2004945        11.43
       2.335     0.925000      2032746        13.33
       2.405     0.937500      2059881        16.00
       2.445     0.943750      2073561        17.78
       2.489     0.950000      2087159        20.00
       2.541     0.956250      2101173        22.86
       2.597     0.962500      2114758        26.67
       2.665     0.968750      2128467        32.00
       2.705     0.971875      2135359        35.56
       2.747     0.975000      2142114        40.00
       2.795     0.978125      2148780        45.71
       2.851     0.981250      2155804        53.33
       2.915     0.984375      2162619        64.00
       2.951     0.985938      2165990        71.11
       2.993     0.987500      2169410        80.00
       3.039     0.989062      2172847        91.43
       3.093     0.990625      2176255       106.67
       3.163     0.992188      2179728       128.00
       3.203     0.992969      2181376       142.22
       3.253     0.993750      2183107       160.00
       3.315     0.994531      2184825       182.86
       3.395     0.995313      2186533       213.33
       3.495     0.996094      2188229       256.00
       3.563     0.996484      2189086       284.44
       3.645     0.996875      2189954       320.00
       3.739     0.997266      2190804       365.71
       3.861     0.997656      2191664       426.67
       4.023     0.998047      2192520       512.00
       4.127     0.998242      2192954       568.89
       4.239     0.998437      2193384       640.00
       4.359     0.998633      2193807       731.43
       4.523     0.998828      2194241       853.33
       4.735     0.999023      2194663      1024.00
       4.867     0.999121      2194888      1137.78
       5.003     0.999219      2195096      1280.00
       5.147     0.999316      2195310      1462.86
       5.303     0.999414      2195525      1706.67
       5.519     0.999512      2195736      2048.00
       5.663     0.999561      2195845      2275.56
       5.811     0.999609      2195950      2560.00
       5.971     0.999658      2196059      2925.71
       6.175     0.999707      2196169      3413.33
       6.407     0.999756      2196272      4096.00
       6.611     0.999780      2196326      4551.11
       6.767     0.999805      2196379      5120.00
       7.003     0.999829      2196433      5851.43
       7.271     0.999854      2196487      6826.67
       7.543     0.999878      2196540      8192.00
       7.759     0.999890      2196567      9102.22
       8.063     0.999902      2196595     10240.00
       8.303     0.999915      2196622     11702.86
       8.647     0.999927      2196648     13653.33
       8.951     0.999939      2196674     16384.00
       9.191     0.999945      2196688     18204.44
       9.311     0.999951      2196701     20480.00
       9.455     0.999957      2196715     23405.71
       9.879     0.999963      2196728     27306.67
      10.071     0.999969      2196742     32768.00
      10.247     0.999973      2196748     36408.89
      10.423     0.999976      2196755     40960.00
      10.687     0.999979      2196762     46811.43
      10.879     0.999982      2196768     54613.33
      11.143     0.999985      2196775     65536.00
      11.303     0.999986      2196778     72817.78
      11.359     0.999988      2196782     81920.00
      11.399     0.999989      2196785     93622.86
      11.559     0.999991      2196788    109226.67
      11.703     0.999992      2196792    131072.00
      11.711     0.999993      2196793    145635.56
      11.855     0.999994      2196795    163840.00
      12.015     0.999995      2196797    187245.71
      12.055     0.999995      2196798    218453.33
      12.183     0.999996      2196800    262144.00
      12.279     0.999997      2196801    291271.11
      12.327     0.999997      2196802    327680.00
      12.391     0.999997      2196803    374491.43
      12.391     0.999998      2196803    436906.67
      12.431     0.999998      2196804    524288.00
      12.463     0.999998      2196805    582542.22
      12.463     0.999998      2196805    655360.00
      12.559     0.999999      2196806    748982.86
      12.559     0.999999      2196806    873813.33
      12.559     0.999999      2196806   1048576.00
      12.807     0.999999      2196807   1165084.44
      12.807     0.999999      2196807   1310720.00
      12.807     0.999999      2196807   1497965.71
      12.807     0.999999      2196807   1747626.67
      12.807     1.000000      2196807   2097152.00
      13.103     1.000000      2196808   2330168.89
      13.103     1.000000      2196808          inf
#[Mean    =        1.433, StdDeviation   =        0.610]
#[Max     =       13.096, Total count    =      2196808]
#[Buckets =           27, SubBuckets     =         2048]
----------------------------------------------------------
  2398486 requests in 2.00m, 743.83MB read
Requests/sec:  19987.25
Transfer/sec:      6.20MB
