Running 2m test @ http://localhost:9003/api/v1/user?id=1
  4 threads and 128 connections
  Thread calibration: mean lat.: 1.285ms, rate sampling interval: 10ms
  Thread calibration: mean lat.: 1.266ms, rate sampling interval: 10ms
  Thread calibration: mean lat.: 1.275ms, rate sampling interval: 10ms
  Thread calibration: mean lat.: 1.277ms, rate sampling interval: 10ms
  Thread Stats   Avg      Stdev     Max   +/- Stdev
    Latency     1.26ms  801.82us  15.80ms   88.43%
    Req/Sec     6.32k   600.87    15.00k    89.84%
  Latency Distribution (HdrHistogram - Recorded Latency)
 50.000%    1.17ms
 75.000%    1.60ms
 90.000%    1.95ms
 99.000%    2.65ms
 99.900%   11.11ms
 99.990%   13.71ms
 99.999%   14.78ms
100.000%   15.81ms

  Detailed Percentile spectrum:
       Value   Percentile   TotalCount 1/(1-Percentile)

       0.118     0.000000            1         1.00
       0.575     0.100000       264737         1.11
       0.739     0.200000       528643         1.25
       0.883     0.300000       792214         1.43
       1.021     0.400000      1054742         1.67
       1.168     0.500000      1319051         2.00
       1.246     0.550000      1450449         2.22
       1.327     0.600000      1582894         2.50
       1.411     0.650000      1714230         2.86
       1.501     0.700000      1846539         3.33
       1.596     0.750000      1977221         4.00
       1.647     0.775000      2044036         4.44
       1.700     0.800000      2110158         5.00
       1.755     0.825000      2175068         5.71
       1.816     0.850000      2241508         6.67
       1.881     0.875000      2307439         8.00
       1.916     0.887500      2340197         8.89
       1.953     0.900000      2372803        10.00
       1.993     0.912500      2405792        11.43
       2.037     0.925000      2438812        13.33
       2.085     0.937500      2471418        16.00
       2.113     0.943750      2488181        17.78
       2.143     0.950000      2504405        20.00
       2.177     0.956250      2521435        22.86
       2.215     0.962500      2537942        26.67
       2.259     0.968750      2554004        32.00
       2.287     0.971875      2562598        35.56
       2.315     0.975000      2570449        40.00
       2.351     0.978125      2578790        45.71
       2.393     0.981250      2586920        53.33
       2.449     0.984375      2595194        64.00
       2.485     0.985938      2599263        71.11
       2.531     0.987500      2603311        80.00
       2.595     0.989062      2607394        91.43
       2.705     0.990625      2611477       106.67
       3.221     0.992188      2615569       128.00
       4.067     0.992969      2617624       142.22
       5.015     0.993750      2619688       160.00
       5.887     0.994531      2621745       182.86
       6.743     0.995313      2623805       213.33
       7.551     0.996094      2625872       256.00
       7.915     0.996484      2626895       284.44
       8.319     0.996875      2627944       320.00
       8.703     0.997266      2628961       365.71
       9.135     0.997656      2629991       426.67
       9.623     0.998047      2631019       512.00
       9.863     0.998242      2631527       568.89
      10.143     0.998437      2632040       640.00
      10.463     0.998633      2632553       731.43
      10.791     0.998828      2633071       853.33
      11.167     0.999023      2633597      1024.00
      11.359     0.999121      2633846      1137.78
      11.583     0.999219      2634103      1280.00
      11.799     0.999316      2634359      1462.86
      12.031     0.999414      2634616      1706.67
      12.271     0.999512      2634872      2048.00
      12.415     0.999561      2635004      2275.56
      12.551     0.999609      2635136      2560.00
      12.695     0.999658      2635257      2925.71
      12.863     0.999707      2635388      3413.33
      13.039     0.999756      2635516      4096.00
      13.111     0.999780      2635579      4551.11
      13.239     0.999805      2635643      5120.00
      13.319     0.999829      2635707      5851.43
      13.431     0.999854      2635775      6826.67
      13.583     0.999878      2635836      8192.00
      13.655     0.999890      2635869      9102.22
      13.735     0.999902      2635903     10240.00
      13.815     0.999915      2635933     11702.86
      13.895     0.999927      2635965     13653.33
      13.983     0.999939      2635997     16384.00
      14.055     0.999945      2636013     18204.44
      14.095     0.999951      2636029     20480.00
      14.159     0.999957      2636045     23405.71
      14.247     0.999963      2636061     27306.67
      14.335     0.999969      2636077     32768.00
      14.367     0.999973      2636086     36408.89
      14.423     0.999976      2636096     40960.00
      14.463     0.999979      2636101     46811.43
      14.519     0.999982      2636109     54613.33
      14.623     0.999985      2636117     65536.00
      14.663     0.999986      2636122     72817.78
      14.695     0.999988      2636126     81920.00
      14.751     0.999989      2636129     93622.86
      14.887     0.999991      2636134    109226.67
      14.919     0.999992      2636137    131072.00
      14.959     0.999993      2636140    145635.56
      15.015     0.999994      2636141    163840.00
      15.103     0.999995      2636144    187245.71
      15.191     0.999995      2636145    218453.33
      15.287     0.999996      2636147    262144.00
      15.295     0.999997      2636149    291271.11
      15.295     0.999997      2636149    327680.00
      15.303     0.999997      2636150    374491.43
      15.343     0.999998      2636151    436906.67
      15.407     0.999998      2636152    524288.00
      15.455     0.999998      2636153    582542.22
      15.455     0.999998      2636153    655360.00
      15.527     0.999999      2636154    748982.86
      15.527     0.999999      2636154    873813.33
      15.535     0.999999      2636155   1048576.00
      15.535     0.999999      2636155   1165084.44
      15.535     0.999999      2636155   1310720.00
      15.663     0.999999      2636156   1497965.71
      15.663     0.999999      2636156   1747626.67
      15.663     1.000000      2636156   2097152.00
      15.663     1.000000      2636156   2330168.89
      15.663     1.000000      2636156   2621440.00
      15.807     1.000000      2636157   2995931.43
      15.807     1.000000      2636157          inf
#[Mean    =        1.264, StdDeviation   =        0.802]
#[Max     =       15.800, Total count    =      2636157]
#[Buckets =           27, SubBuckets     =         2048]
----------------------------------------------------------
  2878168 requests in 2.00m, 315.66MB read
Requests/sec:  23984.51
Transfer/sec:      2.63MB
