Running 2m test @ http://localhost:9006/api/v1/user?id=1
  4 threads and 128 connections
  Thread calibration: mean lat.: 1.152ms, rate sampling interval: 10ms
  Thread calibration: mean lat.: 1.167ms, rate sampling interval: 10ms
  Thread calibration: mean lat.: 1.286ms, rate sampling interval: 10ms
  Thread calibration: mean lat.: 1.252ms, rate sampling interval: 10ms
  Thread Stats   Avg      Stdev     Max   +/- Stdev
    Latency     1.21ms  552.81us   8.30ms   65.39%
    Req/Sec     7.91k     0.87k   11.11k    74.36%
  Latency Distribution (HdrHistogram - Recorded Latency)
 50.000%    1.17ms
 75.000%    1.59ms
 90.000%    1.95ms
 99.000%    2.57ms
 99.900%    3.25ms
 99.990%    4.42ms
 99.999%    6.08ms
100.000%    8.30ms

  Detailed Percentile spectrum:
       Value   Percentile   TotalCount 1/(1-Percentile)

       0.086     0.000000            1         1.00
       0.505     0.100000       330522         1.11
       0.692     0.200000       660246         1.25
       0.857     0.300000       988786         1.43
       1.014     0.400000      1318139         1.67
       1.170     0.500000      1649360         2.00
       1.248     0.550000      1812860         2.22
       1.329     0.600000      1978707         2.50
       1.412     0.650000      2143626         2.86
       1.498     0.700000      2307823         3.33
       1.590     0.750000      2472699         4.00
       1.638     0.775000      2553794         4.44
       1.690     0.800000      2637153         5.00
       1.745     0.825000      2719584         5.71
       1.804     0.850000      2801089         6.67
       1.870     0.875000      2883300         8.00
       1.907     0.887500      2925297         8.89
       1.946     0.900000      2966334        10.00
       1.989     0.912500      3007394        11.43
       2.037     0.925000      3048771        13.33
       2.091     0.937500      3089784        16.00
       2.121     0.943750      3110119        17.78
       2.155     0.950000      3130911        20.00
       2.191     0.956250      3151128        22.86
       2.233     0.962500      3171759        26.67
       2.281     0.968750      3192275        32.00
       2.309     0.971875      3202765        35.56
       2.339     0.975000      3212961        40.00
       2.373     0.978125      3223136        45.71
       2.413     0.981250      3233552        53.33
       2.459     0.984375      3243916        64.00
       2.485     0.985938      3249029        71.11
       2.515     0.987500      3254161        80.00
       2.547     0.989062      3259161        91.43
       2.587     0.990625      3264462       106.67
       2.633     0.992188      3269533       128.00
       2.659     0.992969      3272047       142.22
       2.689     0.993750      3274621       160.00
       2.725     0.994531      3277241       182.86
       2.763     0.995313      3279743       213.33
       2.811     0.996094      3282342       256.00
       2.841     0.996484      3283638       284.44
       2.875     0.996875      3284916       320.00
       2.915     0.997266      3286222       365.71
       2.959     0.997656      3287468       426.67
       3.015     0.998047      3288765       512.00
       3.047     0.998242      3289407       568.89
       3.085     0.998437      3290042       640.00
       3.135     0.998633      3290674       731.43
       3.193     0.998828      3291318       853.33
       3.263     0.999023      3291970      1024.00
       3.307     0.999121      3292287      1137.78
       3.363     0.999219      3292605      1280.00
       3.423     0.999316      3292925      1462.86
       3.495     0.999414      3293255      1706.67
       3.583     0.999512      3293574      2048.00
       3.637     0.999561      3293729      2275.56
       3.701     0.999609      3293892      2560.00
       3.765     0.999658      3294054      2925.71
       3.835     0.999707      3294212      3413.33
       3.939     0.999756      3294373      4096.00
       4.003     0.999780      3294454      4551.11
       4.081     0.999805      3294535      5120.00
       4.159     0.999829      3294617      5851.43
       4.235     0.999854      3294697      6826.67
       4.323     0.999878      3294776      8192.00
       4.367     0.999890      3294816      9102.22
       4.435     0.999902      3294857     10240.00
       4.515     0.999915      3294896     11702.86
       4.579     0.999927      3294936     13653.33
       4.663     0.999939      3294976     16384.00
       4.739     0.999945      3294997     18204.44
       4.799     0.999951      3295018     20480.00
       4.883     0.999957      3295039     23405.71
       4.979     0.999963      3295057     27306.67
       5.083     0.999969      3295078     32768.00
       5.159     0.999973      3295088     36408.89
       5.251     0.999976      3295097     40960.00
       5.383     0.999979      3295107     46811.43
       5.523     0.999982      3295117     54613.33
       5.703     0.999985      3295128     65536.00
       5.775     0.999986      3295132     72817.78
       5.939     0.999988      3295137     81920.00
       6.055     0.999989      3295143     93622.86
       6.203     0.999991      3295148    109226.67
       6.499     0.999992      3295152    131072.00
       6.547     0.999993      3295155    145635.56
       6.627     0.999994      3295157    163840.00
       6.799     0.999995      3295160    187245.71
       6.831     0.999995      3295162    218453.33
       7.031     0.999996      3295165    262144.00
       7.055     0.999997      3295166    291271.11
       7.115     0.999997      3295167    327680.00
       7.167     0.999997      3295169    374491.43
       7.299     0.999998      3295170    436906.67
       7.391     0.999998      3295171    524288.00
       7.471     0.999998      3295172    582542.22
       7.471     0.999998      3295172    655360.00
       7.495     0.999999      3295173    748982.86
       7.543     0.999999      3295174    873813.33
       7.543     0.999999      3295174   1048576.00
       7.551     0.999999      3295175   1165084.44
       7.551     0.999999      3295175   1310720.00
       7.551     0.999999      3295175   1497965.71
       7.987     0.999999      3295176   1747626.67
       7.987     1.000000      3295176   2097152.00
       7.987     1.000000      3295176   2330168.89
       7.987     1.000000      3295176   2621440.00
       7.987     1.000000      3295176   2995931.43
       8.303     1.000000      3295177   3495253.33
       8.303     1.000000      3295177          inf
#[Mean    =        1.207, StdDeviation   =        0.553]
#[Max     =        8.296, Total count    =      3295177]
#[Buckets =           27, SubBuckets     =         2048]
----------------------------------------------------------
  3583840 requests in 2.00m, 427.23MB read
Requests/sec:  29865.23
Transfer/sec:      3.56MB
