Running 2m test @ https://localhost:8080/api/v1/users
  4 threads and 128 connections
  Thread calibration: mean lat.: 2.740ms, rate sampling interval: 10ms
  Thread calibration: mean lat.: 2.757ms, rate sampling interval: 10ms
  Thread calibration: mean lat.: 2.689ms, rate sampling interval: 10ms
  Thread calibration: mean lat.: 5.148ms, rate sampling interval: 13ms
  Thread Stats   Avg      Stdev     Max   +/- Stdev
    Latency     3.39ms    1.81ms  37.34ms   68.06%
    Req/Sec     1.76k   583.16     3.58k    68.79%
  Latency Distribution (HdrHistogram - Recorded Latency)
 50.000%    2.95ms
 75.000%    4.68ms
 90.000%    5.89ms
 99.000%    8.19ms
 99.900%   12.42ms
 99.990%   18.67ms
 99.999%   26.33ms
100.000%   37.38ms

  Detailed Percentile spectrum:
       Value   Percentile   TotalCount 1/(1-Percentile)

       0.710     0.000000            1         1.00
       1.455     0.100000        73763         1.11
       1.749     0.200000       147574         1.25
       2.030     0.300000       221524         1.43
       2.401     0.400000       295155         1.67
       2.949     0.500000       369006         2.00
       3.273     0.550000       405797         2.22
       3.623     0.600000       442575         2.50
       3.979     0.650000       479513         2.86
       4.331     0.700000       516697         3.33
       4.679     0.750000       553451         4.00
       4.855     0.775000       571752         4.44
       5.039     0.800000       590368         5.00
       5.227     0.825000       608687         5.71
       5.427     0.850000       627077         6.67
       5.647     0.875000       645483         8.00
       5.767     0.887500       654780         8.89
       5.891     0.900000       663903        10.00
       6.031     0.912500       673196        11.43
       6.183     0.925000       682274        13.33
       6.363     0.937500       691661        16.00
       6.463     0.943750       696085        17.78
       6.575     0.950000       700819        20.00
       6.691     0.956250       705334        22.86
       6.831     0.962500       709970        26.67
       6.999     0.968750       714596        32.00
       7.095     0.971875       716833        35.56
       7.207     0.975000       719169        40.00
       7.343     0.978125       721505        45.71
       7.495     0.981250       723778        53.33
       7.683     0.984375       726073        64.00
       7.795     0.985938       727226        71.11
       7.931     0.987500       728363        80.00
       8.079     0.989062       729523        91.43
       8.263     0.990625       730659       106.67
       8.487     0.992188       731809       128.00
       8.639     0.992969       732410       142.22
       8.799     0.993750       732976       160.00
       8.991     0.994531       733549       182.86
       9.239     0.995313       734122       213.33
       9.527     0.996094       734690       256.00
       9.719     0.996484       734987       284.44
       9.943     0.996875       735275       320.00
      10.175     0.997266       735554       365.71
      10.487     0.997656       735842       426.67
      10.871     0.998047       736134       512.00
      11.087     0.998242       736275       568.89
      11.335     0.998437       736418       640.00
      11.679     0.998633       736564       731.43
      12.015     0.998828       736706       853.33
      12.495     0.999023       736853      1024.00
      12.783     0.999121       736922      1137.78
      13.071     0.999219       736994      1280.00
      13.287     0.999316       737068      1462.86
      13.615     0.999414       737139      1706.67
      13.935     0.999512       737210      2048.00
      14.207     0.999561       737246      2275.56
      14.599     0.999609       737283      2560.00
      14.975     0.999658       737320      2925.71
      15.383     0.999707       737355      3413.33
      15.775     0.999756       737390      4096.00
      15.991     0.999780       737408      4551.11
      16.431     0.999805       737426      5120.00
      16.911     0.999829       737447      5851.43
      17.359     0.999854       737462      6826.67
      18.111     0.999878       737480      8192.00
      18.463     0.999890       737489      9102.22
      18.719     0.999902       737499     10240.00
      18.991     0.999915       737507     11702.86
      19.615     0.999927       737517     13653.33
      20.207     0.999939       737525     16384.00
      20.623     0.999945       737530     18204.44
      20.799     0.999951       737534     20480.00
      21.119     0.999957       737539     23405.71
      21.471     0.999963       737543     27306.67
      22.671     0.999969       737548     32768.00
      22.751     0.999973       737550     36408.89
      23.727     0.999976       737552     40960.00
      24.207     0.999979       737555     46811.43
      24.751     0.999982       737557     54613.33
      25.263     0.999985       737559     65536.00
      25.567     0.999986       737560     72817.78
      25.999     0.999988       737561     81920.00
      26.335     0.999989       737563     93622.86
      26.847     0.999991       737564    109226.67
      27.391     0.999992       737565    131072.00
      27.391     0.999993       737565    145635.56
      29.215     0.999994       737566    163840.00
      29.487     0.999995       737567    187245.71
      29.487     0.999995       737567    218453.33
      30.143     0.999996       737568    262144.00
      30.143     0.999997       737568    291271.11
      30.143     0.999997       737568    327680.00
      30.207     0.999997       737569    374491.43
      30.207     0.999998       737569    436906.67
      30.207     0.999998       737569    524288.00
      30.207     0.999998       737569    582542.22
      30.207     0.999998       737569    655360.00
      37.375     0.999999       737570    748982.86
      37.375     1.000000       737570          inf
#[Mean    =        3.393, StdDeviation   =        1.809]
#[Max     =       37.344, Total count    =       737570]
#[Buckets =           27, SubBuckets     =         2048]
----------------------------------------------------------
  803782 requests in 2.00m, 6.89GB read
Requests/sec:   6697.80
Transfer/sec:     58.78MB
