Running 2m test @ http://localhost:9003/api/v1/user?id=1
  4 threads and 128 connections
  Thread calibration: mean lat.: 1.100ms, rate sampling interval: 10ms
  Thread calibration: mean lat.: 1.101ms, rate sampling interval: 10ms
  Thread calibration: mean lat.: 1.095ms, rate sampling interval: 10ms
  Thread calibration: mean lat.: 1.106ms, rate sampling interval: 10ms
  Thread Stats   Avg      Stdev     Max   +/- Stdev
    Latency     6.99s     7.07s   23.04s    78.57%
    Req/Sec     3.75k     1.51k   18.44k    81.33%
  Latency Distribution (HdrHistogram - Recorded Latency)
 50.000%    2.96s 
 75.000%   12.60s 
 90.000%   18.83s 
 99.000%   22.58s 
 99.900%   22.95s 
 99.990%   23.00s 
 99.999%   23.04s 
100.000%   23.05s 

  Detailed Percentile spectrum:
       Value   Percentile   TotalCount 1/(1-Percentile)

       0.134     0.000000            1         1.00
     354.559     0.100000       156344         1.11
     995.327     0.200000       312716         1.25
    1617.919     0.300000       469044         1.43
    2383.871     0.400000       625871         1.67
    2961.407     0.500000       781926         2.00
    4382.719     0.550000       859939         2.22
    6426.623     0.600000       938118         2.50
    8503.295     0.650000      1016408         2.86
   10543.103     0.700000      1094652         3.33
   12599.295     0.750000      1172630         4.00
   13623.295     0.775000      1211649         4.44
   14680.063     0.800000      1250985         5.00
   15704.063     0.825000      1289797         5.71
   16752.639     0.850000      1329049         6.67
   17809.407     0.875000      1368488         8.00
   18317.311     0.887500      1387736         8.89
   18825.215     0.900000      1407165        10.00
   19349.503     0.912500      1427046        11.43
   19873.791     0.925000      1446183        13.33
   20398.079     0.937500      1466184        16.00
   20643.839     0.943750      1475613        17.78
   20905.983     0.950000      1485454        20.00
   21168.127     0.956250      1495096        22.86
   21446.655     0.962500      1505041        26.67
   21708.799     0.968750      1515120        32.00
   21823.487     0.971875      1519581        35.56
   21954.559     0.975000      1524644        40.00
   22085.631     0.978125      1529732        45.71
   22216.703     0.981250      1534676        53.33
   22331.391     0.984375      1539108        64.00
   22413.311     0.985938      1541886        71.11
   22478.847     0.987500      1544357        80.00
   22544.383     0.989062      1546805        91.43
   22609.919     0.990625      1549343       106.67
   22659.071     0.992188      1551264       128.00
   22691.839     0.992969      1552540       142.22
   22724.607     0.993750      1553819       160.00
   22757.375     0.994531      1555094       182.86
   22790.143     0.995313      1556367       213.33
   22822.911     0.996094      1557591       256.00
   22839.295     0.996484      1558146       284.44
   22855.679     0.996875      1558616       320.00
   22888.447     0.997266      1559629       365.71
   22904.831     0.997656      1560232       426.67
   22921.215     0.998047      1560858       512.00
   22921.215     0.998242      1560858       568.89
   22937.599     0.998437      1561488       640.00
   22937.599     0.998633      1561488       731.43
   22953.983     0.998828      1562109       853.33
   22953.983     0.999023      1562109      1024.00
   22953.983     0.999121      1562109      1137.78
   22970.367     0.999219      1562671      1280.00
   22970.367     0.999316      1562671      1462.86
   22970.367     0.999414      1562671      1706.67
   22970.367     0.999512      1562671      2048.00
   22986.751     0.999561      1563066      2275.56
   22986.751     0.999609      1563066      2560.00
   22986.751     0.999658      1563066      2925.71
   22986.751     0.999707      1563066      3413.33
   22986.751     0.999756      1563066      4096.00
   22986.751     0.999780      1563066      4551.11
   23003.135     0.999805      1563278      5120.00
   23003.135     0.999829      1563278      5851.43
   23003.135     0.999854      1563278      6826.67
   23003.135     0.999878      1563278      8192.00
   23003.135     0.999890      1563278      9102.22
   23003.135     0.999902      1563278     10240.00
   23003.135     0.999915      1563278     11702.86
   23003.135     0.999927      1563278     13653.33
   23019.519     0.999939      1563353     16384.00
   23019.519     0.999945      1563353     18204.44
   23019.519     0.999951      1563353     20480.00
   23019.519     0.999957      1563353     23405.71
   23019.519     0.999963      1563353     27306.67
   23019.519     0.999969      1563353     32768.00
   23019.519     0.999973      1563353     36408.89
   23019.519     0.999976      1563353     40960.00
   23019.519     0.999979      1563353     46811.43
   23019.519     0.999982      1563353     54613.33
   23035.903     0.999985      1563375     65536.00
   23035.903     0.999986      1563375     72817.78
   23035.903     0.999988      1563375     81920.00
   23035.903     0.999989      1563375     93622.86
   23035.903     0.999991      1563375    109226.67
   23035.903     0.999992      1563375    131072.00
   23035.903     0.999993      1563375    145635.56
   23035.903     0.999994      1563375    163840.00
   23035.903     0.999995      1563375    187245.71
   23035.903     0.999995      1563375    218453.33
   23035.903     0.999996      1563375    262144.00
   23035.903     0.999997      1563375    291271.11
   23052.287     0.999997      1563380    327680.00
   23052.287     1.000000      1563380          inf
#[Mean    =     6992.755, StdDeviation   =     7067.693]
#[Max     =    23035.904, Total count    =      1563380]
#[Buckets =           27, SubBuckets     =         2048]
----------------------------------------------------------
  1744904 requests in 2.00m, 191.37MB read
Requests/sec:  14540.83
Transfer/sec:      1.59MB
