Running 2m test @ http://localhost:9003/api/v1/user?id=1
  4 threads and 128 connections
  Thread calibration: mean lat.: 0.953ms, rate sampling interval: 10ms
  Thread calibration: mean lat.: 0.951ms, rate sampling interval: 10ms
  Thread calibration: mean lat.: 0.948ms, rate sampling interval: 10ms
  Thread calibration: mean lat.: 0.948ms, rate sampling interval: 10ms
  Thread Stats   Avg      Stdev     Max   +/- Stdev
    Latency     0.96ms  569.03us  28.16ms   82.49%
    Req/Sec     2.62k   198.72     9.22k    76.46%
  Latency Distribution (HdrHistogram - Recorded Latency)
 50.000%    0.94ms
 75.000%    1.26ms
 90.000%    1.49ms
 99.000%    1.89ms
 99.900%    6.73ms
 99.990%   21.66ms
 99.999%   25.93ms
100.000%   28.17ms

  Detailed Percentile spectrum:
       Value   Percentile   TotalCount 1/(1-Percentile)

       0.109     0.000000            2         1.00
       0.401     0.100000       110290         1.11
       0.555     0.200000       220109         1.25
       0.690     0.300000       329973         1.43
       0.816     0.400000       439982         1.67
       0.941     0.500000       549745         2.00
       1.004     0.550000       604364         2.22
       1.067     0.600000       659556         2.50
       1.130     0.650000       714717         2.86
       1.193     0.700000       769522         3.33
       1.257     0.750000       824503         4.00
       1.289     0.775000       851369         4.44
       1.323     0.800000       879199         5.00
       1.357     0.825000       906798         5.71
       1.392     0.850000       933815         6.67
       1.434     0.875000       961254         8.00
       1.458     0.887500       974895         8.89
       1.485     0.900000       988834        10.00
       1.514     0.912500      1002443        11.43
       1.547     0.925000      1016299        13.33
       1.584     0.937500      1029951        16.00
       1.604     0.943750      1036722        17.78
       1.627     0.950000      1043776        20.00
       1.650     0.956250      1050380        22.86
       1.678     0.962500      1057379        26.67
       1.709     0.968750      1064254        32.00
       1.727     0.971875      1067605        35.56
       1.747     0.975000      1071111        40.00
       1.768     0.978125      1074440        45.71
       1.792     0.981250      1077844        53.33
       1.821     0.984375      1081249        64.00
       1.837     0.985938      1082979        71.11
       1.855     0.987500      1084679        80.00
       1.876     0.989062      1086392        91.43
       1.901     0.990625      1088170       106.67
       1.929     0.992188      1089829       128.00
       1.946     0.992969      1090678       142.22
       1.966     0.993750      1091541       160.00
       1.989     0.994531      1092422       182.86
       2.015     0.995313      1093261       213.33
       2.049     0.996094      1094149       256.00
       2.071     0.996484      1094543       284.44
       2.101     0.996875      1094983       320.00
       2.143     0.997266      1095408       365.71
       2.213     0.997656      1095832       426.67
       3.055     0.998047      1096256       512.00
       3.695     0.998242      1096471       568.89
       4.327     0.998437      1096686       640.00
       5.111     0.998633      1096900       731.43
       5.947     0.998828      1097116       853.33
       6.815     0.999023      1097330      1024.00
       7.151     0.999121      1097436      1137.78
       7.479     0.999219      1097546      1280.00
       7.759     0.999316      1097651      1462.86
       8.123     0.999414      1097758      1706.67
       8.535     0.999512      1097865      2048.00
       8.775     0.999561      1097919      2275.56
       9.311     0.999609      1097972      2560.00
      10.583     0.999658      1098026      2925.71
      12.911     0.999707      1098080      3413.33
      14.999     0.999756      1098134      4096.00
      15.679     0.999780      1098160      4551.11
      16.975     0.999805      1098187      5120.00
      18.463     0.999829      1098214      5851.43
      19.279     0.999854      1098241      6826.67
      20.271     0.999878      1098267      8192.00
      20.815     0.999890      1098282      9102.22
      21.935     0.999902      1098294     10240.00
      22.415     0.999915      1098308     11702.86
      22.927     0.999927      1098321     13653.33
      23.439     0.999939      1098334     16384.00
      23.791     0.999945      1098341     18204.44
      23.983     0.999951      1098348     20480.00
      24.239     0.999957      1098355     23405.71
      24.335     0.999963      1098361     27306.67
      24.607     0.999969      1098368     32768.00
      24.815     0.999973      1098371     36408.89
      25.039     0.999976      1098375     40960.00
      25.199     0.999979      1098378     46811.43
      25.439     0.999982      1098381     54613.33
      25.711     0.999985      1098385     65536.00
      25.839     0.999986      1098386     72817.78
      25.903     0.999988      1098388     81920.00
      25.935     0.999989      1098390     93622.86
      25.951     0.999991      1098391    109226.67
      26.367     0.999992      1098393    131072.00
      26.447     0.999993      1098394    145635.56
      26.479     0.999994      1098395    163840.00
      26.543     0.999995      1098396    187245.71
      26.543     0.999995      1098396    218453.33
      26.559     0.999996      1098397    262144.00
      26.671     0.999997      1098398    291271.11
      26.671     0.999997      1098398    327680.00
      26.719     0.999997      1098399    374491.43
      26.719     0.999998      1098399    436906.67
      26.719     0.999998      1098399    524288.00
      27.023     0.999998      1098400    582542.22
      27.023     0.999998      1098400    655360.00
      27.023     0.999999      1098400    748982.86
      27.023     0.999999      1098400    873813.33
      27.023     0.999999      1098400   1048576.00
      28.175     0.999999      1098401   1165084.44
      28.175     1.000000      1098401          inf
#[Mean    =        0.961, StdDeviation   =        0.569]
#[Max     =       28.160, Total count    =      1098401]
#[Buckets =           27, SubBuckets     =         2048]
----------------------------------------------------------
  1199279 requests in 2.00m, 131.53MB read
Requests/sec:   9993.96
Transfer/sec:      1.10MB
