Running 2m test @ http://localhost:9006/api/v1/user?id=1
  4 threads and 128 connections
  Thread calibration: mean lat.: 0.969ms, rate sampling interval: 10ms
  Thread calibration: mean lat.: 0.969ms, rate sampling interval: 10ms
  Thread calibration: mean lat.: 0.959ms, rate sampling interval: 10ms
  Thread calibration: mean lat.: 0.970ms, rate sampling interval: 10ms
  Thread Stats   Avg      Stdev     Max   +/- Stdev
    Latency     0.96ms  440.33us   5.31ms   64.37%
    Req/Sec     5.24k   288.21     6.89k    67.83%
  Latency Distribution (HdrHistogram - Recorded Latency)
 50.000%    0.95ms
 75.000%    1.28ms
 90.000%    1.54ms
 99.000%    2.00ms
 99.900%    2.37ms
 99.990%    3.25ms
 99.999%    4.42ms
100.000%    5.32ms

  Detailed Percentile spectrum:
       Value   Percentile   TotalCount 1/(1-Percentile)

       0.087     0.000000            1         1.00
       0.382     0.100000       220098         1.11
       0.540     0.200000       440074         1.25
       0.683     0.300000       659918         1.43
       0.819     0.400000       879065         1.67
       0.951     0.500000      1099360         2.00
       1.016     0.550000      1208716         2.22
       1.082     0.600000      1319155         2.50
       1.148     0.650000      1428261         2.86
       1.215     0.700000      1537901         3.33
       1.284     0.750000      1649063         4.00
       1.319     0.775000      1703764         4.44
       1.355     0.800000      1758050         5.00
       1.394     0.825000      1813035         5.71
       1.437     0.850000      1868051         6.67
       1.485     0.875000      1922280         8.00
       1.512     0.887500      1949783         8.89
       1.542     0.900000      1978020        10.00
       1.573     0.912500      2004680        11.43
       1.610     0.925000      2032762        13.33
       1.650     0.937500      2059814        16.00
       1.673     0.943750      2073646        17.78
       1.698     0.950000      2087023        20.00
       1.727     0.956250      2101016        22.86
       1.759     0.962500      2114817        26.67
       1.795     0.968750      2128197        32.00
       1.816     0.971875      2135213        35.56
       1.839     0.975000      2142043        40.00
       1.864     0.978125      2148874        45.71
       1.892     0.981250      2155668        53.33
       1.924     0.984375      2162567        64.00
       1.942     0.985938      2165953        71.11
       1.962     0.987500      2169447        80.00
       1.984     0.989062      2172870        91.43
       2.009     0.990625      2176238       106.67
       2.038     0.992188      2179663       128.00
       2.055     0.992969      2181457       142.22
       2.073     0.993750      2183156       160.00
       2.093     0.994531      2184791       182.86
       2.119     0.995313      2186604       213.33
       2.147     0.996094      2188293       256.00
       2.163     0.996484      2189121       284.44
       2.179     0.996875      2189939       320.00
       2.201     0.997266      2190824       365.71
       2.223     0.997656      2191668       426.67
       2.251     0.998047      2192527       512.00
       2.269     0.998242      2192954       568.89
       2.291     0.998437      2193387       640.00
       2.311     0.998633      2193803       731.43
       2.341     0.998828      2194249       853.33
       2.375     0.999023      2194678      1024.00
       2.395     0.999121      2194888      1137.78
       2.419     0.999219      2195098      1280.00
       2.449     0.999316      2195314      1462.86
       2.485     0.999414      2195514      1706.67
       2.531     0.999512      2195729      2048.00
       2.569     0.999561      2195841      2275.56
       2.597     0.999609      2195947      2560.00
       2.649     0.999658      2196053      2925.71
       2.715     0.999707      2196159      3413.33
       2.793     0.999756      2196265      4096.00
       2.843     0.999780      2196319      4551.11
       2.901     0.999805      2196373      5120.00
       2.973     0.999829      2196427      5851.43
       3.047     0.999854      2196480      6826.67
       3.149     0.999878      2196533      8192.00
       3.211     0.999890      2196561      9102.22
       3.259     0.999902      2196587     10240.00
       3.333     0.999915      2196614     11702.86
       3.431     0.999927      2196642     13653.33
       3.541     0.999939      2196667     16384.00
       3.639     0.999945      2196681     18204.44
       3.777     0.999951      2196694     20480.00
       3.839     0.999957      2196708     23405.71
       3.919     0.999963      2196721     27306.67
       3.993     0.999969      2196734     32768.00
       4.067     0.999973      2196741     36408.89
       4.131     0.999976      2196748     40960.00
       4.175     0.999979      2196756     46811.43
       4.215     0.999982      2196761     54613.33
       4.267     0.999985      2196768     65536.00
       4.319     0.999986      2196771     72817.78
       4.363     0.999988      2196775     81920.00
       4.407     0.999989      2196778     93622.86
       4.467     0.999991      2196781    109226.67
       4.543     0.999992      2196785    131072.00
       4.559     0.999993      2196786    145635.56
       4.591     0.999994      2196788    163840.00
       4.615     0.999995      2196790    187245.71
       4.623     0.999995      2196791    218453.33
       4.655     0.999996      2196793    262144.00
       4.659     0.999997      2196794    291271.11
       4.675     0.999997      2196795    327680.00
       4.691     0.999997      2196796    374491.43
       4.691     0.999998      2196796    436906.67
       4.743     0.999998      2196797    524288.00
       4.783     0.999998      2196798    582542.22
       4.783     0.999998      2196798    655360.00
       4.799     0.999999      2196799    748982.86
       4.799     0.999999      2196799    873813.33
       4.799     0.999999      2196799   1048576.00
       4.891     0.999999      2196800   1165084.44
       4.891     0.999999      2196800   1310720.00
       4.891     0.999999      2196800   1497965.71
       4.891     0.999999      2196800   1747626.67
       4.891     1.000000      2196800   2097152.00
       5.315     1.000000      2196801   2330168.89
       5.315     1.000000      2196801          inf
#[Mean    =        0.963, StdDeviation   =        0.440]
#[Max     =        5.312, Total count    =      2196801]
#[Buckets =           27, SubBuckets     =         2048]
----------------------------------------------------------
  2398487 requests in 2.00m, 285.92MB read
Requests/sec:  19987.34
Transfer/sec:      2.38MB
