Running 2m test @ http://localhost:9000/api/v1/user?id=1
  4 threads and 128 connections
  Thread calibration: mean lat.: 1.423ms, rate sampling interval: 10ms
  Thread calibration: mean lat.: 1.420ms, rate sampling interval: 10ms
  Thread calibration: mean lat.: 1.410ms, rate sampling interval: 10ms
  Thread calibration: mean lat.: 1.414ms, rate sampling interval: 10ms
  Thread Stats   Avg      Stdev     Max   +/- Stdev
    Latency     1.41ms  655.84us  22.26ms   67.24%
    Req/Sec    13.18k     0.87k   17.67k    70.81%
  Latency Distribution (HdrHistogram - Recorded Latency)
 50.000%    1.32ms
 75.000%    1.83ms
 90.000%    2.34ms
 99.000%    3.12ms
 99.900%    3.74ms
 99.990%    4.63ms
 99.999%    6.27ms
100.000%   22.27ms

  Detailed Percentile spectrum:
       Value   Percentile   TotalCount 1/(1-Percentile)

       0.072     0.000000            1         1.00
       0.627     0.100000       551150         1.11
       0.831     0.200000      1100950         1.25
       0.999     0.300000      1648132         1.43
       1.157     0.400000      2197230         1.67
       1.316     0.500000      2746552         2.00
       1.401     0.550000      3023215         2.22
       1.491     0.600000      3296792         2.50
       1.589     0.650000      3570289         2.86
       1.699     0.700000      3845519         3.33
       1.825     0.750000      4120709         4.00
       1.894     0.775000      4257777         4.44
       1.968     0.800000      4393852         5.00
       2.049     0.825000      4532538         5.71
       2.135     0.850000      4668648         6.67
       2.231     0.875000      4806359         8.00
       2.283     0.887500      4874703         8.89
       2.339     0.900000      4943778        10.00
       2.399     0.912500      5012567        11.43
       2.465     0.925000      5081942        13.33
       2.537     0.937500      5149179        16.00
       2.577     0.943750      5183091        17.78
       2.621     0.950000      5217731        20.00
       2.669     0.956250      5252668        22.86
       2.723     0.962500      5287211        26.67
       2.783     0.968750      5321371        32.00
       2.817     0.971875      5338464        35.56
       2.853     0.975000      5355128        40.00
       2.895     0.978125      5372508        45.71
       2.941     0.981250      5389332        53.33
       2.995     0.984375      5406531        64.00
       3.025     0.985938      5414983        71.11
       3.059     0.987500      5423697        80.00
       3.095     0.989062      5432169        91.43
       3.137     0.990625      5440561       106.67
       3.189     0.992188      5449218       128.00
       3.219     0.992969      5453560       142.22
       3.251     0.993750      5457767       160.00
       3.289     0.994531      5462111       182.86
       3.333     0.995313      5466400       213.33
       3.383     0.996094      5470700       256.00
       3.411     0.996484      5472713       284.44
       3.443     0.996875      5474961       320.00
       3.477     0.997266      5477018       365.71
       3.517     0.997656      5479227       426.67
       3.563     0.998047      5481313       512.00
       3.591     0.998242      5482405       568.89
       3.623     0.998437      5483443       640.00
       3.661     0.998633      5484561       731.43
       3.701     0.998828      5485609       853.33
       3.751     0.999023      5486648      1024.00
       3.781     0.999121      5487208      1137.78
       3.813     0.999219      5487728      1280.00
       3.853     0.999316      5488259      1462.86
       3.905     0.999414      5488790      1706.67
       3.961     0.999512      5489336      2048.00
       3.997     0.999561      5489604      2275.56
       4.039     0.999609      5489862      2560.00
       4.085     0.999658      5490137      2925.71
       4.139     0.999707      5490411      3413.33
       4.207     0.999756      5490668      4096.00
       4.251     0.999780      5490807      4551.11
       4.295     0.999805      5490940      5120.00
       4.359     0.999829      5491073      5851.43
       4.447     0.999854      5491203      6826.67
       4.535     0.999878      5491336      8192.00
       4.579     0.999890      5491404      9102.22
       4.631     0.999902      5491470     10240.00
       4.699     0.999915      5491537     11702.86
       4.807     0.999927      5491605     13653.33
       4.919     0.999939      5491672     16384.00
       4.991     0.999945      5491705     18204.44
       5.067     0.999951      5491738     20480.00
       5.131     0.999957      5491772     23405.71
       5.235     0.999963      5491806     27306.67
       5.363     0.999969      5491839     32768.00
       5.491     0.999973      5491856     36408.89
       5.587     0.999976      5491873     40960.00
       5.671     0.999979      5491889     46811.43
       5.855     0.999982      5491906     54613.33
       6.055     0.999985      5491923     65536.00
       6.087     0.999986      5491931     72817.78
       6.147     0.999988      5491939     81920.00
       6.243     0.999989      5491948     93622.86
       6.343     0.999991      5491956    109226.67
       6.587     0.999992      5491966    131072.00
       6.759     0.999993      5491969    145635.56
       6.979     0.999994      5491973    163840.00
       7.207     0.999995      5491977    187245.71
       7.487     0.999995      5491981    218453.33
       8.351     0.999996      5491986    262144.00
       9.151     0.999997      5491988    291271.11
      10.423     0.999997      5491990    327680.00
      12.151     0.999997      5491992    374491.43
      13.039     0.999998      5491994    436906.67
      14.727     0.999998      5491996    524288.00
      14.735     0.999998      5491997    582542.22
      16.735     0.999998      5491998    655360.00
      17.023     0.999999      5491999    748982.86
      17.167     0.999999      5492000    873813.33
      18.719     0.999999      5492001   1048576.00
      19.071     0.999999      5492002   1165084.44
      19.071     0.999999      5492002   1310720.00
      19.599     0.999999      5492003   1497965.71
      19.599     0.999999      5492003   1747626.67
      20.191     1.000000      5492004   2097152.00
      20.191     1.000000      5492004   2330168.89
      20.191     1.000000      5492004   2621440.00
      21.711     1.000000      5492005   2995931.43
      21.711     1.000000      5492005   3495253.33
      21.711     1.000000      5492005   4194304.00
      21.711     1.000000      5492005   4660337.78
      21.711     1.000000      5492005   5242880.00
      22.271     1.000000      5492006   5991862.86
      22.271     1.000000      5492006          inf
#[Mean    =        1.410, StdDeviation   =        0.656]
#[Max     =       22.256, Total count    =      5492006]
#[Buckets =           27, SubBuckets     =         2048]
----------------------------------------------------------
  5996120 requests in 2.00m, 714.79MB read
Requests/sec:  49967.40
Transfer/sec:      5.96MB
