Running 2m test @ http://localhost:9003/api/v1/user?id=1
  4 threads and 128 connections
  Thread calibration: mean lat.: 0.952ms, rate sampling interval: 10ms
  Thread calibration: mean lat.: 0.958ms, rate sampling interval: 10ms
  Thread calibration: mean lat.: 0.956ms, rate sampling interval: 10ms
  Thread calibration: mean lat.: 0.958ms, rate sampling interval: 10ms
  Thread Stats   Avg      Stdev     Max   +/- Stdev
    Latency     0.96ms  459.25us   9.98ms   70.29%
    Req/Sec     2.62k   181.21     5.11k    77.97%
  Latency Distribution (HdrHistogram - Recorded Latency)
 50.000%    0.95ms
 75.000%    1.27ms
 90.000%    1.49ms
 99.000%    1.90ms
 99.900%    4.91ms
 99.990%    8.69ms
 99.999%    9.45ms
100.000%    9.99ms

  Detailed Percentile spectrum:
       Value   Percentile   TotalCount 1/(1-Percentile)

       0.111     0.000000            1         1.00
       0.403     0.100000       110120         1.11
       0.563     0.200000       220409         1.25
       0.698     0.300000       329787         1.43
       0.825     0.400000       439705         1.67
       0.949     0.500000       549209         2.00
       1.012     0.550000       604886         2.22
       1.075     0.600000       659544         2.50
       1.138     0.650000       714401         2.86
       1.202     0.700000       769562         3.33
       1.266     0.750000       823881         4.00
       1.300     0.775000       852029         4.44
       1.333     0.800000       879117         5.00
       1.367     0.825000       906535         5.71
       1.402     0.850000       933954         6.67
       1.443     0.875000       961435         8.00
       1.466     0.887500       974968         8.89
       1.492     0.900000       988728        10.00
       1.521     0.912500      1002319        11.43
       1.554     0.925000      1016075        13.33
       1.591     0.937500      1029808        16.00
       1.612     0.943750      1036629        17.78
       1.635     0.950000      1043655        20.00
       1.660     0.956250      1050497        22.86
       1.689     0.962500      1057382        26.67
       1.721     0.968750      1064247        32.00
       1.739     0.971875      1067672        35.56
       1.757     0.975000      1070941        40.00
       1.779     0.978125      1074502        45.71
       1.802     0.981250      1077805        53.33
       1.830     0.984375      1081243        64.00
       1.846     0.985938      1083004        71.11
       1.864     0.987500      1084726        80.00
       1.884     0.989062      1086385        91.43
       1.907     0.990625      1088153       106.67
       1.932     0.992188      1089823       128.00
       1.947     0.992969      1090703       142.22
       1.964     0.993750      1091571       160.00
       1.982     0.994531      1092396       182.86
       2.006     0.995313      1093265       213.33
       2.037     0.996094      1094124       256.00
       2.055     0.996484      1094535       284.44
       2.079     0.996875      1094965       320.00
       2.109     0.997266      1095403       365.71
       2.151     0.997656      1095833       426.67
       2.243     0.998047      1096253       512.00
       2.611     0.998242      1096465       568.89
       3.115     0.998437      1096678       640.00
       3.679     0.998633      1096893       731.43
       4.311     0.998828      1097109       853.33
       5.023     0.999023      1097322      1024.00
       5.451     0.999121      1097429      1137.78
       5.815     0.999219      1097536      1280.00
       6.175     0.999316      1097644      1462.86
       6.519     0.999414      1097752      1706.67
       6.943     0.999512      1097860      2048.00
       7.119     0.999561      1097913      2275.56
       7.411     0.999609      1097966      2560.00
       7.591     0.999658      1098020      2925.71
       7.811     0.999707      1098075      3413.33
       8.003     0.999756      1098127      4096.00
       8.099     0.999780      1098154      4551.11
       8.215     0.999805      1098181      5120.00
       8.311     0.999829      1098208      5851.43
       8.471     0.999854      1098234      6826.67
       8.575     0.999878      1098262      8192.00
       8.623     0.999890      1098275      9102.22
       8.695     0.999902      1098287     10240.00
       8.775     0.999915      1098302     11702.86
       8.839     0.999927      1098314     13653.33
       8.919     0.999939      1098327     16384.00
       8.975     0.999945      1098334     18204.44
       9.023     0.999951      1098342     20480.00
       9.063     0.999957      1098348     23405.71
       9.135     0.999963      1098355     27306.67
       9.175     0.999969      1098362     32768.00
       9.191     0.999973      1098364     36408.89
       9.215     0.999976      1098368     40960.00
       9.231     0.999979      1098372     46811.43
       9.247     0.999982      1098375     54613.33
       9.303     0.999985      1098378     65536.00
       9.335     0.999986      1098379     72817.78
       9.359     0.999988      1098381     81920.00
       9.447     0.999989      1098383     93622.86
       9.455     0.999991      1098384    109226.67
       9.527     0.999992      1098386    131072.00
       9.559     0.999993      1098388    145635.56
       9.559     0.999994      1098388    163840.00
       9.599     0.999995      1098389    187245.71
       9.599     0.999995      1098389    218453.33
       9.607     0.999996      1098390    262144.00
       9.743     0.999997      1098391    291271.11
       9.743     0.999997      1098391    327680.00
       9.847     0.999997      1098392    374491.43
       9.847     0.999998      1098392    436906.67
       9.847     0.999998      1098392    524288.00
       9.919     0.999998      1098393    582542.22
       9.919     0.999998      1098393    655360.00
       9.919     0.999999      1098393    748982.86
       9.919     0.999999      1098393    873813.33
       9.919     0.999999      1098393   1048576.00
       9.991     0.999999      1098394   1165084.44
       9.991     1.000000      1098394          inf
#[Mean    =        0.962, StdDeviation   =        0.459]
#[Max     =        9.984, Total count    =      1098394]
#[Buckets =           27, SubBuckets     =         2048]
----------------------------------------------------------
  1199275 requests in 2.00m, 131.53MB read
Requests/sec:   9993.93
Transfer/sec:      1.10MB
