Running 2m test @ http://localhost:9003/api/v1/users
  4 threads and 128 connections
  Thread calibration: mean lat.: 2.332ms, rate sampling interval: 10ms
  Thread calibration: mean lat.: 2.233ms, rate sampling interval: 10ms
  Thread calibration: mean lat.: 2.226ms, rate sampling interval: 10ms
  Thread calibration: mean lat.: 4.319ms, rate sampling interval: 11ms
  Thread Stats   Avg      Stdev     Max   +/- Stdev
    Latency     2.80ms    1.51ms  12.30ms   64.42%
    Req/Sec     2.63k   464.21     5.40k    72.35%
  Latency Distribution (HdrHistogram - Recorded Latency)
 50.000%    2.37ms
 75.000%    3.99ms
 90.000%    5.03ms
 99.000%    6.40ms
 99.900%    8.46ms
 99.990%   10.24ms
 99.999%   11.32ms
100.000%   12.30ms

  Detailed Percentile spectrum:
       Value   Percentile   TotalCount 1/(1-Percentile)

       0.521     0.000000            1         1.00
       1.132     0.100000       110089         1.11
       1.408     0.200000       219734         1.25
       1.674     0.300000       329682         1.43
       1.980     0.400000       439510         1.67
       2.369     0.500000       549632         2.00
       2.603     0.550000       604334         2.22
       2.907     0.600000       659067         2.50
       3.275     0.650000       713987         2.86
       3.643     0.700000       769076         3.33
       3.987     0.750000       823876         4.00
       4.155     0.775000       851454         4.44
       4.323     0.800000       879359         5.00
       4.487     0.825000       906291         5.71
       4.659     0.850000       934139         6.67
       4.835     0.875000       961463         8.00
       4.927     0.887500       974836         8.89
       5.027     0.900000       988873        10.00
       5.131     0.912500      1002607        11.43
       5.243     0.925000      1016269        13.33
       5.367     0.937500      1029946        16.00
       5.435     0.943750      1036861        17.78
       5.507     0.950000      1043671        20.00
       5.587     0.956250      1050525        22.86
       5.675     0.962500      1057319        26.67
       5.779     0.968750      1064179        32.00
       5.839     0.971875      1067711        35.56
       5.903     0.975000      1071045        40.00
       5.975     0.978125      1074443        45.71
       6.059     0.981250      1077892        53.33
       6.151     0.984375      1081258        64.00
       6.207     0.985938      1082942        71.11
       6.275     0.987500      1084723        80.00
       6.351     0.989062      1086438        91.43
       6.439     0.990625      1088112       106.67
       6.551     0.992188      1089813       128.00
       6.619     0.992969      1090685       142.22
       6.699     0.993750      1091544       160.00
       6.795     0.994531      1092382       182.86
       6.915     0.995313      1093252       213.33
       7.071     0.996094      1094108       256.00
       7.167     0.996484      1094529       284.44
       7.283     0.996875      1094954       320.00
       7.423     0.997266      1095390       365.71
       7.583     0.997656      1095817       426.67
       7.779     0.998047      1096247       512.00
       7.903     0.998242      1096456       568.89
       8.027     0.998437      1096678       640.00
       8.159     0.998633      1096885       731.43
       8.311     0.998828      1097099       853.33
       8.495     0.999023      1097320      1024.00
       8.591     0.999121      1097427      1137.78
       8.711     0.999219      1097533      1280.00
       8.839     0.999316      1097638      1462.86
       8.999     0.999414      1097746      1706.67
       9.143     0.999512      1097850      2048.00
       9.223     0.999561      1097907      2275.56
       9.303     0.999609      1097959      2560.00
       9.407     0.999658      1098013      2925.71
       9.543     0.999707      1098066      3413.33
       9.647     0.999756      1098118      4096.00
       9.735     0.999780      1098147      4551.11
       9.839     0.999805      1098174      5120.00
       9.911     0.999829      1098201      5851.43
      10.023     0.999854      1098226      6826.67
      10.127     0.999878      1098252      8192.00
      10.199     0.999890      1098266      9102.22
      10.247     0.999902      1098280     10240.00
      10.319     0.999915      1098294     11702.86
      10.391     0.999927      1098306     13653.33
      10.479     0.999939      1098319     16384.00
      10.527     0.999945      1098328     18204.44
      10.623     0.999951      1098333     20480.00
      10.679     0.999957      1098340     23405.71
      10.727     0.999963      1098346     27306.67
      10.847     0.999969      1098353     32768.00
      10.887     0.999973      1098356     36408.89
      10.975     0.999976      1098360     40960.00
      10.991     0.999979      1098363     46811.43
      11.023     0.999982      1098366     54613.33
      11.103     0.999985      1098370     65536.00
      11.159     0.999986      1098371     72817.78
      11.215     0.999988      1098373     81920.00
      11.319     0.999989      1098375     93622.86
      11.367     0.999991      1098376    109226.67
      11.439     0.999992      1098378    131072.00
      11.559     0.999993      1098379    145635.56
      11.607     0.999994      1098380    163840.00
      11.647     0.999995      1098381    187245.71
      11.647     0.999995      1098381    218453.33
      11.767     0.999996      1098383    262144.00
      11.767     0.999997      1098383    291271.11
      11.767     0.999997      1098383    327680.00
      11.823     0.999997      1098384    374491.43
      11.823     0.999998      1098384    436906.67
      11.823     0.999998      1098384    524288.00
      12.103     0.999998      1098385    582542.22
      12.103     0.999998      1098385    655360.00
      12.103     0.999999      1098385    748982.86
      12.103     0.999999      1098385    873813.33
      12.103     0.999999      1098385   1048576.00
      12.303     0.999999      1098386   1165084.44
      12.303     1.000000      1098386          inf
#[Mean    =        2.797, StdDeviation   =        1.509]
#[Max     =       12.296, Total count    =      1098386]
#[Buckets =           27, SubBuckets     =         2048]
----------------------------------------------------------
  1196956 requests in 2.00m, 10.28GB read
Requests/sec:   9974.29
Transfer/sec:     87.68MB
