Running 2m test @ http://localhost:9002/api/v1/users
  4 threads and 128 connections
  Thread calibration: mean lat.: 1.659ms, rate sampling interval: 10ms
  Thread calibration: mean lat.: 1.659ms, rate sampling interval: 10ms
  Thread calibration: mean lat.: 1.668ms, rate sampling interval: 10ms
  Thread calibration: mean lat.: 1.660ms, rate sampling interval: 10ms
  Thread Stats   Avg      Stdev     Max   +/- Stdev
    Latency     1.66ms  518.15us  13.10ms   66.86%
    Req/Sec     1.58k   139.69     2.70k    71.16%
  Latency Distribution (HdrHistogram - Recorded Latency)
 50.000%    1.58ms
 75.000%    1.97ms
 90.000%    2.42ms
 99.000%    2.95ms
 99.900%    3.59ms
 99.990%    4.92ms
 99.999%   10.17ms
100.000%   13.11ms

  Detailed Percentile spectrum:
       Value   Percentile   TotalCount 1/(1-Percentile)

       0.643     0.000000            1         1.00
       1.046     0.100000        66255         1.11
       1.194     0.200000       132057         1.25
       1.329     0.300000       197901         1.43
       1.455     0.400000       263860         1.67
       1.583     0.500000       329855         2.00
       1.649     0.550000       362661         2.22
       1.719     0.600000       395614         2.50
       1.793     0.650000       428466         2.86
       1.876     0.700000       461660         3.33
       1.971     0.750000       494330         4.00
       2.027     0.775000       510784         4.44
       2.091     0.800000       527500         5.00
       2.161     0.825000       543809         5.71
       2.239     0.850000       560285         6.67
       2.325     0.875000       576726         8.00
       2.371     0.887500       584954         8.89
       2.419     0.900000       593344        10.00
       2.469     0.912500       601408        11.43
       2.523     0.925000       609731        13.33
       2.579     0.937500       617890        16.00
       2.609     0.943750       622027        17.78
       2.641     0.950000       626294        20.00
       2.673     0.956250       630293        22.86
       2.707     0.962500       634430        26.67
       2.743     0.968750       638469        32.00
       2.765     0.971875       640650        35.56
       2.787     0.975000       642731        40.00
       2.809     0.978125       644646        45.71
       2.837     0.981250       646787        53.33
       2.867     0.984375       648773        64.00
       2.885     0.985938       649805        71.11
       2.905     0.987500       650808        80.00
       2.929     0.989062       651846        91.43
       2.959     0.990625       652886       106.67
       2.995     0.992188       653913       128.00
       3.017     0.992969       654438       142.22
       3.041     0.993750       654931       160.00
       3.071     0.994531       655449       182.86
       3.103     0.995313       655953       213.33
       3.147     0.996094       656468       256.00
       3.171     0.996484       656719       284.44
       3.201     0.996875       656983       320.00
       3.233     0.997266       657249       365.71
       3.277     0.997656       657506       426.67
       3.329     0.998047       657752       512.00
       3.361     0.998242       657879       568.89
       3.403     0.998437       658009       640.00
       3.457     0.998633       658139       731.43
       3.517     0.998828       658268       853.33
       3.595     0.999023       658395      1024.00
       3.633     0.999121       658456      1137.78
       3.691     0.999219       658521      1280.00
       3.755     0.999316       658585      1462.86
       3.845     0.999414       658650      1706.67
       3.937     0.999512       658714      2048.00
       3.985     0.999561       658747      2275.56
       4.043     0.999609       658778      2560.00
       4.111     0.999658       658810      2925.71
       4.191     0.999707       658843      3413.33
       4.311     0.999756       658875      4096.00
       4.395     0.999780       658891      4551.11
       4.443     0.999805       658908      5120.00
       4.515     0.999829       658923      5851.43
       4.611     0.999854       658939      6826.67
       4.755     0.999878       658955      8192.00
       4.843     0.999890       658963      9102.22
       4.931     0.999902       658971     10240.00
       5.015     0.999915       658979     11702.86
       5.243     0.999927       658987     13653.33
       6.391     0.999939       658995     16384.00
       6.431     0.999945       658999     18204.44
       7.071     0.999951       659003     20480.00
       7.499     0.999957       659007     23405.71
       7.663     0.999963       659011     27306.67
       8.295     0.999969       659015     32768.00
       8.583     0.999973       659017     36408.89
       8.823     0.999976       659019     40960.00
       9.055     0.999979       659021     46811.43
       9.223     0.999982       659023     54613.33
       9.447     0.999985       659025     65536.00
       9.535     0.999986       659026     72817.78
       9.687     0.999988       659027     81920.00
      10.167     0.999989       659028     93622.86
      10.247     0.999991       659029    109226.67
      10.391     0.999992       659030    131072.00
      10.399     0.999993       659031    145635.56
      10.399     0.999994       659031    163840.00
      10.703     0.999995       659032    187245.71
      10.703     0.999995       659032    218453.33
      11.215     0.999996       659033    262144.00
      11.215     0.999997       659033    291271.11
      11.215     0.999997       659033    327680.00
      12.375     0.999997       659034    374491.43
      12.375     0.999998       659034    436906.67
      12.375     0.999998       659034    524288.00
      12.375     0.999998       659034    582542.22
      12.375     0.999998       659034    655360.00
      13.111     0.999999       659035    748982.86
      13.111     1.000000       659035          inf
#[Mean    =        1.659, StdDeviation   =        0.518]
#[Max     =       13.104, Total count    =       659035]
#[Buckets =           27, SubBuckets     =         2048]
----------------------------------------------------------
  719590 requests in 2.00m, 6.18GB read
Requests/sec:   5996.51
Transfer/sec:     52.72MB
