Running 2m test @ http://localhost:9003/api/v1/users
  4 threads and 128 connections
  Thread calibration: mean lat.: 1.766ms, rate sampling interval: 10ms
  Thread calibration: mean lat.: 1.765ms, rate sampling interval: 10ms
  Thread calibration: mean lat.: 1.755ms, rate sampling interval: 10ms
  Thread calibration: mean lat.: 1.773ms, rate sampling interval: 10ms
  Thread Stats   Avg      Stdev     Max   +/- Stdev
    Latency     1.76ms  700.00us  26.93ms   77.00%
    Req/Sec     2.64k   231.27     4.89k    67.07%
  Latency Distribution (HdrHistogram - Recorded Latency)
 50.000%    1.65ms
 75.000%    2.10ms
 90.000%    2.56ms
 99.000%    3.63ms
 99.900%    6.88ms
 99.990%   18.69ms
 99.999%   25.31ms
100.000%   26.94ms

  Detailed Percentile spectrum:
       Value   Percentile   TotalCount 1/(1-Percentile)

       0.538     0.000000            1         1.00
       1.046     0.100000       110002         1.11
       1.222     0.200000       220074         1.25
       1.371     0.300000       329817         1.43
       1.511     0.400000       439746         1.67
       1.651     0.500000       549258         2.00
       1.726     0.550000       604738         2.22
       1.804     0.600000       659478         2.50
       1.890     0.650000       714604         2.86
       1.985     0.700000       769008         3.33
       2.095     0.750000       824336         4.00
       2.157     0.775000       851968         4.44
       2.223     0.800000       879192         5.00
       2.295     0.825000       906544         5.71
       2.375     0.850000       934269         6.67
       2.461     0.875000       961351         8.00
       2.509     0.887500       975439         8.89
       2.557     0.900000       988606        10.00
       2.611     0.912500      1002469        11.43
       2.671     0.925000      1016397        13.33
       2.739     0.937500      1029857        16.00
       2.779     0.943750      1036743        17.78
       2.823     0.950000      1043567        20.00
       2.875     0.956250      1050481        22.86
       2.935     0.962500      1057223        26.67
       3.009     0.968750      1064211        32.00
       3.051     0.971875      1067530        35.56
       3.103     0.975000      1071067        40.00
       3.161     0.978125      1074396        45.71
       3.235     0.981250      1077861        53.33
       3.331     0.984375      1081303        64.00
       3.391     0.985938      1082954        71.11
       3.465     0.987500      1084679        80.00
       3.557     0.989062      1086384        91.43
       3.683     0.990625      1088112       106.67
       3.865     0.992188      1089821       128.00
       3.981     0.992969      1090680       142.22
       4.127     0.993750      1091540       160.00
       4.307     0.994531      1092398       182.86
       4.547     0.995313      1093256       213.33
       4.827     0.996094      1094114       256.00
       4.991     0.996484      1094545       284.44
       5.175     0.996875      1094968       320.00
       5.391     0.997266      1095397       365.71
       5.615     0.997656      1095825       426.67
       5.883     0.998047      1096261       512.00
       6.047     0.998242      1096468       568.89
       6.223     0.998437      1096684       640.00
       6.407     0.998633      1096901       731.43
       6.647     0.998828      1097113       853.33
       6.923     0.999023      1097326      1024.00
       7.091     0.999121      1097437      1137.78
       7.275     0.999219      1097539      1280.00
       7.491     0.999316      1097648      1462.86
       7.719     0.999414      1097755      1706.67
       8.107     0.999512      1097861      2048.00
       8.319     0.999561      1097915      2275.56
       8.623     0.999609      1097969      2560.00
       9.071     0.999658      1098022      2925.71
       9.959     0.999707      1098077      3413.33
      11.919     0.999756      1098129      4096.00
      13.143     0.999780      1098156      4551.11
      14.159     0.999805      1098183      5120.00
      14.871     0.999829      1098210      5851.43
      15.807     0.999854      1098237      6826.67
      17.151     0.999878      1098263      8192.00
      17.919     0.999890      1098277      9102.22
      19.007     0.999902      1098290     10240.00
      20.351     0.999915      1098304     11702.86
      21.071     0.999927      1098317     13653.33
      21.887     0.999939      1098330     16384.00
      22.127     0.999945      1098337     18204.44
      22.639     0.999951      1098344     20480.00
      22.895     0.999957      1098352     23405.71
      23.087     0.999963      1098357     27306.67
      23.599     0.999969      1098364     32768.00
      23.663     0.999973      1098367     36408.89
      23.903     0.999976      1098371     40960.00
      24.095     0.999979      1098374     46811.43
      24.335     0.999982      1098377     54613.33
      24.431     0.999985      1098381     65536.00
      24.687     0.999986      1098382     72817.78
      24.975     0.999988      1098384     81920.00
      25.311     0.999989      1098387     93622.86
      25.311     0.999991      1098387    109226.67
      25.375     0.999992      1098389    131072.00
      25.503     0.999993      1098390    145635.56
      25.823     0.999994      1098391    163840.00
      26.015     0.999995      1098392    187245.71
      26.015     0.999995      1098392    218453.33
      26.031     0.999996      1098393    262144.00
      26.207     0.999997      1098394    291271.11
      26.207     0.999997      1098394    327680.00
      26.383     0.999997      1098395    374491.43
      26.383     0.999998      1098395    436906.67
      26.383     0.999998      1098395    524288.00
      26.751     0.999998      1098396    582542.22
      26.751     0.999998      1098396    655360.00
      26.751     0.999999      1098396    748982.86
      26.751     0.999999      1098396    873813.33
      26.751     0.999999      1098396   1048576.00
      26.943     0.999999      1098397   1165084.44
      26.943     1.000000      1098397          inf
#[Mean    =        1.755, StdDeviation   =        0.700]
#[Max     =       26.928, Total count    =      1098397]
#[Buckets =           27, SubBuckets     =         2048]
----------------------------------------------------------
  1199274 requests in 2.00m, 10.30GB read
Requests/sec:   9993.86
Transfer/sec:     87.86MB
