Running 2m test @ http://localhost:9006/api/v1/user?id=1
  4 threads and 128 connections
  Thread calibration: mean lat.: 0.819ms, rate sampling interval: 10ms
  Thread calibration: mean lat.: 0.831ms, rate sampling interval: 10ms
  Thread calibration: mean lat.: 0.833ms, rate sampling interval: 10ms
  Thread calibration: mean lat.: 1.184ms, rate sampling interval: 10ms
  Thread Stats   Avg      Stdev     Max   +/- Stdev
    Latency     0.90ms  435.14us   4.33ms   66.26%
    Req/Sec     2.66k   651.83     3.56k    85.08%
  Latency Distribution (HdrHistogram - Recorded Latency)
 50.000%    0.89ms
 75.000%    1.20ms
 90.000%    1.47ms
 99.000%    1.97ms
 99.900%    2.27ms
 99.990%    3.09ms
 99.999%    3.97ms
100.000%    4.34ms

  Detailed Percentile spectrum:
       Value   Percentile   TotalCount 1/(1-Percentile)

       0.087     0.000000            1         1.00
       0.323     0.100000       109956         1.11
       0.487     0.200000       220248         1.25
       0.631     0.300000       329797         1.43
       0.765     0.400000       439745         1.67
       0.892     0.500000       549511         2.00
       0.954     0.550000       604543         2.22
       1.016     0.600000       659929         2.50
       1.076     0.650000       713970         2.86
       1.138     0.700000       769299         3.33
       1.200     0.750000       824383         4.00
       1.231     0.775000       851408         4.44
       1.264     0.800000       879409         5.00
       1.298     0.825000       906552         5.71
       1.341     0.850000       933656         6.67
       1.399     0.875000       961212         8.00
       1.434     0.887500       975132         8.89
       1.471     0.900000       988851        10.00
       1.511     0.912500      1002499        11.43
       1.555     0.925000      1016018        13.33
       1.605     0.937500      1029753        16.00
       1.633     0.943750      1036700        17.78
       1.662     0.950000      1043491        20.00
       1.694     0.956250      1050438        22.86
       1.729     0.962500      1057295        26.67
       1.768     0.968750      1064151        32.00
       1.790     0.971875      1067596        35.56
       1.814     0.975000      1071062        40.00
       1.839     0.978125      1074458        45.71
       1.867     0.981250      1077826        53.33
       1.899     0.984375      1081339        64.00
       1.917     0.985938      1083014        71.11
       1.936     0.987500      1084692        80.00
       1.957     0.989062      1086392        91.43
       1.981     0.990625      1088144       106.67
       2.007     0.992188      1089837       128.00
       2.022     0.992969      1090687       142.22
       2.039     0.993750      1091558       160.00
       2.059     0.994531      1092462       182.86
       2.079     0.995313      1093325       213.33
       2.101     0.996094      1094156       256.00
       2.113     0.996484      1094549       284.44
       2.127     0.996875      1094979       320.00
       2.143     0.997266      1095407       365.71
       2.163     0.997656      1095851       426.67
       2.183     0.998047      1096256       512.00
       2.195     0.998242      1096465       568.89
       2.211     0.998437      1096685       640.00
       2.229     0.998633      1096908       731.43
       2.247     0.998828      1097109       853.33
       2.273     0.999023      1097330      1024.00
       2.287     0.999121      1097428      1137.78
       2.305     0.999219      1097541      1280.00
       2.323     0.999316      1097644      1462.86
       2.351     0.999414      1097753      1706.67
       2.389     0.999512      1097860      2048.00
       2.417     0.999561      1097910      2275.56
       2.451     0.999609      1097963      2560.00
       2.491     0.999658      1098017      2925.71
       2.565     0.999707      1098071      3413.33
       2.641     0.999756      1098125      4096.00
       2.677     0.999780      1098152      4551.11
       2.745     0.999805      1098179      5120.00
       2.825     0.999829      1098205      5851.43
       2.903     0.999854      1098232      6826.67
       3.001     0.999878      1098258      8192.00
       3.037     0.999890      1098272      9102.22
       3.089     0.999902      1098285     10240.00
       3.149     0.999915      1098299     11702.86
       3.239     0.999927      1098313     13653.33
       3.361     0.999939      1098325     16384.00
       3.441     0.999945      1098332     18204.44
       3.485     0.999951      1098339     20480.00
       3.557     0.999957      1098346     23405.71
       3.583     0.999963      1098352     27306.67
       3.669     0.999969      1098359     32768.00
       3.695     0.999973      1098362     36408.89
       3.741     0.999976      1098366     40960.00
       3.757     0.999979      1098369     46811.43
       3.781     0.999982      1098372     54613.33
       3.873     0.999985      1098376     65536.00
       3.915     0.999986      1098377     72817.78
       3.925     0.999988      1098379     81920.00
       3.971     0.999989      1098381     93622.86
       3.981     0.999991      1098382    109226.67
       4.073     0.999992      1098384    131072.00
       4.091     0.999993      1098385    145635.56
       4.115     0.999994      1098386    163840.00
       4.123     0.999995      1098387    187245.71
       4.123     0.999995      1098387    218453.33
       4.135     0.999996      1098388    262144.00
       4.147     0.999997      1098389    291271.11
       4.147     0.999997      1098389    327680.00
       4.187     0.999997      1098390    374491.43
       4.187     0.999998      1098390    436906.67
       4.187     0.999998      1098390    524288.00
       4.243     0.999998      1098391    582542.22
       4.243     0.999998      1098391    655360.00
       4.243     0.999999      1098391    748982.86
       4.243     0.999999      1098391    873813.33
       4.243     0.999999      1098391   1048576.00
       4.335     0.999999      1098392   1165084.44
       4.335     1.000000      1098392          inf
#[Mean    =        0.901, StdDeviation   =        0.435]
#[Max     =        4.332, Total count    =      1098392]
#[Buckets =           27, SubBuckets     =         2048]
----------------------------------------------------------
  1196966 requests in 2.00m, 142.69MB read
Requests/sec:   9974.53
Transfer/sec:      1.19MB
