Running 2m test @ http://localhost:9003/api/v1/user?id=1
  4 threads and 128 connections
  Thread calibration: mean lat.: 1.109ms, rate sampling interval: 10ms
  Thread calibration: mean lat.: 1.101ms, rate sampling interval: 10ms
  Thread calibration: mean lat.: 1.106ms, rate sampling interval: 10ms
  Thread calibration: mean lat.: 1.260ms, rate sampling interval: 10ms
  Thread Stats   Avg      Stdev     Max   +/- Stdev
    Latency    18.34s     8.38s   27.77s    67.76%
    Req/Sec     3.68k     1.19k   18.67k    78.75%
  Latency Distribution (HdrHistogram - Recorded Latency)
 50.000%   21.40s 
 75.000%   25.76s 
 90.000%   26.74s 
 99.000%   27.51s 
 99.900%   27.72s 
 99.990%   27.75s 
 99.999%   27.77s 
100.000%   27.79s 

  Detailed Percentile spectrum:
       Value   Percentile   TotalCount 1/(1-Percentile)

       0.145     0.000000            1         1.00
    5058.559     0.100000       153524         1.11
    9150.463     0.200000       306937         1.25
   13221.887     0.300000       460420         1.43
   17317.887     0.400000       614099         1.67
   21397.503     0.500000       767609         2.00
   23363.583     0.550000       843818         2.22
   24756.223     0.600000       923603         2.50
   25083.903     0.650000       999126         2.86
   25362.431     0.700000      1074167         3.33
   25755.647     0.750000      1151898         4.00
   25952.255     0.775000      1190493         4.44
   26099.711     0.800000      1229489         5.00
   26230.783     0.825000      1267982         5.71
   26427.391     0.850000      1305294         6.67
   26591.231     0.875000      1346143         8.00
   26656.767     0.887500      1363121         8.89
   26738.687     0.900000      1382396        10.00
   26804.223     0.912500      1400181        11.43
   26902.527     0.925000      1418937        13.33
   27017.215     0.937500      1440837        16.00
   27049.983     0.943750      1450580        17.78
   27082.751     0.950000      1460291        20.00
   27115.519     0.956250      1467479        22.86
   27181.055     0.962500      1478462        26.67
   27246.591     0.968750      1488384        32.00
   27279.359     0.971875      1493125        35.56
   27312.127     0.975000      1497996        40.00
   27328.511     0.978125      1500679        45.71
   27361.279     0.981250      1506217        53.33
   27394.047     0.984375      1510647        64.00
   27426.815     0.985938      1513535        71.11
   27459.583     0.987500      1515709        80.00
   27492.351     0.989062      1517827        91.43
   27525.119     0.990625      1520005       106.67
   27557.887     0.992188      1522223       128.00
   27574.271     0.992969      1523335       142.22
   27590.655     0.993750      1524428       160.00
   27623.423     0.994531      1526579       182.86
   27639.807     0.995313      1527696       213.33
   27656.191     0.996094      1528797       256.00
   27656.191     0.996484      1528797       284.44
   27672.575     0.996875      1529896       320.00
   27672.575     0.997266      1529896       365.71
   27688.959     0.997656      1531002       426.67
   27688.959     0.998047      1531002       512.00
   27705.343     0.998242      1532084       568.89
   27705.343     0.998437      1532084       640.00
   27705.343     0.998633      1532084       731.43
   27721.727     0.998828      1533045       853.33
   27721.727     0.999023      1533045      1024.00
   27721.727     0.999121      1533045      1137.78
   27721.727     0.999219      1533045      1280.00
   27721.727     0.999316      1533045      1462.86
   27738.111     0.999414      1533648      1706.67
   27738.111     0.999512      1533648      2048.00
   27738.111     0.999561      1533648      2275.56
   27738.111     0.999609      1533648      2560.00
   27738.111     0.999658      1533648      2925.71
   27738.111     0.999707      1533648      3413.33
   27738.111     0.999756      1533648      4096.00
   27738.111     0.999780      1533648      4551.11
   27754.495     0.999805      1533892      5120.00
   27754.495     0.999829      1533892      5851.43
   27754.495     0.999854      1533892      6826.67
   27754.495     0.999878      1533892      8192.00
   27754.495     0.999890      1533892      9102.22
   27754.495     0.999902      1533892     10240.00
   27754.495     0.999915      1533892     11702.86
   27754.495     0.999927      1533892     13653.33
   27754.495     0.999939      1533892     16384.00
   27770.879     0.999945      1533975     18204.44
   27770.879     0.999951      1533975     20480.00
   27770.879     0.999957      1533975     23405.71
   27770.879     0.999963      1533975     27306.67
   27770.879     0.999969      1533975     32768.00
   27770.879     0.999973      1533975     36408.89
   27770.879     0.999976      1533975     40960.00
   27770.879     0.999979      1533975     46811.43
   27770.879     0.999982      1533975     54613.33
   27770.879     0.999985      1533975     65536.00
   27770.879     0.999986      1533975     72817.78
   27770.879     0.999988      1533975     81920.00
   27770.879     0.999989      1533975     93622.86
   27770.879     0.999991      1533975    109226.67
   27770.879     0.999992      1533975    131072.00
   27770.879     0.999993      1533975    145635.56
   27770.879     0.999994      1533975    163840.00
   27770.879     0.999995      1533975    187245.71
   27787.263     0.999995      1533983    218453.33
   27787.263     1.000000      1533983          inf
#[Mean    =    18341.705, StdDeviation   =     8378.409]
#[Max     =    27770.880, Total count    =      1533983]
#[Buckets =           27, SubBuckets     =         2048]
----------------------------------------------------------
  1711363 requests in 2.00m, 187.69MB read
Requests/sec:  14261.37
Transfer/sec:      1.56MB
