Running 2m test @ http://localhost:9002/api/v1/user?id=1
  4 threads and 128 connections
  Thread calibration: mean lat.: 1.247ms, rate sampling interval: 10ms
  Thread calibration: mean lat.: 1.251ms, rate sampling interval: 10ms
  Thread calibration: mean lat.: 1.238ms, rate sampling interval: 10ms
  Thread calibration: mean lat.: 1.238ms, rate sampling interval: 10ms
  Thread Stats   Avg      Stdev     Max   +/- Stdev
    Latency     1.26ms  645.64us  15.32ms   75.25%
    Req/Sec     6.59k   526.64    13.33k    84.11%
  Latency Distribution (HdrHistogram - Recorded Latency)
 50.000%    1.19ms
 75.000%    1.62ms
 90.000%    1.97ms
 99.000%    2.67ms
 99.900%    7.47ms
 99.990%    9.72ms
 99.999%   13.85ms
100.000%   15.33ms

  Detailed Percentile spectrum:
       Value   Percentile   TotalCount 1/(1-Percentile)

       0.137     0.000000            2         1.00
       0.564     0.100000       274998         1.11
       0.737     0.200000       549406         1.25
       0.889     0.300000       825038         1.43
       1.037     0.400000      1100211         1.67
       1.189     0.500000      1374349         2.00
       1.269     0.550000      1511936         2.22
       1.352     0.600000      1649166         2.50
       1.438     0.650000      1786292         2.86
       1.526     0.700000      1922189         3.33
       1.620     0.750000      2060953         4.00
       1.669     0.775000      2129405         4.44
       1.720     0.800000      2197047         5.00
       1.775     0.825000      2266211         5.71
       1.834     0.850000      2335143         6.67
       1.899     0.875000      2403647         8.00
       1.934     0.887500      2437328         8.89
       1.973     0.900000      2472161        10.00
       2.014     0.912500      2505809        11.43
       2.061     0.925000      2540829        13.33
       2.113     0.937500      2575047        16.00
       2.143     0.943750      2592501        17.78
       2.175     0.950000      2609467        20.00
       2.211     0.956250      2626457        22.86
       2.251     0.962500      2643128        26.67
       2.299     0.968750      2660251        32.00
       2.329     0.971875      2669388        35.56
       2.359     0.975000      2677395        40.00
       2.397     0.978125      2686285        45.71
       2.441     0.981250      2694872        53.33
       2.495     0.984375      2703128        64.00
       2.531     0.985938      2707485        71.11
       2.573     0.987500      2711682        80.00
       2.629     0.989062      2716055        91.43
       2.707     0.990625      2720279       106.67
       2.855     0.992188      2724569       128.00
       3.041     0.992969      2726679       142.22
       3.429     0.993750      2728830       160.00
       3.853     0.994531      2730974       182.86
       4.299     0.995313      2733126       213.33
       4.763     0.996094      2735260       256.00
       5.011     0.996484      2736336       284.44
       5.299     0.996875      2737405       320.00
       5.615     0.997266      2738484       365.71
       5.995     0.997656      2739556       426.67
       6.395     0.998047      2740621       512.00
       6.615     0.998242      2741165       568.89
       6.819     0.998437      2741702       640.00
       7.039     0.998633      2742237       731.43
       7.255     0.998828      2742776       853.33
       7.499     0.999023      2743305      1024.00
       7.619     0.999121      2743571      1137.78
       7.759     0.999219      2743844      1280.00
       7.903     0.999316      2744111      1462.86
       8.043     0.999414      2744379      1706.67
       8.215     0.999512      2744656      2048.00
       8.311     0.999561      2744781      2275.56
       8.423     0.999609      2744917      2560.00
       8.551     0.999658      2745056      2925.71
       8.695     0.999707      2745181      3413.33
       8.855     0.999756      2745320      4096.00
       8.951     0.999780      2745386      4551.11
       9.031     0.999805      2745452      5120.00
       9.135     0.999829      2745519      5851.43
       9.263     0.999854      2745584      6826.67
       9.455     0.999878      2745649      8192.00
       9.599     0.999890      2745685      9102.22
       9.751     0.999902      2745717     10240.00
       9.919     0.999915      2745750     11702.86
      10.151     0.999927      2745783     13653.33
      10.431     0.999939      2745817     16384.00
      10.527     0.999945      2745834     18204.44
      10.679     0.999951      2745851     20480.00
      10.975     0.999957      2745867     23405.71
      11.287     0.999963      2745884     27306.67
      11.527     0.999969      2745902     32768.00
      11.807     0.999973      2745909     36408.89
      11.983     0.999976      2745917     40960.00
      12.375     0.999979      2745926     46811.43
      12.711     0.999982      2745934     54613.33
      13.191     0.999985      2745943     65536.00
      13.503     0.999986      2745947     72817.78
      13.719     0.999988      2745951     81920.00
      13.831     0.999989      2745955     93622.86
      13.911     0.999991      2745959    109226.67
      14.407     0.999992      2745964    131072.00
      14.431     0.999993      2745966    145635.56
      14.567     0.999994      2745968    163840.00
      14.615     0.999995      2745970    187245.71
      14.711     0.999995      2745973    218453.33
      14.743     0.999996      2745974    262144.00
      14.759     0.999997      2745975    291271.11
      14.767     0.999997      2745976    327680.00
      14.783     0.999997      2745977    374491.43
      14.903     0.999998      2745978    436906.67
      14.967     0.999998      2745979    524288.00
      14.991     0.999998      2745981    582542.22
      14.991     0.999998      2745981    655360.00
      14.991     0.999999      2745981    748982.86
      14.991     0.999999      2745981    873813.33
      15.071     0.999999      2745982   1048576.00
      15.071     0.999999      2745982   1165084.44
      15.071     0.999999      2745982   1310720.00
      15.327     0.999999      2745984   1497965.71
      15.327     1.000000      2745984          inf
#[Mean    =        1.258, StdDeviation   =        0.646]
#[Max     =       15.320, Total count    =      2745984]
#[Buckets =           27, SubBuckets     =         2048]
----------------------------------------------------------
  2998084 requests in 2.00m, 328.81MB read
Requests/sec:  24984.04
Transfer/sec:      2.74MB
