Running 5m test @ http://localhost:8080/api/v1/users
  4 threads and 128 connections
  Thread calibration: mean lat.: 1.613ms, rate sampling interval: 10ms
  Thread calibration: mean lat.: 1.625ms, rate sampling interval: 10ms
  Thread calibration: mean lat.: 1.631ms, rate sampling interval: 10ms
  Thread calibration: mean lat.: 1.621ms, rate sampling interval: 10ms
  Thread Stats   Avg      Stdev     Max   +/- Stdev
    Latency     1.63ms  553.89us  11.56ms   66.78%
    Req/Sec     2.64k   199.93     4.00k    68.45%
  Latency Distribution (HdrHistogram - Recorded Latency)
 50.000%    1.56ms
 75.000%    1.99ms
 90.000%    2.40ms
 99.000%    3.05ms
 99.900%    3.82ms
 99.990%    5.81ms
 99.999%    7.56ms
100.000%   11.57ms

  Detailed Percentile spectrum:
       Value   Percentile   TotalCount 1/(1-Percentile)

       0.465     0.000000            2         1.00
       0.962     0.100000       289959         1.11
       1.137     0.200000       580756         1.25
       1.283     0.300000       871587         1.43
       1.419     0.400000      1159389         1.67
       1.560     0.500000      1450571         2.00
       1.634     0.550000      1595858         2.22
       1.711     0.600000      1739743         2.50
       1.795     0.650000      1884363         2.86
       1.888     0.700000      2030290         3.33
       1.990     0.750000      2174154         4.00
       2.047     0.775000      2247102         4.44
       2.107     0.800000      2319137         5.00
       2.173     0.825000      2393073         5.71
       2.241     0.850000      2464116         6.67
       2.317     0.875000      2537115         8.00
       2.357     0.887500      2573121         8.89
       2.399     0.900000      2608911        10.00
       2.445     0.912500      2645144        11.43
       2.495     0.925000      2681336        13.33
       2.553     0.937500      2718291        16.00
       2.585     0.943750      2736475        17.78
       2.619     0.950000      2754105        20.00
       2.657     0.956250      2771881        22.86
       2.701     0.962500      2790372        26.67
       2.751     0.968750      2808321        32.00
       2.779     0.971875      2816992        35.56
       2.811     0.975000      2826154        40.00
       2.847     0.978125      2835266        45.71
       2.887     0.981250      2844075        53.33
       2.935     0.984375      2853178        64.00
       2.963     0.985938      2857771        71.11
       2.993     0.987500      2862376        80.00
       3.027     0.989062      2866761        91.43
       3.067     0.990625      2871298       106.67
       3.115     0.992188      2875791       128.00
       3.143     0.992969      2878072       142.22
       3.173     0.993750      2880287       160.00
       3.209     0.994531      2882572       182.86
       3.251     0.995313      2884866       213.33
       3.301     0.996094      2887082       256.00
       3.331     0.996484      2888263       284.44
       3.363     0.996875      2889378       320.00
       3.405     0.997266      2890512       365.71
       3.453     0.997656      2891615       426.67
       3.517     0.998047      2892764       512.00
       3.553     0.998242      2893316       568.89
       3.597     0.998437      2893885       640.00
       3.653     0.998633      2894443       731.43
       3.729     0.998828      2895004       853.33
       3.835     0.999023      2895574      1024.00
       3.899     0.999121      2895857      1137.78
       3.977     0.999219      2896141      1280.00
       4.073     0.999316      2896419      1462.86
       4.207     0.999414      2896703      1706.67
       4.379     0.999512      2896986      2048.00
       4.483     0.999561      2897130      2275.56
       4.599     0.999609      2897266      2560.00
       4.743     0.999658      2897410      2925.71
       4.879     0.999707      2897549      3413.33
       5.027     0.999756      2897692      4096.00
       5.127     0.999780      2897762      4551.11
       5.243     0.999805      2897832      5120.00
       5.355     0.999829      2897904      5851.43
       5.499     0.999854      2897975      6826.67
       5.651     0.999878      2898046      8192.00
       5.747     0.999890      2898080      9102.22
       5.839     0.999902      2898115     10240.00
       5.939     0.999915      2898151     11702.86
       6.071     0.999927      2898187     13653.33
       6.215     0.999939      2898223     16384.00
       6.291     0.999945      2898241     18204.44
       6.355     0.999951      2898257     20480.00
       6.463     0.999957      2898275     23405.71
       6.587     0.999963      2898292     27306.67
       6.703     0.999969      2898310     32768.00
       6.791     0.999973      2898319     36408.89
       6.891     0.999976      2898328     40960.00
       6.975     0.999979      2898337     46811.43
       7.111     0.999982      2898345     54613.33
       7.295     0.999985      2898355     65536.00
       7.367     0.999986      2898359     72817.78
       7.411     0.999988      2898363     81920.00
       7.463     0.999989      2898368     93622.86
       7.591     0.999991      2898372    109226.67
       7.727     0.999992      2898377    131072.00
       7.975     0.999993      2898379    145635.56
       8.075     0.999994      2898381    163840.00
       8.123     0.999995      2898383    187245.71
       8.239     0.999995      2898386    218453.33
       8.247     0.999996      2898387    262144.00
       8.375     0.999997      2898389    291271.11
       8.407     0.999997      2898390    327680.00
       8.471     0.999997      2898391    374491.43
       8.591     0.999998      2898392    436906.67
       8.615     0.999998      2898393    524288.00
       8.679     0.999998      2898394    582542.22
       8.679     0.999998      2898394    655360.00
       8.855     0.999999      2898395    748982.86
       8.855     0.999999      2898395    873813.33
       8.895     0.999999      2898396   1048576.00
       8.895     0.999999      2898396   1165084.44
       8.895     0.999999      2898396   1310720.00
      10.415     0.999999      2898397   1497965.71
      10.415     0.999999      2898397   1747626.67
      10.415     1.000000      2898397   2097152.00
      10.415     1.000000      2898397   2330168.89
      10.415     1.000000      2898397   2621440.00
      11.567     1.000000      2898398   2995931.43
      11.567     1.000000      2898398          inf
#[Mean    =        1.631, StdDeviation   =        0.554]
#[Max     =       11.560, Total count    =      2898398]
#[Buckets =           27, SubBuckets     =         2048]
----------------------------------------------------------
  2999274 requests in 5.00m, 25.70GB read
Requests/sec:   9997.58
Transfer/sec:     87.74MB
