Running 2m test @ http://localhost:9000/api/v1/user?id=1
  4 threads and 128 connections
  Thread calibration: mean lat.: 0.835ms, rate sampling interval: 10ms
  Thread calibration: mean lat.: 0.842ms, rate sampling interval: 10ms
  Thread calibration: mean lat.: 0.833ms, rate sampling interval: 10ms
  Thread calibration: mean lat.: 0.834ms, rate sampling interval: 10ms
  Thread Stats   Avg      Stdev     Max   +/- Stdev
    Latency   838.32us  436.59us   7.75ms   66.75%
    Req/Sec     2.63k   182.81     4.11k    67.72%
  Latency Distribution (HdrHistogram - Recorded Latency)
 50.000%  834.00us
 75.000%    1.14ms
 90.000%    1.42ms
 99.000%    1.89ms
 99.900%    2.04ms
 99.990%    2.17ms
 99.999%    5.95ms
100.000%    7.76ms

  Detailed Percentile spectrum:
       Value   Percentile   TotalCount 1/(1-Percentile)

       0.070     0.000000            1         1.00
       0.261     0.100000       110508         1.11
       0.410     0.200000       220396         1.25
       0.554     0.300000       329960         1.43
       0.700     0.400000       439742         1.67
       0.834     0.500000       549753         2.00
       0.895     0.550000       604825         2.22
       0.954     0.600000       659181         2.50
       1.016     0.650000       714446         2.86
       1.076     0.700000       769697         3.33
       1.137     0.750000       824617         4.00
       1.167     0.775000       851936         4.44
       1.197     0.800000       878951         5.00
       1.227     0.825000       906799         5.71
       1.258     0.850000       934104         6.67
       1.312     0.875000       961358         8.00
       1.362     0.887500       975080         8.89
       1.417     0.900000       988775        10.00
       1.474     0.912500      1002358        11.43
       1.531     0.925000      1016114        13.33
       1.587     0.937500      1029860        16.00
       1.618     0.943750      1036790        17.78
       1.650     0.950000      1043631        20.00
       1.682     0.956250      1050447        22.86
       1.715     0.962500      1057292        26.67
       1.749     0.968750      1064254        32.00
       1.766     0.971875      1067712        35.56
       1.783     0.975000      1070997        40.00
       1.803     0.978125      1074518        45.71
       1.823     0.981250      1077876        53.33
       1.845     0.984375      1081382        64.00
       1.856     0.985938      1082993        71.11
       1.869     0.987500      1084787        80.00
       1.882     0.989062      1086486        91.43
       1.896     0.990625      1088203       106.67
       1.911     0.992188      1089860       128.00
       1.920     0.992969      1090686       142.22
       1.930     0.993750      1091626       160.00
       1.939     0.994531      1092464       182.86
       1.949     0.995313      1093296       213.33
       1.962     0.996094      1094160       256.00
       1.968     0.996484      1094554       284.44
       1.976     0.996875      1095033       320.00
       1.983     0.997266      1095417       365.71
       1.993     0.997656      1095861       426.67
       2.003     0.998047      1096302       512.00
       2.008     0.998242      1096489       568.89
       2.014     0.998437      1096703       640.00
       2.020     0.998633      1096905       731.43
       2.028     0.998828      1097139       853.33
       2.037     0.999023      1097340      1024.00
       2.042     0.999121      1097461      1137.78
       2.049     0.999219      1097572      1280.00
       2.055     0.999316      1097656      1462.86
       2.063     0.999414      1097766      1706.67
       2.073     0.999512      1097871      2048.00
       2.079     0.999561      1097940      2275.56
       2.083     0.999609      1097978      2560.00
       2.091     0.999658      1098029      2925.71
       2.099     0.999707      1098084      3413.33
       2.109     0.999756      1098144      4096.00
       2.115     0.999780      1098172      4551.11
       2.121     0.999805      1098196      5120.00
       2.127     0.999829      1098217      5851.43
       2.141     0.999854      1098247      6826.67
       2.155     0.999878      1098271      8192.00
       2.167     0.999890      1098284      9102.22
       2.181     0.999902      1098297     10240.00
       2.211     0.999915      1098311     11702.86
       2.299     0.999927      1098324     13653.33
       2.447     0.999939      1098337     16384.00
       2.515     0.999945      1098344     18204.44
       2.701     0.999951      1098351     20480.00
       3.275     0.999957      1098358     23405.71
       3.621     0.999963      1098364     27306.67
       4.291     0.999969      1098371     32768.00
       4.503     0.999973      1098374     36408.89
       4.739     0.999976      1098378     40960.00
       5.075     0.999979      1098381     46811.43
       5.263     0.999982      1098384     54613.33
       5.503     0.999985      1098388     65536.00
       5.523     0.999986      1098389     72817.78
       5.791     0.999988      1098391     81920.00
       5.955     0.999989      1098393     93622.86
       6.027     0.999991      1098394    109226.67
       6.247     0.999992      1098396    131072.00
       6.255     0.999993      1098397    145635.56
       6.447     0.999994      1098398    163840.00
       6.455     0.999995      1098399    187245.71
       6.455     0.999995      1098399    218453.33
       6.463     0.999996      1098400    262144.00
       6.475     0.999997      1098401    291271.11
       6.475     0.999997      1098401    327680.00
       6.951     0.999997      1098402    374491.43
       6.951     0.999998      1098402    436906.67
       6.951     0.999998      1098402    524288.00
       7.163     0.999998      1098403    582542.22
       7.163     0.999998      1098403    655360.00
       7.163     0.999999      1098403    748982.86
       7.163     0.999999      1098403    873813.33
       7.163     0.999999      1098403   1048576.00
       7.755     0.999999      1098404   1165084.44
       7.755     1.000000      1098404          inf
#[Mean    =        0.838, StdDeviation   =        0.437]
#[Max     =        7.752, Total count    =      1098404]
#[Buckets =           27, SubBuckets     =         2048]
----------------------------------------------------------
  1199285 requests in 2.00m, 142.97MB read
Requests/sec:   9993.98
Transfer/sec:      1.19MB
