Running 2m test @ http://localhost:9002/api/v1/user?id=1
  4 threads and 128 connections
  Thread calibration: mean lat.: 1.467ms, rate sampling interval: 10ms
  Thread calibration: mean lat.: 1.460ms, rate sampling interval: 10ms
  Thread calibration: mean lat.: 1.472ms, rate sampling interval: 10ms
  Thread calibration: mean lat.: 1.470ms, rate sampling interval: 10ms
  Thread Stats   Avg      Stdev     Max   +/- Stdev
    Latency     1.40ms  817.40us  23.55ms   84.58%
    Req/Sec     6.33k   588.24    13.50k    88.01%
  Latency Distribution (HdrHistogram - Recorded Latency)
 50.000%    1.29ms
 75.000%    1.76ms
 90.000%    2.17ms
 99.000%    3.24ms
 99.900%   10.18ms
 99.990%   14.78ms
 99.999%   19.17ms
100.000%   23.57ms

  Detailed Percentile spectrum:
       Value   Percentile   TotalCount 1/(1-Percentile)

       0.143     0.000000            1         1.00
       0.659     0.100000       264536         1.11
       0.835     0.200000       527645         1.25
       0.989     0.300000       792391         1.43
       1.137     0.400000      1055382         1.67
       1.291     0.500000      1318183         2.00
       1.374     0.550000      1451451         2.22
       1.459     0.600000      1582163         2.50
       1.552     0.650000      1714562         2.86
       1.650     0.700000      1845636         3.33
       1.757     0.750000      1977439         4.00
       1.816     0.775000      2044058         4.44
       1.878     0.800000      2109866         5.00
       1.943     0.825000      2175544         5.71
       2.013     0.850000      2241166         6.67
       2.089     0.875000      2306894         8.00
       2.131     0.887500      2340263         8.89
       2.175     0.900000      2372858        10.00
       2.223     0.912500      2405528        11.43
       2.277     0.925000      2438798        13.33
       2.339     0.937500      2472128        16.00
       2.373     0.943750      2488313        17.78
       2.409     0.950000      2504470        20.00
       2.451     0.956250      2521071        22.86
       2.499     0.962500      2537402        26.67
       2.555     0.968750      2553935        32.00
       2.587     0.971875      2562278        35.56
       2.625     0.975000      2570557        40.00
       2.671     0.978125      2578786        45.71
       2.725     0.981250      2586852        53.33
       2.803     0.984375      2594990        64.00
       2.861     0.985938      2599192        71.11
       2.939     0.987500      2603212        80.00
       3.079     0.989062      2607339        91.43
       3.439     0.990625      2611432       106.67
       4.459     0.992188      2615555       128.00
       5.007     0.992969      2617617       142.22
       5.559     0.993750      2619678       160.00
       6.079     0.994531      2621738       182.86
       6.603     0.995313      2623787       213.33
       7.175     0.996094      2625850       256.00
       7.483     0.996484      2626880       284.44
       7.787     0.996875      2627920       320.00
       8.119     0.997266      2628939       365.71
       8.487     0.997656      2629988       426.67
       8.879     0.998047      2630996       512.00
       9.087     0.998242      2631512       568.89
       9.327     0.998437      2632049       640.00
       9.575     0.998633      2632551       731.43
       9.871     0.998828      2633067       853.33
      10.207     0.999023      2633572      1024.00
      10.391     0.999121      2633833      1137.78
      10.599     0.999219      2634094      1280.00
      10.799     0.999316      2634349      1462.86
      11.031     0.999414      2634605      1706.67
      11.311     0.999512      2634856      2048.00
      11.479     0.999561      2634986      2275.56
      11.663     0.999609      2635118      2560.00
      11.855     0.999658      2635246      2925.71
      12.095     0.999707      2635373      3413.33
      12.431     0.999756      2635504      4096.00
      12.607     0.999780      2635565      4551.11
      12.863     0.999805      2635630      5120.00
      13.191     0.999829      2635696      5851.43
      13.575     0.999854      2635757      6826.67
      14.223     0.999878      2635822      8192.00
      14.495     0.999890      2635854      9102.22
      14.863     0.999902      2635887     10240.00
      15.215     0.999915      2635918     11702.86
      15.623     0.999927      2635951     13653.33
      16.119     0.999939      2635983     16384.00
      16.479     0.999945      2635999     18204.44
      16.815     0.999951      2636015     20480.00
      17.055     0.999957      2636031     23405.71
      17.375     0.999963      2636047     27306.67
      17.823     0.999969      2636064     32768.00
      17.903     0.999973      2636071     36408.89
      18.063     0.999976      2636081     40960.00
      18.191     0.999979      2636087     46811.43
      18.463     0.999982      2636095     54613.33
      18.687     0.999985      2636104     65536.00
      18.767     0.999986      2636108     72817.78
      18.895     0.999988      2636111     81920.00
      19.039     0.999989      2636115     93622.86
      19.215     0.999991      2636119    109226.67
      19.359     0.999992      2636123    131072.00
      19.503     0.999993      2636125    145635.56
      19.583     0.999994      2636127    163840.00
      19.743     0.999995      2636129    187245.71
      19.919     0.999995      2636131    218453.33
      20.079     0.999996      2636133    262144.00
      20.255     0.999997      2636134    291271.11
      20.447     0.999997      2636135    327680.00
      21.535     0.999997      2636136    374491.43
      21.839     0.999998      2636137    436906.67
      22.047     0.999998      2636138    524288.00
      22.447     0.999998      2636139    582542.22
      22.447     0.999998      2636139    655360.00
      22.735     0.999999      2636140    748982.86
      22.735     0.999999      2636140    873813.33
      22.959     0.999999      2636141   1048576.00
      22.959     0.999999      2636141   1165084.44
      22.959     0.999999      2636141   1310720.00
      23.103     0.999999      2636142   1497965.71
      23.103     0.999999      2636142   1747626.67
      23.103     1.000000      2636142   2097152.00
      23.103     1.000000      2636142   2330168.89
      23.103     1.000000      2636142   2621440.00
      23.567     1.000000      2636143   2995931.43
      23.567     1.000000      2636143          inf
#[Mean    =        1.402, StdDeviation   =        0.817]
#[Max     =       23.552, Total count    =      2636143]
#[Buckets =           27, SubBuckets     =         2048]
----------------------------------------------------------
  2878144 requests in 2.00m, 315.65MB read
Requests/sec:  23984.59
Transfer/sec:      2.63MB
