Running 2m test @ http://localhost:9002/api/v1/user?id=1
  4 threads and 128 connections
  Thread calibration: mean lat.: 1.336ms, rate sampling interval: 10ms
  Thread calibration: mean lat.: 1.128ms, rate sampling interval: 10ms
  Thread calibration: mean lat.: 1.131ms, rate sampling interval: 10ms
  Thread calibration: mean lat.: 1.125ms, rate sampling interval: 10ms
  Thread Stats   Avg      Stdev     Max   +/- Stdev
    Latency     1.19ms  733.22us  25.14ms   86.67%
    Req/Sec     4.73k   825.00    13.30k    76.88%
  Latency Distribution (HdrHistogram - Recorded Latency)
 50.000%    1.13ms
 75.000%    1.50ms
 90.000%    1.82ms
 99.000%    2.49ms
 99.900%   10.19ms
 99.990%   18.94ms
 99.999%   21.87ms
100.000%   25.15ms

  Detailed Percentile spectrum:
       Value   Percentile   TotalCount 1/(1-Percentile)

       0.127     0.000000            1         1.00
       0.534     0.100000       197934         1.11
       0.708     0.200000       396527         1.25
       0.856     0.300000       593342         1.43
       0.995     0.400000       791356         1.67
       1.132     0.500000       989328         2.00
       1.201     0.550000      1087967         2.22
       1.272     0.600000      1186577         2.50
       1.346     0.650000      1285828         2.86
       1.422     0.700000      1384318         3.33
       1.502     0.750000      1483095         4.00
       1.545     0.775000      1532844         4.44
       1.590     0.800000      1581951         5.00
       1.639     0.825000      1631459         5.71
       1.693     0.850000      1681282         6.67
       1.752     0.875000      1730216         8.00
       1.785     0.887500      1755163         8.89
       1.821     0.900000      1779816        10.00
       1.860     0.912500      1804288        11.43
       1.904     0.925000      1829058        13.33
       1.954     0.937500      1853618        16.00
       1.983     0.943750      1866077        17.78
       2.015     0.950000      1878469        20.00
       2.051     0.956250      1890843        22.86
       2.091     0.962500      1903096        26.67
       2.139     0.968750      1915464        32.00
       2.167     0.971875      1921617        35.56
       2.199     0.975000      1927880        40.00
       2.235     0.978125      1934053        45.71
       2.279     0.981250      1940306        53.33
       2.331     0.984375      1946285        64.00
       2.365     0.985938      1949478        71.11
       2.403     0.987500      1952518        80.00
       2.451     0.989062      1955519        91.43
       2.517     0.990625      1958656       106.67
       2.615     0.992188      1961679       128.00
       2.705     0.992969      1963237       142.22
       2.913     0.993750      1964773       160.00
       3.779     0.994531      1966314       182.86
       4.791     0.995313      1967860       213.33
       5.719     0.996094      1969402       256.00
       6.139     0.996484      1970175       284.44
       6.583     0.996875      1970948       320.00
       7.051     0.997266      1971723       365.71
       7.575     0.997656      1972493       426.67
       8.239     0.998047      1973265       512.00
       8.615     0.998242      1973654       568.89
       8.975     0.998437      1974036       640.00
       9.399     0.998633      1974435       731.43
       9.791     0.998828      1974812       853.33
      10.247     0.999023      1975197      1024.00
      10.551     0.999121      1975390      1137.78
      10.831     0.999219      1975584      1280.00
      11.175     0.999316      1975774      1462.86
      11.559     0.999414      1975968      1706.67
      11.983     0.999512      1976161      2048.00
      12.255     0.999561      1976259      2275.56
      12.663     0.999609      1976354      2560.00
      13.391     0.999658      1976450      2925.71
      14.127     0.999707      1976546      3413.33
      14.863     0.999756      1976643      4096.00
      15.431     0.999780      1976691      4551.11
      16.143     0.999805      1976739      5120.00
      17.023     0.999829      1976788      5851.43
      17.695     0.999854      1976838      6826.67
      18.367     0.999878      1976884      8192.00
      18.703     0.999890      1976909      9102.22
      19.007     0.999902      1976932     10240.00
      19.279     0.999915      1976957     11702.86
      19.615     0.999927      1976981     13653.33
      19.919     0.999939      1977005     16384.00
      20.079     0.999945      1977017     18204.44
      20.175     0.999951      1977029     20480.00
      20.383     0.999957      1977042     23405.71
      20.511     0.999963      1977054     27306.67
      20.735     0.999969      1977067     32768.00
      20.799     0.999973      1977071     36408.89
      20.879     0.999976      1977077     40960.00
      21.007     0.999979      1977083     46811.43
      21.119     0.999982      1977090     54613.33
      21.295     0.999985      1977095     65536.00
      21.551     0.999986      1977098     72817.78
      21.695     0.999988      1977101     81920.00
      21.855     0.999989      1977104     93622.86
      21.983     0.999991      1977107    109226.67
      22.319     0.999992      1977110    131072.00
      22.479     0.999993      1977112    145635.56
      22.511     0.999994      1977113    163840.00
      22.639     0.999995      1977115    187245.71
      22.687     0.999995      1977116    218453.33
      23.103     0.999996      1977118    262144.00
      23.679     0.999997      1977119    291271.11
      23.679     0.999997      1977119    327680.00
      23.823     0.999997      1977120    374491.43
      24.143     0.999998      1977121    436906.67
      24.511     0.999998      1977122    524288.00
      24.511     0.999998      1977122    582542.22
      24.511     0.999998      1977122    655360.00
      24.751     0.999999      1977123    748982.86
      24.751     0.999999      1977123    873813.33
      24.911     0.999999      1977124   1048576.00
      24.911     0.999999      1977124   1165084.44
      24.911     0.999999      1977124   1310720.00
      24.911     0.999999      1977124   1497965.71
      24.911     0.999999      1977124   1747626.67
      25.151     1.000000      1977125   2097152.00
      25.151     1.000000      1977125          inf
#[Mean    =        1.193, StdDeviation   =        0.733]
#[Max     =       25.136, Total count    =      1977125]
#[Buckets =           27, SubBuckets     =         2048]
----------------------------------------------------------
  2154493 requests in 2.00m, 236.29MB read
Requests/sec:  17953.10
Transfer/sec:      1.97MB
