Running 2m test @ http://localhost:9002/api/v1/users
  4 threads and 128 connections
  Thread calibration: mean lat.: 1.685ms, rate sampling interval: 10ms
  Thread calibration: mean lat.: 1.686ms, rate sampling interval: 10ms
  Thread calibration: mean lat.: 1.668ms, rate sampling interval: 10ms
  Thread calibration: mean lat.: 1.664ms, rate sampling interval: 10ms
  Thread Stats   Avg      Stdev     Max   +/- Stdev
    Latency     1.69ms  777.41us  43.33ms   88.52%
    Req/Sec     1.58k   158.50     4.44k    69.09%
  Latency Distribution (HdrHistogram - Recorded Latency)
 50.000%    1.62ms
 75.000%    1.98ms
 90.000%    2.39ms
 99.000%    3.03ms
 99.900%    6.02ms
 99.990%   29.63ms
 99.999%   37.57ms
100.000%   43.36ms

  Detailed Percentile spectrum:
       Value   Percentile   TotalCount 1/(1-Percentile)

       0.662     0.000000            1         1.00
       1.068     0.100000        66078         1.11
       1.223     0.200000       132252         1.25
       1.359     0.300000       197825         1.43
       1.488     0.400000       264092         1.67
       1.615     0.500000       330011         2.00
       1.678     0.550000       362868         2.22
       1.743     0.600000       395881         2.50
       1.813     0.650000       428644         2.86
       1.890     0.700000       461606         3.33
       1.976     0.750000       494510         4.00
       2.024     0.775000       510895         4.44
       2.079     0.800000       527718         5.00
       2.141     0.825000       543886         5.71
       2.215     0.850000       560555         6.67
       2.299     0.875000       576863         8.00
       2.345     0.887500       584959         8.89
       2.395     0.900000       593237        10.00
       2.449     0.912500       601550        11.43
       2.507     0.925000       609779        13.33
       2.569     0.937500       617970        16.00
       2.603     0.943750       622150        17.78
       2.637     0.950000       626216        20.00
       2.675     0.956250       630338        22.86
       2.715     0.962500       634425        26.67
       2.761     0.968750       638609        32.00
       2.785     0.971875       640553        35.56
       2.813     0.975000       642645        40.00
       2.843     0.978125       644672        45.71
       2.881     0.981250       646751        53.33
       2.923     0.984375       648799        64.00
       2.949     0.985938       649810        71.11
       2.977     0.987500       650804        80.00
       3.009     0.989062       651832        91.43
       3.053     0.990625       652903       106.67
       3.111     0.992188       653922       128.00
       3.149     0.992969       654422       142.22
       3.195     0.993750       654922       160.00
       3.263     0.994531       655438       182.86
       3.355     0.995313       655949       213.33
       3.507     0.996094       656461       256.00
       3.605     0.996484       656720       284.44
       3.711     0.996875       656979       320.00
       3.843     0.997266       657236       365.71
       4.007     0.997656       657492       426.67
       4.219     0.998047       657753       512.00
       4.351     0.998242       657877       568.89
       4.503     0.998437       658008       640.00
       4.735     0.998633       658135       731.43
       5.203     0.998828       658263       853.33
       6.219     0.999023       658392      1024.00
       7.859     0.999121       658456      1137.78
      10.191     0.999219       658521      1280.00
      12.535     0.999316       658585      1462.86
      15.031     0.999414       658649      1706.67
      17.615     0.999512       658714      2048.00
      18.639     0.999561       658746      2275.56
      19.951     0.999609       658779      2560.00
      21.647     0.999658       658810      2925.71
      23.055     0.999707       658842      3413.33
      24.511     0.999756       658875      4096.00
      24.975     0.999780       658893      4551.11
      26.031     0.999805       658908      5120.00
      26.783     0.999829       658923      5851.43
      27.759     0.999854       658939      6826.67
      28.815     0.999878       658955      8192.00
      29.199     0.999890       658963      9102.22
      29.759     0.999902       658971     10240.00
      30.655     0.999915       658979     11702.86
      31.615     0.999927       658987     13653.33
      32.863     0.999939       658995     16384.00
      33.247     0.999945       658999     18204.44
      33.759     0.999951       659003     20480.00
      34.239     0.999957       659007     23405.71
      34.623     0.999963       659011     27306.67
      35.263     0.999969       659015     32768.00
      35.423     0.999973       659017     36408.89
      35.743     0.999976       659019     40960.00
      35.839     0.999979       659021     46811.43
      36.607     0.999982       659023     54613.33
      36.863     0.999985       659025     65536.00
      37.087     0.999986       659026     72817.78
      37.503     0.999988       659027     81920.00
      37.567     0.999989       659028     93622.86
      37.727     0.999991       659029    109226.67
      38.175     0.999992       659030    131072.00
      38.943     0.999993       659031    145635.56
      38.943     0.999994       659031    163840.00
      40.767     0.999995       659032    187245.71
      40.767     0.999995       659032    218453.33
      41.247     0.999996       659033    262144.00
      41.247     0.999997       659033    291271.11
      41.247     0.999997       659033    327680.00
      41.727     0.999997       659034    374491.43
      41.727     0.999998       659034    436906.67
      41.727     0.999998       659034    524288.00
      41.727     0.999998       659034    582542.22
      41.727     0.999998       659034    655360.00
      43.359     0.999999       659035    748982.86
      43.359     1.000000       659035          inf
#[Mean    =        1.692, StdDeviation   =        0.777]
#[Max     =       43.328, Total count    =       659035]
#[Buckets =           27, SubBuckets     =         2048]
----------------------------------------------------------
  719585 requests in 2.00m, 6.18GB read
Requests/sec:   5996.52
Transfer/sec:     52.72MB
