Running 2m test @ http://localhost:9001/api/v1/user?id=1
  4 threads and 128 connections
  Thread calibration: mean lat.: 0.909ms, rate sampling interval: 10ms
  Thread calibration: mean lat.: 0.944ms, rate sampling interval: 10ms
  Thread calibration: mean lat.: 1.426ms, rate sampling interval: 10ms
  Thread calibration: mean lat.: 0.926ms, rate sampling interval: 10ms
  Thread Stats   Avg      Stdev     Max   +/- Stdev
    Latency     1.06ms  511.82us  17.97ms   68.67%
    Req/Sec     1.06k   753.83     3.56k    76.20%
  Latency Distribution (HdrHistogram - Recorded Latency)
 50.000%    1.03ms
 75.000%    1.36ms
 90.000%    1.73ms
 99.000%    2.41ms
 99.900%    2.83ms
 99.990%    6.68ms
 99.999%   14.25ms
100.000%   17.98ms

  Detailed Percentile spectrum:
       Value   Percentile   TotalCount 1/(1-Percentile)

       0.164     0.000000            2         1.00
       0.422     0.100000        44008         1.11
       0.592     0.200000        87960         1.25
       0.750     0.300000       131905         1.43
       0.893     0.400000       175820         1.67
       1.026     0.500000       219740         2.00
       1.092     0.550000       241727         2.22
       1.155     0.600000       263766         2.50
       1.216     0.650000       285602         2.86
       1.283     0.700000       307606         3.33
       1.359     0.750000       329742         4.00
       1.396     0.775000       340738         4.44
       1.434     0.800000       351649         5.00
       1.483     0.825000       362578         5.71
       1.548     0.850000       373466         6.67
       1.632     0.875000       384450         8.00
       1.679     0.887500       389977         8.89
       1.730     0.900000       395475        10.00
       1.785     0.912500       400925        11.43
       1.843     0.925000       406399        13.33
       1.910     0.937500       411930        16.00
       1.948     0.943750       414649        17.78
       1.987     0.950000       417413        20.00
       2.031     0.956250       420155        22.86
       2.083     0.962500       422944        26.67
       2.139     0.968750       425668        32.00
       2.171     0.971875       427072        35.56
       2.205     0.975000       428426        40.00
       2.241     0.978125       429814        45.71
       2.275     0.981250       431120        53.33
       2.319     0.984375       432521        64.00
       2.341     0.985938       433210        71.11
       2.365     0.987500       433874        80.00
       2.391     0.989062       434545        91.43
       2.419     0.990625       435240       106.67
       2.453     0.992188       435937       128.00
       2.469     0.992969       436259       142.22
       2.489     0.993750       436602       160.00
       2.513     0.994531       436960       182.86
       2.537     0.995313       437294       213.33
       2.567     0.996094       437633       256.00
       2.583     0.996484       437814       284.44
       2.603     0.996875       437989       320.00
       2.625     0.997266       438163       365.71
       2.649     0.997656       438325       426.67
       2.679     0.998047       438493       512.00
       2.703     0.998242       438580       568.89
       2.723     0.998437       438661       640.00
       2.751     0.998633       438748       731.43
       2.785     0.998828       438834       853.33
       2.843     0.999023       438918      1024.00
       2.893     0.999121       438960      1137.78
       2.957     0.999219       439003      1280.00
       3.039     0.999316       439046      1462.86
       3.115     0.999414       439089      1706.67
       3.271     0.999512       439132      2048.00
       3.323     0.999561       439153      2275.56
       3.443     0.999609       439176      2560.00
       3.545     0.999658       439196      2925.71
       3.695     0.999707       439218      3413.33
       3.929     0.999756       439239      4096.00
       4.081     0.999780       439250      4551.11
       4.263     0.999805       439261      5120.00
       4.567     0.999829       439271      5851.43
       4.975     0.999854       439282      6826.67
       5.927     0.999878       439293      8192.00
       6.267     0.999890       439298      9102.22
       6.843     0.999902       439304     10240.00
       7.307     0.999915       439309     11702.86
       7.767     0.999927       439314     13653.33
       8.543     0.999939       439320     16384.00
       9.103     0.999945       439322     18204.44
      10.463     0.999951       439325     20480.00
      10.839     0.999957       439328     23405.71
      11.279     0.999963       439330     27306.67
      12.151     0.999969       439333     32768.00
      12.631     0.999973       439334     36408.89
      12.799     0.999976       439336     40960.00
      12.975     0.999979       439337     46811.43
      13.063     0.999982       439338     54613.33
      13.583     0.999985       439340     65536.00
      13.583     0.999986       439340     72817.78
      14.135     0.999988       439341     81920.00
      14.247     0.999989       439342     93622.86
      14.247     0.999991       439342    109226.67
      15.599     0.999992       439343    131072.00
      15.599     0.999993       439343    145635.56
      15.927     0.999994       439344    163840.00
      15.927     0.999995       439344    187245.71
      15.927     0.999995       439344    218453.33
      15.943     0.999996       439345    262144.00
      15.943     0.999997       439345    291271.11
      15.943     0.999997       439345    327680.00
      15.943     0.999997       439345    374491.43
      15.943     0.999998       439345    436906.67
      17.983     0.999998       439346    524288.00
      17.983     1.000000       439346          inf
#[Mean    =        1.057, StdDeviation   =        0.512]
#[Max     =       17.968, Total count    =       439346]
#[Buckets =           27, SubBuckets     =         2048]
----------------------------------------------------------
  478823 requests in 2.00m, 148.49MB read
Requests/sec:   3989.89
Transfer/sec:      1.24MB
