Running 2m test @ http://localhost:9002/api/v1/user?id=1
  4 threads and 128 connections
  Thread calibration: mean lat.: 0.959ms, rate sampling interval: 10ms
  Thread calibration: mean lat.: 0.956ms, rate sampling interval: 10ms
  Thread calibration: mean lat.: 0.961ms, rate sampling interval: 10ms
  Thread calibration: mean lat.: 1.244ms, rate sampling interval: 10ms
  Thread Stats   Avg      Stdev     Max   +/- Stdev
    Latency     1.03ms  477.22us   9.02ms   69.19%
    Req/Sec     2.62k   658.56     7.11k    85.30%
  Latency Distribution (HdrHistogram - Recorded Latency)
 50.000%    1.02ms
 75.000%    1.34ms
 90.000%    1.62ms
 99.000%    2.08ms
 99.900%    4.60ms
 99.990%    7.42ms
 99.999%    8.45ms
100.000%    9.03ms

  Detailed Percentile spectrum:
       Value   Percentile   TotalCount 1/(1-Percentile)

       0.119     0.000000            1         1.00
       0.430     0.100000       109875         1.11
       0.612     0.200000       220103         1.25
       0.761     0.300000       329799         1.43
       0.894     0.400000       439368         1.67
       1.020     0.500000       549790         2.00
       1.083     0.550000       604828         2.22
       1.146     0.600000       659823         2.50
       1.208     0.650000       714075         2.86
       1.273     0.700000       769045         3.33
       1.340     0.750000       823797         4.00
       1.375     0.775000       851980         4.44
       1.410     0.800000       879483         5.00
       1.449     0.825000       906745         5.71
       1.494     0.850000       933670         6.67
       1.550     0.875000       961196         8.00
       1.582     0.887500       974832         8.89
       1.618     0.900000       988823        10.00
       1.656     0.912500      1002406        11.43
       1.696     0.925000      1016042        13.33
       1.740     0.937500      1029830        16.00
       1.764     0.943750      1036614        17.78
       1.791     0.950000      1043665        20.00
       1.820     0.956250      1050505        22.86
       1.851     0.962500      1057328        26.67
       1.885     0.968750      1064246        32.00
       1.903     0.971875      1067622        35.56
       1.923     0.975000      1070980        40.00
       1.946     0.978125      1074461        45.71
       1.971     0.981250      1077814        53.33
       2.002     0.984375      1081303        64.00
       2.019     0.985938      1083019        71.11
       2.038     0.987500      1084750        80.00
       2.059     0.989062      1086401        91.43
       2.085     0.990625      1088180       106.67
       2.113     0.992188      1089834       128.00
       2.131     0.992969      1090749       142.22
       2.149     0.993750      1091559       160.00
       2.173     0.994531      1092430       182.86
       2.201     0.995313      1093279       213.33
       2.237     0.996094      1094118       256.00
       2.261     0.996484      1094535       284.44
       2.295     0.996875      1094967       320.00
       2.343     0.997266      1095389       365.71
       2.443     0.997656      1095818       426.67
       2.895     0.998047      1096247       512.00
       3.221     0.998242      1096462       568.89
       3.637     0.998437      1096675       640.00
       3.971     0.998633      1096890       731.43
       4.319     0.998828      1097108       853.33
       4.639     0.999023      1097321      1024.00
       4.871     0.999121      1097428      1137.78
       5.067     0.999219      1097533      1280.00
       5.415     0.999316      1097642      1462.86
       5.711     0.999414      1097748      1706.67
       6.039     0.999512      1097855      2048.00
       6.195     0.999561      1097910      2275.56
       6.351     0.999609      1097962      2560.00
       6.491     0.999658      1098017      2925.71
       6.651     0.999707      1098074      3413.33
       6.791     0.999756      1098124      4096.00
       6.879     0.999780      1098151      4551.11
       6.959     0.999805      1098178      5120.00
       7.059     0.999829      1098205      5851.43
       7.191     0.999854      1098231      6826.67
       7.307     0.999878      1098257      8192.00
       7.367     0.999890      1098271      9102.22
       7.431     0.999902      1098284     10240.00
       7.507     0.999915      1098298     11702.86
       7.591     0.999927      1098311     13653.33
       7.643     0.999939      1098324     16384.00
       7.683     0.999945      1098332     18204.44
       7.711     0.999951      1098338     20480.00
       7.795     0.999957      1098345     23405.71
       7.847     0.999963      1098351     27306.67
       8.003     0.999969      1098358     32768.00
       8.103     0.999973      1098361     36408.89
       8.207     0.999976      1098365     40960.00
       8.239     0.999979      1098370     46811.43
       8.247     0.999982      1098373     54613.33
       8.303     0.999985      1098375     65536.00
       8.343     0.999986      1098377     72817.78
       8.367     0.999988      1098378     81920.00
       8.447     0.999989      1098380     93622.86
       8.455     0.999991      1098381    109226.67
       8.479     0.999992      1098384    131072.00
       8.479     0.999993      1098384    145635.56
       8.527     0.999994      1098385    163840.00
       8.575     0.999995      1098386    187245.71
       8.575     0.999995      1098386    218453.33
       8.639     0.999996      1098387    262144.00
       8.791     0.999997      1098388    291271.11
       8.791     0.999997      1098388    327680.00
       8.839     0.999997      1098389    374491.43
       8.839     0.999998      1098389    436906.67
       8.839     0.999998      1098389    524288.00
       8.871     0.999998      1098390    582542.22
       8.871     0.999998      1098390    655360.00
       8.871     0.999999      1098390    748982.86
       8.871     0.999999      1098390    873813.33
       8.871     0.999999      1098390   1048576.00
       9.031     0.999999      1098391   1165084.44
       9.031     1.000000      1098391          inf
#[Mean    =        1.033, StdDeviation   =        0.477]
#[Max     =        9.024, Total count    =      1098391]
#[Buckets =           27, SubBuckets     =         2048]
----------------------------------------------------------
  1196967 requests in 2.00m, 131.27MB read
Requests/sec:   9974.53
Transfer/sec:      1.09MB
