Running 2m test @ http://localhost:9000/api/v1/users
  4 threads and 128 connections
  Thread calibration: mean lat.: 1.568ms, rate sampling interval: 10ms
  Thread calibration: mean lat.: 1.574ms, rate sampling interval: 10ms
  Thread calibration: mean lat.: 1.572ms, rate sampling interval: 10ms
  Thread calibration: mean lat.: 1.573ms, rate sampling interval: 10ms
  Thread Stats   Avg      Stdev     Max   +/- Stdev
    Latency     1.56ms  843.63us  39.68ms   95.33%
    Req/Sec     1.06k    98.30     4.10k    86.11%
  Latency Distribution (HdrHistogram - Recorded Latency)
 50.000%    1.49ms
 75.000%    1.83ms
 90.000%    2.20ms
 99.000%    2.67ms
 99.900%   13.59ms
 99.990%   32.80ms
 99.999%   38.01ms
100.000%   39.71ms

  Detailed Percentile spectrum:
       Value   Percentile   TotalCount 1/(1-Percentile)

       0.650     0.000000            1         1.00
       0.971     0.100000        44068         1.11
       1.114     0.200000        88099         1.25
       1.244     0.300000       131817         1.43
       1.367     0.400000       176118         1.67
       1.486     0.500000       219911         2.00
       1.548     0.550000       241993         2.22
       1.612     0.600000       263896         2.50
       1.681     0.650000       285670         2.86
       1.754     0.700000       307751         3.33
       1.832     0.750000       329616         4.00
       1.876     0.775000       340591         4.44
       1.925     0.800000       351547         5.00
       1.980     0.825000       362637         5.71
       2.043     0.850000       373542         6.67
       2.115     0.875000       384498         8.00
       2.155     0.887500       389987         8.89
       2.197     0.900000       395440        10.00
       2.241     0.912500       400976        11.43
       2.285     0.925000       406440        13.33
       2.333     0.937500       411967        16.00
       2.359     0.943750       414790        17.78
       2.385     0.950000       417421        20.00
       2.415     0.956250       420205        22.86
       2.447     0.962500       423005        26.67
       2.483     0.968750       425763        32.00
       2.501     0.971875       427015        35.56
       2.523     0.975000       428429        40.00
       2.547     0.978125       429783        45.71
       2.573     0.981250       431177        53.33
       2.601     0.984375       432546        64.00
       2.619     0.985938       433257        71.11
       2.637     0.987500       433927        80.00
       2.657     0.989062       434596        91.43
       2.679     0.990625       435294       106.67
       2.703     0.992188       435942       128.00
       2.719     0.992969       436294       142.22
       2.735     0.993750       436623       160.00
       2.755     0.994531       436986       182.86
       2.779     0.995313       437321       213.33
       2.809     0.996094       437647       256.00
       2.827     0.996484       437816       284.44
       2.851     0.996875       437991       320.00
       2.883     0.997266       438163       365.71
       2.957     0.997656       438331       426.67
       3.235     0.998047       438499       512.00
       3.941     0.998242       438585       568.89
       5.567     0.998437       438672       640.00
       8.183     0.998633       438757       731.43
      11.295     0.998828       438843       853.33
      13.775     0.999023       438928      1024.00
      15.135     0.999121       438971      1137.78
      16.119     0.999219       439014      1280.00
      17.263     0.999316       439057      1462.86
      18.895     0.999414       439101      1706.67
      20.255     0.999512       439143      2048.00
      21.167     0.999561       439164      2275.56
      22.895     0.999609       439186      2560.00
      23.951     0.999658       439207      2925.71
      25.471     0.999707       439229      3413.33
      27.023     0.999756       439250      4096.00
      27.791     0.999780       439261      4551.11
      28.527     0.999805       439272      5120.00
      29.599     0.999829       439282      5851.43
      30.255     0.999854       439293      6826.67
      31.871     0.999878       439304      8192.00
      32.351     0.999890       439309      9102.22
      33.055     0.999902       439315     10240.00
      33.535     0.999915       439320     11702.86
      33.823     0.999927       439325     13653.33
      34.207     0.999939       439332     16384.00
      34.463     0.999945       439333     18204.44
      34.879     0.999951       439336     20480.00
      35.071     0.999957       439339     23405.71
      35.103     0.999963       439341     27306.67
      35.423     0.999969       439344     32768.00
      35.839     0.999973       439345     36408.89
      36.191     0.999976       439347     40960.00
      36.287     0.999979       439348     46811.43
      37.023     0.999982       439349     54613.33
      37.631     0.999985       439351     65536.00
      37.631     0.999986       439351     72817.78
      37.951     0.999988       439352     81920.00
      38.015     0.999989       439353     93622.86
      38.015     0.999991       439353    109226.67
      38.367     0.999992       439354    131072.00
      38.367     0.999993       439354    145635.56
      38.879     0.999994       439355    163840.00
      38.879     0.999995       439355    187245.71
      38.879     0.999995       439355    218453.33
      39.199     0.999996       439356    262144.00
      39.199     0.999997       439356    291271.11
      39.199     0.999997       439356    327680.00
      39.199     0.999997       439356    374491.43
      39.199     0.999998       439356    436906.67
      39.711     0.999998       439357    524288.00
      39.711     1.000000       439357          inf
#[Mean    =        1.561, StdDeviation   =        0.844]
#[Max     =       39.680, Total count    =       439357]
#[Buckets =           27, SubBuckets     =         2048]
----------------------------------------------------------
  479749 requests in 2.00m, 4.11GB read
Requests/sec:   3997.89
Transfer/sec:     35.08MB
