Running 5m test @ http://localhost:8080/api/v1/users
  4 threads and 128 connections
  Thread calibration: mean lat.: 1.553ms, rate sampling interval: 10ms
  Thread calibration: mean lat.: 1.552ms, rate sampling interval: 10ms
  Thread calibration: mean lat.: 1.553ms, rate sampling interval: 10ms
  Thread calibration: mean lat.: 1.552ms, rate sampling interval: 10ms
  Thread Stats   Avg      Stdev     Max   +/- Stdev
    Latency     1.57ms  822.01us  51.87ms   88.84%
    Req/Sec     2.64k   209.91     4.67k    70.90%
  Latency Distribution (HdrHistogram - Recorded Latency)
 50.000%    1.47ms
 75.000%    1.91ms
 90.000%    2.31ms
 99.000%    2.97ms
 99.900%   11.24ms
 99.990%   26.59ms
 99.999%   38.78ms
100.000%   51.90ms

  Detailed Percentile spectrum:
       Value   Percentile   TotalCount 1/(1-Percentile)

       0.460     0.000000            2         1.00
       0.882     0.100000       289989         1.11
       1.048     0.200000       580909         1.25
       1.190     0.300000       871323         1.43
       1.325     0.400000      1159984         1.67
       1.466     0.500000      1450430         2.00
       1.541     0.550000      1595086         2.22
       1.621     0.600000      1740242         2.50
       1.707     0.650000      1884682         2.86
       1.803     0.700000      2030262         3.33
       1.909     0.750000      2174186         4.00
       1.967     0.775000      2246621         4.44
       2.028     0.800000      2318978         5.00
       2.093     0.825000      2391867         5.71
       2.161     0.850000      2464777         6.67
       2.233     0.875000      2537894         8.00
       2.269     0.887500      2572492         8.89
       2.309     0.900000      2609115        10.00
       2.351     0.912500      2645510        11.43
       2.397     0.925000      2681470        13.33
       2.449     0.937500      2718062        16.00
       2.477     0.943750      2735547        17.78
       2.509     0.950000      2753706        20.00
       2.545     0.956250      2771675        22.86
       2.587     0.962500      2789755        26.67
       2.637     0.968750      2808015        32.00
       2.665     0.971875      2816944        35.56
       2.697     0.975000      2826027        40.00
       2.735     0.978125      2835364        45.71
       2.777     0.981250      2844103        53.33
       2.829     0.984375      2853156        64.00
       2.861     0.985938      2857724        71.11
       2.899     0.987500      2862374        80.00
       2.941     0.989062      2866771        91.43
       2.995     0.990625      2871317       106.67
       3.065     0.992188      2875830       128.00
       3.111     0.992969      2878100       142.22
       3.167     0.993750      2880303       160.00
       3.247     0.994531      2882589       182.86
       3.371     0.995313      2884836       213.33
       3.661     0.996094      2887081       256.00
       4.065     0.996484      2888205       284.44
       4.695     0.996875      2889337       320.00
       5.387     0.997266      2890477       365.71
       6.115     0.997656      2891605       426.67
       7.167     0.998047      2892734       512.00
       7.971     0.998242      2893300       568.89
       8.831     0.998437      2893866       640.00
       9.599     0.998633      2894439       731.43
      10.391     0.998828      2895003       853.33
      11.351     0.999023      2895565      1024.00
      11.911     0.999121      2895847      1137.78
      12.695     0.999219      2896131      1280.00
      13.591     0.999316      2896414      1462.86
      14.615     0.999414      2896696      1706.67
      15.991     0.999512      2896979      2048.00
      16.671     0.999561      2897123      2275.56
      17.727     0.999609      2897264      2560.00
      18.975     0.999658      2897404      2925.71
      20.207     0.999707      2897546      3413.33
      21.631     0.999756      2897690      4096.00
      22.319     0.999780      2897758      4551.11
      22.959     0.999805      2897829      5120.00
      23.631     0.999829      2897899      5851.43
      24.287     0.999854      2897973      6826.67
      25.375     0.999878      2898041      8192.00
      26.079     0.999890      2898077      9102.22
      26.831     0.999902      2898112     10240.00
      27.711     0.999915      2898147     11702.86
      28.463     0.999927      2898182     13653.33
      29.455     0.999939      2898218     16384.00
      29.951     0.999945      2898235     18204.44
      30.783     0.999951      2898253     20480.00
      31.471     0.999957      2898271     23405.71
      32.223     0.999963      2898288     27306.67
      33.599     0.999969      2898306     32768.00
      33.887     0.999973      2898315     36408.89
      34.687     0.999976      2898324     40960.00
      35.583     0.999979      2898333     46811.43
      35.935     0.999982      2898341     54613.33
      37.215     0.999985      2898350     65536.00
      37.791     0.999986      2898355     72817.78
      37.983     0.999988      2898359     81920.00
      38.719     0.999989      2898364     93622.86
      39.007     0.999991      2898368    109226.67
      39.807     0.999992      2898372    131072.00
      40.767     0.999993      2898375    145635.56
      41.375     0.999994      2898377    163840.00
      42.847     0.999995      2898379    187245.71
      45.343     0.999995      2898381    218453.33
      46.143     0.999996      2898383    262144.00
      46.367     0.999997      2898385    291271.11
      47.071     0.999997      2898386    327680.00
      47.743     0.999997      2898387    374491.43
      48.703     0.999998      2898389    436906.67
      48.703     0.999998      2898389    524288.00
      49.343     0.999998      2898390    582542.22
      49.343     0.999998      2898390    655360.00
      49.887     0.999999      2898391    748982.86
      49.887     0.999999      2898391    873813.33
      50.623     0.999999      2898392   1048576.00
      50.623     0.999999      2898392   1165084.44
      50.623     0.999999      2898392   1310720.00
      51.455     0.999999      2898393   1497965.71
      51.455     0.999999      2898393   1747626.67
      51.455     1.000000      2898393   2097152.00
      51.455     1.000000      2898393   2330168.89
      51.455     1.000000      2898393   2621440.00
      51.903     1.000000      2898394   2995931.43
      51.903     1.000000      2898394          inf
#[Mean    =        1.566, StdDeviation   =        0.822]
#[Max     =       51.872, Total count    =      2898394]
#[Buckets =           27, SubBuckets     =         2048]
----------------------------------------------------------
  2999270 requests in 5.00m, 25.70GB read
Requests/sec:   9997.57
Transfer/sec:     87.74MB
