Running 2m test @ http://localhost:9002/api/v1/users
  4 threads and 128 connections
  Thread calibration: mean lat.: 3.069ms, rate sampling interval: 11ms
  Thread calibration: mean lat.: 3.004ms, rate sampling interval: 11ms
  Thread calibration: mean lat.: 3.097ms, rate sampling interval: 11ms
  Thread calibration: mean lat.: 5.505ms, rate sampling interval: 14ms
  Thread Stats   Avg      Stdev     Max   +/- Stdev
    Latency     4.05ms    3.11ms  49.92ms   92.91%
    Req/Sec     2.62k   409.05     4.77k    75.37%
  Latency Distribution (HdrHistogram - Recorded Latency)
 50.000%    3.59ms
 75.000%    5.41ms
 90.000%    6.72ms
 99.000%   16.23ms
 99.900%   34.40ms
 99.990%   40.80ms
 99.999%   45.76ms
100.000%   49.95ms

  Detailed Percentile spectrum:
       Value   Percentile   TotalCount 1/(1-Percentile)

       0.686     0.000000            1         1.00
       1.453     0.100000       109885         1.11
       1.794     0.200000       219855         1.25
       2.213     0.300000       329583         1.43
       2.877     0.400000       439385         1.67
       3.585     0.500000       549307         2.00
       3.927     0.550000       604208         2.22
       4.283     0.600000       659440         2.50
       4.655     0.650000       714385         2.86
       5.035     0.700000       769243         3.33
       5.415     0.750000       824108         4.00
       5.607     0.775000       851548         4.44
       5.803     0.800000       878945         5.00
       6.007     0.825000       906557         5.71
       6.223     0.850000       934020         6.67
       6.455     0.875000       961166         8.00
       6.583     0.887500       974978         8.89
       6.719     0.900000       988627        10.00
       6.867     0.912500      1002290        11.43
       7.039     0.925000      1016142        13.33
       7.235     0.937500      1029788        16.00
       7.351     0.943750      1036760        17.78
       7.475     0.950000      1043561        20.00
       7.623     0.956250      1050374        22.86
       7.815     0.962500      1057305        26.67
       8.071     0.968750      1064088        32.00
       8.247     0.971875      1067544        35.56
       8.479     0.975000      1071011        40.00
       8.815     0.978125      1074379        45.71
       9.431     0.981250      1077826        53.33
      10.671     0.984375      1081244        64.00
      11.639     0.985938      1082962        71.11
      12.895     0.987500      1084671        80.00
      14.719     0.989062      1086387        91.43
      17.391     0.990625      1088108       106.67
      20.639     0.992188      1089823       128.00
      22.335     0.992969      1090680       142.22
      23.839     0.993750      1091537       160.00
      25.343     0.994531      1092396       182.86
      26.751     0.995313      1093254       213.33
      28.191     0.996094      1094112       256.00
      28.847     0.996484      1094540       284.44
      29.519     0.996875      1094974       320.00
      30.159     0.997266      1095396       365.71
      30.943     0.997656      1095826       426.67
      31.839     0.998047      1096252       512.00
      32.319     0.998242      1096472       568.89
      32.735     0.998437      1096682       640.00
      33.279     0.998633      1096901       731.43
      33.823     0.998828      1097111       853.33
      34.463     0.999023      1097328      1024.00
      34.879     0.999121      1097445      1137.78
      35.199     0.999219      1097542      1280.00
      35.679     0.999316      1097654      1462.86
      36.095     0.999414      1097754      1706.67
      36.703     0.999512      1097866      2048.00
      36.991     0.999561      1097921      2275.56
      37.279     0.999609      1097971      2560.00
      37.695     0.999658      1098025      2925.71
      38.143     0.999707      1098076      3413.33
      38.719     0.999756      1098133      4096.00
      38.911     0.999780      1098156      4551.11
      39.231     0.999805      1098184      5120.00
      39.519     0.999829      1098210      5851.43
      39.935     0.999854      1098240      6826.67
      40.383     0.999878      1098266      8192.00
      40.639     0.999890      1098278      9102.22
      40.831     0.999902      1098290     10240.00
      41.311     0.999915      1098306     11702.86
      41.599     0.999927      1098318     13653.33
      41.855     0.999939      1098331     16384.00
      42.175     0.999945      1098337     18204.44
      42.303     0.999951      1098344     20480.00
      42.591     0.999957      1098351     23405.71
      42.879     0.999963      1098357     27306.67
      43.199     0.999969      1098364     32768.00
      43.519     0.999973      1098367     36408.89
      43.839     0.999976      1098371     40960.00
      44.095     0.999979      1098374     46811.43
      44.191     0.999982      1098377     54613.33
      44.703     0.999985      1098381     65536.00
      45.151     0.999986      1098382     72817.78
      45.375     0.999988      1098384     81920.00
      45.759     0.999989      1098386     93622.86
      46.207     0.999991      1098387    109226.67
      47.551     0.999992      1098390    131072.00
      47.551     0.999993      1098390    145635.56
      47.903     0.999994      1098391    163840.00
      48.127     0.999995      1098392    187245.71
      48.127     0.999995      1098392    218453.33
      48.287     0.999996      1098393    262144.00
      48.479     0.999997      1098394    291271.11
      48.479     0.999997      1098394    327680.00
      48.639     0.999997      1098395    374491.43
      48.639     0.999998      1098395    436906.67
      48.639     0.999998      1098395    524288.00
      49.407     0.999998      1098396    582542.22
      49.407     0.999998      1098396    655360.00
      49.407     0.999999      1098396    748982.86
      49.407     0.999999      1098396    873813.33
      49.407     0.999999      1098396   1048576.00
      49.951     0.999999      1098397   1165084.44
      49.951     1.000000      1098397          inf
#[Mean    =        4.055, StdDeviation   =        3.114]
#[Max     =       49.920, Total count    =      1098397]
#[Buckets =           27, SubBuckets     =         2048]
----------------------------------------------------------
  1196942 requests in 2.00m, 10.28GB read
Requests/sec:   9974.29
Transfer/sec:     87.68MB
