Running 2m test @ http://localhost:9003/api/v1/user?id=1
  4 threads and 128 connections
  Thread calibration: mean lat.: 1.071ms, rate sampling interval: 10ms
  Thread calibration: mean lat.: 1.072ms, rate sampling interval: 10ms
  Thread calibration: mean lat.: 1.076ms, rate sampling interval: 10ms
  Thread calibration: mean lat.: 1.068ms, rate sampling interval: 10ms
  Thread Stats   Avg      Stdev     Max   +/- Stdev
    Latency     1.07ms  588.21us  18.78ms   78.48%
    Req/Sec     5.28k   393.91    13.33k    87.80%
  Latency Distribution (HdrHistogram - Recorded Latency)
 50.000%    1.03ms
 75.000%    1.39ms
 90.000%    1.65ms
 99.000%    2.14ms
 99.900%    8.10ms
 99.990%   10.99ms
 99.999%   17.47ms
100.000%   18.80ms

  Detailed Percentile spectrum:
       Value   Percentile   TotalCount 1/(1-Percentile)

       0.132     0.000000            1         1.00
       0.451     0.100000       220799         1.11
       0.607     0.200000       439401         1.25
       0.753     0.300000       660232         1.43
       0.896     0.400000       879434         1.67
       1.035     0.500000      1099799         2.00
       1.104     0.550000      1208916         2.22
       1.175     0.600000      1319026         2.50
       1.246     0.650000      1429087         2.86
       1.317     0.700000      1537793         3.33
       1.391     0.750000      1648694         4.00
       1.427     0.775000      1702659         4.44
       1.465     0.800000      1757497         5.00
       1.506     0.825000      1813636         5.71
       1.549     0.850000      1867942         6.67
       1.597     0.875000      1922617         8.00
       1.624     0.887500      1950342         8.89
       1.653     0.900000      1977933        10.00
       1.685     0.912500      2005260        11.43
       1.720     0.925000      2032240        13.33
       1.760     0.937500      2059567        16.00
       1.783     0.943750      2073475        17.78
       1.807     0.950000      2086969        20.00
       1.834     0.956250      2100720        22.86
       1.865     0.962500      2114435        26.67
       1.902     0.968750      2128488        32.00
       1.922     0.971875      2135055        35.56
       1.946     0.975000      2142063        40.00
       1.972     0.978125      2148875        45.71
       2.003     0.981250      2155715        53.33
       2.039     0.984375      2162533        64.00
       2.061     0.985938      2165947        71.11
       2.087     0.987500      2169485        80.00
       2.117     0.989062      2172920        91.43
       2.153     0.990625      2176224       106.67
       2.203     0.992188      2179641       128.00
       2.239     0.992969      2181417       142.22
       2.287     0.993750      2183094       160.00
       2.377     0.994531      2184791       182.86
       2.839     0.995313      2186510       213.33
       3.665     0.996094      2188222       256.00
       4.055     0.996484      2189084       284.44
       4.491     0.996875      2189939       320.00
       5.039     0.997266      2190798       365.71
       5.699     0.997656      2191655       426.67
       6.443     0.998047      2192519       512.00
       6.803     0.998242      2192945       568.89
       7.171     0.998437      2193372       640.00
       7.491     0.998633      2193802       731.43
       7.823     0.998828      2194231       853.33
       8.131     0.999023      2194662      1024.00
       8.287     0.999121      2194880      1137.78
       8.439     0.999219      2195091      1280.00
       8.599     0.999316      2195304      1462.86
       8.767     0.999414      2195517      1706.67
       8.975     0.999512      2195731      2048.00
       9.087     0.999561      2195838      2275.56
       9.191     0.999609      2195949      2560.00
       9.319     0.999658      2196056      2925.71
       9.463     0.999707      2196169      3413.33
       9.647     0.999756      2196269      4096.00
       9.759     0.999780      2196321      4551.11
       9.887     0.999805      2196374      5120.00
      10.031     0.999829      2196430      5851.43
      10.247     0.999854      2196482      6826.67
      10.575     0.999878      2196538      8192.00
      10.767     0.999890      2196562      9102.22
      11.183     0.999902      2196589     10240.00
      11.855     0.999915      2196617     11702.86
      13.095     0.999927      2196643     13653.33
      13.671     0.999939      2196669     16384.00
      13.887     0.999945      2196683     18204.44
      14.271     0.999951      2196696     20480.00
      14.711     0.999957      2196710     23405.71
      15.327     0.999963      2196723     27306.67
      15.687     0.999969      2196736     32768.00
      15.831     0.999973      2196743     36408.89
      16.175     0.999976      2196750     40960.00
      16.479     0.999979      2196757     46811.43
      16.671     0.999982      2196763     54613.33
      17.023     0.999985      2196770     65536.00
      17.199     0.999986      2196773     72817.78
      17.311     0.999988      2196777     81920.00
      17.471     0.999989      2196781     93622.86
      17.583     0.999991      2196783    109226.67
      17.839     0.999992      2196787    131072.00
      17.951     0.999993      2196788    145635.56
      18.079     0.999994      2196790    163840.00
      18.191     0.999995      2196792    187245.71
      18.207     0.999995      2196793    218453.33
      18.383     0.999996      2196795    262144.00
      18.463     0.999997      2196796    291271.11
      18.591     0.999997      2196798    327680.00
      18.591     0.999997      2196798    374491.43
      18.591     0.999998      2196798    436906.67
      18.655     0.999998      2196799    524288.00
      18.703     0.999998      2196801    582542.22
      18.703     0.999998      2196801    655360.00
      18.703     0.999999      2196801    748982.86
      18.703     0.999999      2196801    873813.33
      18.703     0.999999      2196801   1048576.00
      18.751     0.999999      2196802   1165084.44
      18.751     0.999999      2196802   1310720.00
      18.751     0.999999      2196802   1497965.71
      18.751     0.999999      2196802   1747626.67
      18.751     1.000000      2196802   2097152.00
      18.799     1.000000      2196803   2330168.89
      18.799     1.000000      2196803          inf
#[Mean    =        1.068, StdDeviation   =        0.588]
#[Max     =       18.784, Total count    =      2196803]
#[Buckets =           27, SubBuckets     =         2048]
----------------------------------------------------------
  2398495 requests in 2.00m, 263.05MB read
Requests/sec:  19987.32
Transfer/sec:      2.19MB
