Running 2m test @ http://localhost:9000/api/v1/user?id=1
  4 threads and 128 connections
  Thread calibration: mean lat.: 0.880ms, rate sampling interval: 10ms
  Thread calibration: mean lat.: 0.871ms, rate sampling interval: 10ms
  Thread calibration: mean lat.: 0.875ms, rate sampling interval: 10ms
  Thread calibration: mean lat.: 0.870ms, rate sampling interval: 10ms
  Thread Stats   Avg      Stdev     Max   +/- Stdev
    Latency     0.87ms  438.19us  13.70ms   65.24%
    Req/Sec     6.29k   330.04    11.78k    71.17%
  Latency Distribution (HdrHistogram - Recorded Latency)
 50.000%    0.86ms
 75.000%    1.19ms
 90.000%    1.42ms
 99.000%    1.93ms
 99.900%    2.29ms
 99.990%    6.77ms
 99.999%   10.37ms
100.000%   13.71ms

  Detailed Percentile spectrum:
       Value   Percentile   TotalCount 1/(1-Percentile)

       0.072     0.000000            1         1.00
       0.309     0.100000       265135         1.11
       0.455     0.200000       528596         1.25
       0.589     0.300000       792652         1.43
       0.724     0.400000      1056340         1.67
       0.857     0.500000      1318685         2.00
       0.924     0.550000      1451185         2.22
       0.991     0.600000      1583333         2.50
       1.058     0.650000      1715201         2.86
       1.125     0.700000      1846819         3.33
       1.193     0.750000      1978184         4.00
       1.227     0.775000      2043465         4.44
       1.261     0.800000      2110545         5.00
       1.295     0.825000      2176227         5.71
       1.331     0.850000      2241844         6.67
       1.371     0.875000      2306760         8.00
       1.395     0.887500      2340191         8.89
       1.422     0.900000      2373349        10.00
       1.453     0.912500      2406129        11.43
       1.489     0.925000      2439132        13.33
       1.532     0.937500      2471980        16.00
       1.556     0.943750      2488151        17.78
       1.583     0.950000      2504427        20.00
       1.614     0.956250      2521169        22.86
       1.649     0.962500      2537465        26.67
       1.691     0.968750      2554029        32.00
       1.715     0.971875      2562270        35.56
       1.741     0.975000      2570324        40.00
       1.770     0.978125      2578478        45.71
       1.805     0.981250      2586720        53.33
       1.845     0.984375      2595093        64.00
       1.866     0.985938      2599113        71.11
       1.890     0.987500      2603341        80.00
       1.915     0.989062      2607315        91.43
       1.945     0.990625      2611552       106.67
       1.978     0.992188      2615624       128.00
       1.996     0.992969      2617600       142.22
       2.016     0.993750      2619687       160.00
       2.038     0.994531      2621795       182.86
       2.063     0.995313      2623783       213.33
       2.091     0.996094      2625851       256.00
       2.107     0.996484      2626889       284.44
       2.125     0.996875      2627912       320.00
       2.145     0.997266      2628950       365.71
       2.167     0.997656      2630019       426.67
       2.191     0.998047      2631012       512.00
       2.205     0.998242      2631552       568.89
       2.221     0.998437      2632051       640.00
       2.241     0.998633      2632565       731.43
       2.263     0.998828      2633059       853.33
       2.293     0.999023      2633576      1024.00
       2.311     0.999121      2633825      1137.78
       2.331     0.999219      2634092      1280.00
       2.359     0.999316      2634335      1462.86
       2.399     0.999414      2634599      1706.67
       2.463     0.999512      2634854      2048.00
       2.507     0.999561      2634981      2275.56
       2.567     0.999609      2635106      2560.00
       2.669     0.999658      2635235      2925.71
       2.845     0.999707      2635363      3413.33
       3.135     0.999756      2635492      4096.00
       3.383     0.999780      2635556      4551.11
       3.789     0.999805      2635621      5120.00
       4.267     0.999829      2635686      5851.43
       5.083     0.999854      2635749      6826.67
       6.067     0.999878      2635816      8192.00
       6.403     0.999890      2635847      9102.22
       6.879     0.999902      2635879     10240.00
       7.399     0.999915      2635910     11702.86
       7.759     0.999927      2635943     13653.33
       8.223     0.999939      2635975     16384.00
       8.391     0.999945      2635992     18204.44
       8.551     0.999951      2636008     20480.00
       8.663     0.999957      2636023     23405.71
       8.791     0.999963      2636039     27306.67
       9.167     0.999969      2636055     32768.00
       9.295     0.999973      2636063     36408.89
       9.359     0.999976      2636071     40960.00
       9.543     0.999979      2636080     46811.43
       9.703     0.999982      2636088     54613.33
       9.959     0.999985      2636095     65536.00
      10.015     0.999986      2636099     72817.78
      10.119     0.999988      2636104     81920.00
      10.271     0.999989      2636108     93622.86
      10.447     0.999991      2636111    109226.67
      10.647     0.999992      2636115    131072.00
      10.807     0.999993      2636117    145635.56
      10.815     0.999994      2636119    163840.00
      10.935     0.999995      2636122    187245.71
      10.975     0.999995      2636123    218453.33
      11.055     0.999996      2636125    262144.00
      11.079     0.999997      2636126    291271.11
      11.143     0.999997      2636127    327680.00
      11.151     0.999997      2636128    374491.43
      11.239     0.999998      2636129    436906.67
      11.247     0.999998      2636130    524288.00
      11.351     0.999998      2636131    582542.22
      11.351     0.999998      2636131    655360.00
      11.359     0.999999      2636132    748982.86
      11.359     0.999999      2636132    873813.33
      11.607     0.999999      2636133   1048576.00
      11.607     0.999999      2636133   1165084.44
      11.607     0.999999      2636133   1310720.00
      12.175     0.999999      2636134   1497965.71
      12.175     0.999999      2636134   1747626.67
      12.175     1.000000      2636134   2097152.00
      12.175     1.000000      2636134   2330168.89
      12.175     1.000000      2636134   2621440.00
      13.711     1.000000      2636135   2995931.43
      13.711     1.000000      2636135          inf
#[Mean    =        0.873, StdDeviation   =        0.438]
#[Max     =       13.704, Total count    =      2636135]
#[Buckets =           27, SubBuckets     =         2048]
----------------------------------------------------------
  2878156 requests in 2.00m, 343.10MB read
Requests/sec:  23984.67
Transfer/sec:      2.86MB
