Running 2m test @ http://localhost:9002/api/v1/user?id=1
  4 threads and 128 connections
  Thread calibration: mean lat.: 2.780ms, rate sampling interval: 10ms
  Thread calibration: mean lat.: 2.796ms, rate sampling interval: 10ms
  Thread calibration: mean lat.: 2.735ms, rate sampling interval: 10ms
  Thread calibration: mean lat.: 2.873ms, rate sampling interval: 10ms
  Thread Stats   Avg      Stdev     Max   +/- Stdev
    Latency     1.68ms    1.59ms  56.00ms   97.76%
    Req/Sec     7.91k     0.90k   17.00k    87.35%
  Latency Distribution (HdrHistogram - Recorded Latency)
 50.000%    1.45ms
 75.000%    1.97ms
 90.000%    2.51ms
 99.000%    7.55ms
 99.900%   24.33ms
 99.990%   34.17ms
 99.999%   43.84ms
100.000%   56.03ms

  Detailed Percentile spectrum:
       Value   Percentile   TotalCount 1/(1-Percentile)

       0.165     0.000000            1         1.00
       0.776     0.100000       330474         1.11
       0.963     0.200000       659215         1.25
       1.128     0.300000       990422         1.43
       1.287     0.400000      1318289         1.67
       1.452     0.500000      1647695         2.00
       1.540     0.550000      1814054         2.22
       1.631     0.600000      1977463         2.50
       1.731     0.650000      2142120         2.86
       1.843     0.700000      2307034         3.33
       1.970     0.750000      2471424         4.00
       2.042     0.775000      2554634         4.44
       2.119     0.800000      2636328         5.00
       2.203     0.825000      2718681         5.71
       2.295     0.850000      2802377         6.67
       2.395     0.875000      2883453         8.00
       2.451     0.887500      2924974         8.89
       2.511     0.900000      2966408        10.00
       2.575     0.912500      3007022        11.43
       2.647     0.925000      3048274        13.33
       2.729     0.937500      3089582        16.00
       2.775     0.943750      3110208        17.78
       2.827     0.950000      3130915        20.00
       2.885     0.956250      3151370        22.86
       2.955     0.962500      3172110        26.67
       3.047     0.968750      3192628        32.00
       3.109     0.971875      3202809        35.56
       3.189     0.975000      3212993        40.00
       3.297     0.978125      3223299        45.71
       3.483     0.981250      3233498        53.33
       4.619     0.984375      3243746        64.00
       5.495     0.985938      3248884        71.11
       6.319     0.987500      3254043        80.00
       7.087     0.989062      3259184        91.43
       7.871     0.990625      3264334       106.67
       8.727     0.992188      3269516       128.00
       9.215     0.992969      3272069       142.22
       9.759     0.993750      3274631       160.00
      10.399     0.994531      3277229       182.86
      11.343     0.995313      3279781       213.33
      13.135     0.996094      3282358       256.00
      14.535     0.996484      3283642       284.44
      15.999     0.996875      3284930       320.00
      17.455     0.997266      3286227       365.71
      19.007     0.997656      3287505       426.67
      20.559     0.998047      3288804       512.00
      21.343     0.998242      3289435       568.89
      22.063     0.998437      3290084       640.00
      22.783     0.998633      3290722       731.43
      23.583     0.998828      3291373       853.33
      24.431     0.999023      3292013      1024.00
      24.879     0.999121      3292331      1137.78
      25.455     0.999219      3292654      1280.00
      26.127     0.999316      3292974      1462.86
      26.767     0.999414      3293299      1706.67
      27.503     0.999512      3293619      2048.00
      27.903     0.999561      3293779      2275.56
      28.351     0.999609      3293937      2560.00
      28.895     0.999658      3294098      2925.71
      29.471     0.999707      3294260      3413.33
      30.271     0.999756      3294419      4096.00
      30.783     0.999780      3294499      4551.11
      31.375     0.999805      3294583      5120.00
      31.887     0.999829      3294664      5851.43
      32.543     0.999854      3294743      6826.67
      33.247     0.999878      3294822      8192.00
      33.727     0.999890      3294863      9102.22
      34.271     0.999902      3294904     10240.00
      34.847     0.999915      3294944     11702.86
      35.615     0.999927      3294982     13653.33
      36.447     0.999939      3295022     16384.00
      37.023     0.999945      3295043     18204.44
      37.439     0.999951      3295064     20480.00
      37.823     0.999957      3295084     23405.71
      38.527     0.999963      3295105     27306.67
      39.423     0.999969      3295123     32768.00
      39.871     0.999973      3295135     36408.89
      40.351     0.999976      3295144     40960.00
      40.703     0.999979      3295153     46811.43
      41.343     0.999982      3295163     54613.33
      41.759     0.999985      3295173     65536.00
      42.399     0.999986      3295179     72817.78
      42.815     0.999988      3295183     81920.00
      43.263     0.999989      3295188     93622.86
      44.415     0.999991      3295193    109226.67
      45.343     0.999992      3295198    131072.00
      45.535     0.999993      3295201    145635.56
      45.983     0.999994      3295203    163840.00
      46.847     0.999995      3295206    187245.71
      47.551     0.999995      3295208    218453.33
      48.735     0.999996      3295211    262144.00
      48.959     0.999997      3295212    291271.11
      49.375     0.999997      3295213    327680.00
      51.039     0.999997      3295215    374491.43
      51.135     0.999998      3295216    436906.67
      51.231     0.999998      3295217    524288.00
      51.583     0.999998      3295218    582542.22
      51.583     0.999998      3295218    655360.00
      52.639     0.999999      3295219    748982.86
      52.895     0.999999      3295220    873813.33
      52.895     0.999999      3295220   1048576.00
      53.471     0.999999      3295221   1165084.44
      53.471     0.999999      3295221   1310720.00
      53.471     0.999999      3295221   1497965.71
      55.007     0.999999      3295222   1747626.67
      55.007     1.000000      3295222   2097152.00
      55.007     1.000000      3295222   2330168.89
      55.007     1.000000      3295222   2621440.00
      55.007     1.000000      3295222   2995931.43
      56.031     1.000000      3295223   3495253.33
      56.031     1.000000      3295223          inf
#[Mean    =        1.681, StdDeviation   =        1.592]
#[Max     =       56.000, Total count    =      3295223]
#[Buckets =           27, SubBuckets     =         2048]
----------------------------------------------------------
  3597694 requests in 2.00m, 394.57MB read
Requests/sec:  29980.60
Transfer/sec:      3.29MB
