Running 2m test @ http://localhost:9000/api/v1/users
  4 threads and 128 connections
  Thread calibration: mean lat.: 3.896ms, rate sampling interval: 10ms
  Thread calibration: mean lat.: 1.960ms, rate sampling interval: 10ms
  Thread calibration: mean lat.: 1.955ms, rate sampling interval: 10ms
  Thread calibration: mean lat.: 1.972ms, rate sampling interval: 10ms
  Thread Stats   Avg      Stdev     Max   +/- Stdev
    Latency     2.44ms    1.37ms  34.56ms   73.39%
    Req/Sec     1.58k   769.53     4.22k    78.20%
  Latency Distribution (HdrHistogram - Recorded Latency)
 50.000%    2.01ms
 75.000%    3.25ms
 90.000%    4.47ms
 99.000%    5.84ms
 99.900%    7.83ms
 99.990%   25.71ms
 99.999%   30.74ms
100.000%   34.59ms

  Detailed Percentile spectrum:
       Value   Percentile   TotalCount 1/(1-Percentile)

       0.655     0.000000            1         1.00
       1.098     0.100000        66144         1.11
       1.322     0.200000       131865         1.25
       1.522     0.300000       197774         1.43
       1.740     0.400000       263809         1.67
       2.010     0.500000       329513         2.00
       2.183     0.550000       362644         2.22
       2.373     0.600000       395517         2.50
       2.587     0.650000       428524         2.86
       2.877     0.700000       461404         3.33
       3.253     0.750000       494382         4.00
       3.445     0.775000       510848         4.44
       3.635     0.800000       527333         5.00
       3.827     0.825000       543722         5.71
       4.031     0.850000       560305         6.67
       4.243     0.875000       576866         8.00
       4.355     0.887500       585110         8.89
       4.471     0.900000       593342        10.00
       4.587     0.912500       601395        11.43
       4.715     0.925000       609619        13.33
       4.851     0.937500       617903        16.00
       4.923     0.943750       621972        17.78
       5.003     0.950000       626253        20.00
       5.083     0.956250       630260        22.86
       5.175     0.962500       634337        26.67
       5.279     0.968750       638460        32.00
       5.339     0.971875       640556        35.56
       5.399     0.975000       642566        40.00
       5.467     0.978125       644657        45.71
       5.543     0.981250       646731        53.33
       5.631     0.984375       648744        64.00
       5.683     0.985938       649800        71.11
       5.735     0.987500       650801        80.00
       5.799     0.989062       651875        91.43
       5.871     0.990625       652842       106.67
       5.959     0.992188       653894       128.00
       6.011     0.992969       654406       142.22
       6.067     0.993750       654916       160.00
       6.131     0.994531       655431       182.86
       6.219     0.995313       655946       213.33
       6.311     0.996094       656451       256.00
       6.375     0.996484       656708       284.44
       6.447     0.996875       656965       320.00
       6.527     0.997266       657221       365.71
       6.639     0.997656       657484       426.67
       6.779     0.998047       657736       512.00
       6.859     0.998242       657862       568.89
       6.995     0.998437       657991       640.00
       7.139     0.998633       658120       731.43
       7.371     0.998828       658247       853.33
       7.963     0.999023       658376      1024.00
       8.599     0.999121       658441      1137.78
       9.327     0.999219       658505      1280.00
      10.855     0.999316       658569      1462.86
      12.271     0.999414       658633      1706.67
      14.575     0.999512       658698      2048.00
      15.535     0.999561       658730      2275.56
      17.023     0.999609       658764      2560.00
      18.399     0.999658       658794      2925.71
      19.503     0.999707       658826      3413.33
      20.495     0.999756       658859      4096.00
      21.071     0.999780       658875      4551.11
      21.775     0.999805       658891      5120.00
      22.575     0.999829       658907      5851.43
      23.727     0.999854       658923      6826.67
      24.671     0.999878       658939      8192.00
      25.087     0.999890       658947      9102.22
      25.775     0.999902       658956     10240.00
      26.175     0.999915       658963     11702.86
      26.367     0.999927       658971     13653.33
      26.879     0.999939       658979     16384.00
      27.231     0.999945       658983     18204.44
      27.583     0.999951       658988     20480.00
      27.743     0.999957       658991     23405.71
      28.175     0.999963       658995     27306.67
      28.799     0.999969       658999     32768.00
      28.991     0.999973       659002     36408.89
      29.279     0.999976       659003     40960.00
      29.759     0.999979       659005     46811.43
      30.255     0.999982       659007     54613.33
      30.415     0.999985       659009     65536.00
      30.639     0.999986       659010     72817.78
      30.735     0.999988       659012     81920.00
      30.735     0.999989       659012     93622.86
      31.327     0.999991       659014    109226.67
      31.327     0.999992       659014    131072.00
      31.503     0.999993       659015    145635.56
      31.503     0.999994       659015    163840.00
      31.583     0.999995       659016    187245.71
      31.583     0.999995       659016    218453.33
      33.215     0.999996       659017    262144.00
      33.215     0.999997       659017    291271.11
      33.215     0.999997       659017    327680.00
      34.303     0.999997       659018    374491.43
      34.303     0.999998       659018    436906.67
      34.303     0.999998       659018    524288.00
      34.303     0.999998       659018    582542.22
      34.303     0.999998       659018    655360.00
      34.591     0.999999       659019    748982.86
      34.591     1.000000       659019          inf
#[Mean    =        2.437, StdDeviation   =        1.367]
#[Max     =       34.560, Total count    =       659019]
#[Buckets =           27, SubBuckets     =         2048]
----------------------------------------------------------
  718187 requests in 2.00m, 6.15GB read
Requests/sec:   5984.85
Transfer/sec:     52.52MB
