Running 2m test @ http://localhost:9001/api/v1/user?id=1
  4 threads and 128 connections
  Thread calibration: mean lat.: 1.201ms, rate sampling interval: 10ms
  Thread calibration: mean lat.: 1.186ms, rate sampling interval: 10ms
  Thread calibration: mean lat.: 1.195ms, rate sampling interval: 10ms
  Thread calibration: mean lat.: 1.612ms, rate sampling interval: 10ms
  Thread Stats   Avg      Stdev     Max   +/- Stdev
    Latency     1.31ms  578.85us  13.15ms   67.49%
    Req/Sec     3.16k   343.62     6.00k    81.50%
  Latency Distribution (HdrHistogram - Recorded Latency)
 50.000%    1.27ms
 75.000%    1.67ms
 90.000%    2.07ms
 99.000%    2.81ms
 99.900%    3.69ms
 99.990%    6.83ms
 99.999%   12.18ms
100.000%   13.16ms

  Detailed Percentile spectrum:
       Value   Percentile   TotalCount 1/(1-Percentile)

       0.179     0.000000            1         1.00
       0.586     0.100000       132163         1.11
       0.784     0.200000       263646         1.25
       0.957     0.300000       395737         1.43
       1.116     0.400000       527413         1.67
       1.270     0.500000       659630         2.00
       1.347     0.550000       725331         2.22
       1.425     0.600000       791394         2.50
       1.504     0.650000       856855         2.86
       1.585     0.700000       922882         3.33
       1.675     0.750000       989080         4.00
       1.723     0.775000      1021747         4.44
       1.777     0.800000      1054968         5.00
       1.836     0.825000      1087937         5.71
       1.901     0.850000      1120589         6.67
       1.976     0.875000      1153423         8.00
       2.019     0.887500      1170068         8.89
       2.065     0.900000      1186475        10.00
       2.117     0.912500      1203068        11.43
       2.173     0.925000      1219359        13.33
       2.239     0.937500      1236198        16.00
       2.275     0.943750      1243996        17.78
       2.315     0.950000      1252331        20.00
       2.361     0.956250      1260697        22.86
       2.411     0.962500      1268774        26.67
       2.469     0.968750      1277100        32.00
       2.501     0.971875      1281150        35.56
       2.539     0.975000      1285336        40.00
       2.579     0.978125      1289368        45.71
       2.625     0.981250      1293423        53.33
       2.679     0.984375      1297597        64.00
       2.711     0.985938      1299681        71.11
       2.745     0.987500      1301705        80.00
       2.783     0.989062      1303738        91.43
       2.829     0.990625      1305830       106.67
       2.879     0.992188      1307837       128.00
       2.909     0.992969      1308839       142.22
       2.943     0.993750      1309864       160.00
       2.981     0.994531      1310897       182.86
       3.029     0.995313      1311955       213.33
       3.085     0.996094      1312960       256.00
       3.119     0.996484      1313472       284.44
       3.159     0.996875      1314011       320.00
       3.203     0.997266      1314504       365.71
       3.263     0.997656      1315023       426.67
       3.333     0.998047      1315527       512.00
       3.385     0.998242      1315788       568.89
       3.443     0.998437      1316039       640.00
       3.501     0.998633      1316299       731.43
       3.585     0.998828      1316557       853.33
       3.707     0.999023      1316813      1024.00
       3.787     0.999121      1316940      1137.78
       3.883     0.999219      1317069      1280.00
       3.985     0.999316      1317199      1462.86
       4.127     0.999414      1317330      1706.67
       4.295     0.999512      1317457      2048.00
       4.395     0.999561      1317519      2275.56
       4.471     0.999609      1317584      2560.00
       4.603     0.999658      1317648      2925.71
       4.715     0.999707      1317714      3413.33
       4.847     0.999756      1317780      4096.00
       4.963     0.999780      1317809      4551.11
       5.087     0.999805      1317841      5120.00
       5.255     0.999829      1317873      5851.43
       5.491     0.999854      1317905      6826.67
       5.983     0.999878      1317938      8192.00
       6.611     0.999890      1317955      9102.22
       6.915     0.999902      1317970     10240.00
       7.367     0.999915      1317986     11702.86
       7.839     0.999927      1318002     13653.33
       8.567     0.999939      1318018     16384.00
       9.111     0.999945      1318026     18204.44
       9.535     0.999951      1318034     20480.00
       9.807     0.999957      1318042     23405.71
      10.319     0.999963      1318050     27306.67
      10.743     0.999969      1318058     32768.00
      10.839     0.999973      1318062     36408.89
      10.919     0.999976      1318067     40960.00
      10.959     0.999979      1318070     46811.43
      11.359     0.999982      1318074     54613.33
      11.647     0.999985      1318078     65536.00
      11.759     0.999986      1318080     72817.78
      12.031     0.999988      1318082     81920.00
      12.135     0.999989      1318084     93622.86
      12.191     0.999991      1318086    109226.67
      12.263     0.999992      1318088    131072.00
      12.279     0.999993      1318089    145635.56
      12.287     0.999994      1318090    163840.00
      12.327     0.999995      1318091    187245.71
      12.375     0.999995      1318092    218453.33
      12.511     0.999996      1318093    262144.00
      12.559     0.999997      1318094    291271.11
      12.559     0.999997      1318094    327680.00
      12.575     0.999997      1318095    374491.43
      12.575     0.999998      1318095    436906.67
      12.663     0.999998      1318097    524288.00
      12.663     0.999998      1318097    582542.22
      12.663     0.999998      1318097    655360.00
      12.663     0.999999      1318097    748982.86
      12.663     0.999999      1318097    873813.33
      12.663     0.999999      1318097   1048576.00
      12.663     0.999999      1318097   1165084.44
      12.663     0.999999      1318097   1310720.00
      13.159     0.999999      1318098   1497965.71
      13.159     1.000000      1318098          inf
#[Mean    =        1.309, StdDeviation   =        0.579]
#[Max     =       13.152, Total count    =      1318098]
#[Buckets =           27, SubBuckets     =         2048]
----------------------------------------------------------
  1436370 requests in 2.00m, 445.45MB read
Requests/sec:  11968.96
Transfer/sec:      3.71MB
