Running 2m test @ http://localhost:9002/api/v1/users
  4 threads and 128 connections
  Thread calibration: mean lat.: 1.580ms, rate sampling interval: 10ms
  Thread calibration: mean lat.: 1.569ms, rate sampling interval: 10ms
  Thread calibration: mean lat.: 1.568ms, rate sampling interval: 10ms
  Thread calibration: mean lat.: 1.554ms, rate sampling interval: 10ms
  Thread Stats   Avg      Stdev     Max   +/- Stdev
    Latency     1.56ms  650.53us  28.83ms   80.58%
    Req/Sec     1.05k    95.76     3.44k    83.43%
  Latency Distribution (HdrHistogram - Recorded Latency)
 50.000%    1.49ms
 75.000%    1.84ms
 90.000%    2.27ms
 99.000%    2.75ms
 99.900%    7.31ms
 99.990%   20.27ms
 99.999%   28.08ms
100.000%   28.85ms

  Detailed Percentile spectrum:
       Value   Percentile   TotalCount 1/(1-Percentile)

       0.636     0.000000            1         1.00
       0.944     0.100000        44020         1.11
       1.093     0.200000        87923         1.25
       1.230     0.300000       131904         1.43
       1.360     0.400000       176024         1.67
       1.487     0.500000       219989         2.00
       1.551     0.550000       241981         2.22
       1.616     0.600000       263951         2.50
       1.683     0.650000       285709         2.86
       1.755     0.700000       307615         3.33
       1.840     0.750000       329544         4.00
       1.891     0.775000       340645         4.44
       1.950     0.800000       351548         5.00
       2.018     0.825000       362559         5.71
       2.097     0.850000       373553         6.67
       2.181     0.875000       384528         8.00
       2.225     0.887500       389945         8.89
       2.271     0.900000       395460        10.00
       2.317     0.912500       400946        11.43
       2.365     0.925000       406454        13.33
       2.413     0.937500       411971        16.00
       2.437     0.943750       414673        17.78
       2.463     0.950000       417410        20.00
       2.491     0.956250       420211        22.86
       2.521     0.962500       422905        26.67
       2.557     0.968750       425783        32.00
       2.575     0.971875       427056        35.56
       2.595     0.975000       428426        40.00
       2.619     0.978125       429827        45.71
       2.645     0.981250       431157        53.33
       2.675     0.984375       432523        64.00
       2.693     0.985938       433201        71.11
       2.713     0.987500       433871        80.00
       2.735     0.989062       434560        91.43
       2.761     0.990625       435243       106.67
       2.791     0.992188       435941       128.00
       2.811     0.992969       436303       142.22
       2.831     0.993750       436637       160.00
       2.855     0.994531       436964       182.86
       2.889     0.995313       437318       213.33
       2.933     0.996094       437644       256.00
       2.969     0.996484       437824       284.44
       3.023     0.996875       437992       320.00
       3.125     0.997266       438158       365.71
       3.281     0.997656       438330       426.67
       3.513     0.998047       438502       512.00
       3.663     0.998242       438588       568.89
       3.919     0.998437       438673       640.00
       4.207     0.998633       438759       731.43
       5.123     0.998828       438845       853.33
       7.663     0.999023       438930      1024.00
       9.271     0.999121       438973      1137.78
      10.351     0.999219       439016      1280.00
      11.487     0.999316       439059      1462.86
      12.567     0.999414       439102      1706.67
      13.687     0.999512       439146      2048.00
      14.143     0.999561       439166      2275.56
      14.623     0.999609       439188      2560.00
      15.159     0.999658       439209      2925.71
      15.655     0.999707       439231      3413.33
      16.479     0.999756       439252      4096.00
      16.895     0.999780       439263      4551.11
      17.631     0.999805       439274      5120.00
      18.111     0.999829       439284      5851.43
      18.879     0.999854       439295      6826.67
      19.903     0.999878       439306      8192.00
      20.127     0.999890       439311      9102.22
      20.543     0.999902       439318     10240.00
      21.055     0.999915       439322     11702.86
      21.679     0.999927       439327     13653.33
      22.623     0.999939       439333     16384.00
      23.407     0.999945       439335     18204.44
      24.303     0.999951       439338     20480.00
      24.991     0.999957       439341     23405.71
      25.247     0.999963       439343     27306.67
      25.551     0.999969       439346     32768.00
      25.615     0.999973       439347     36408.89
      25.999     0.999976       439349     40960.00
      26.495     0.999979       439350     46811.43
      26.863     0.999982       439351     54613.33
      27.295     0.999985       439353     65536.00
      27.295     0.999986       439353     72817.78
      27.471     0.999988       439354     81920.00
      28.079     0.999989       439355     93622.86
      28.079     0.999991       439355    109226.67
      28.143     0.999992       439356    131072.00
      28.143     0.999993       439356    145635.56
      28.255     0.999994       439357    163840.00
      28.255     0.999995       439357    187245.71
      28.255     0.999995       439357    218453.33
      28.591     0.999996       439358    262144.00
      28.591     0.999997       439358    291271.11
      28.591     0.999997       439358    327680.00
      28.591     0.999997       439358    374491.43
      28.591     0.999998       439358    436906.67
      28.847     0.999998       439359    524288.00
      28.847     1.000000       439359          inf
#[Mean    =        1.556, StdDeviation   =        0.651]
#[Max     =       28.832, Total count    =       439359]
#[Buckets =           27, SubBuckets     =         2048]
----------------------------------------------------------
  479749 requests in 2.00m, 4.12GB read
Requests/sec:   3997.88
Transfer/sec:     35.15MB
