Running 2m test @ http://localhost:9000/api/v1/user?id=1
  4 threads and 128 connections
  Thread calibration: mean lat.: 0.831ms, rate sampling interval: 10ms
  Thread calibration: mean lat.: 0.846ms, rate sampling interval: 10ms
  Thread calibration: mean lat.: 0.839ms, rate sampling interval: 10ms
  Thread calibration: mean lat.: 0.834ms, rate sampling interval: 10ms
  Thread Stats   Avg      Stdev     Max   +/- Stdev
    Latency   845.28us  435.98us   5.32ms   66.69%
    Req/Sec     2.63k   184.59     3.44k    66.07%
  Latency Distribution (HdrHistogram - Recorded Latency)
 50.000%  844.00us
 75.000%    1.14ms
 90.000%    1.42ms
 99.000%    1.89ms
 99.900%    2.03ms
 99.990%    2.16ms
 99.999%    3.33ms
100.000%    5.32ms

  Detailed Percentile spectrum:
       Value   Percentile   TotalCount 1/(1-Percentile)

       0.071     0.000000            1         1.00
       0.263     0.100000       110376         1.11
       0.416     0.200000       219764         1.25
       0.566     0.300000       329676         1.43
       0.713     0.400000       439889         1.67
       0.844     0.500000       549231         2.00
       0.904     0.550000       604899         2.22
       0.963     0.600000       659374         2.50
       1.022     0.650000       713978         2.86
       1.082     0.700000       769440         3.33
       1.141     0.750000       824428         4.00
       1.171     0.775000       851446         4.44
       1.201     0.800000       879197         5.00
       1.230     0.825000       906892         5.71
       1.261     0.850000       933652         6.67
       1.317     0.875000       961235         8.00
       1.366     0.887500       974981         8.89
       1.424     0.900000       988721        10.00
       1.481     0.912500      1002344        11.43
       1.536     0.925000      1016029        13.33
       1.597     0.937500      1029939        16.00
       1.629     0.943750      1036683        17.78
       1.662     0.950000      1043645        20.00
       1.692     0.956250      1050500        22.86
       1.722     0.962500      1057330        26.67
       1.752     0.968750      1064169        32.00
       1.769     0.971875      1067694        35.56
       1.787     0.975000      1071085        40.00
       1.806     0.978125      1074417        45.71
       1.827     0.981250      1077887        53.33
       1.848     0.984375      1081267        64.00
       1.859     0.985938      1083005        71.11
       1.871     0.987500      1084729        80.00
       1.885     0.989062      1086508        91.43
       1.900     0.990625      1088225       106.67
       1.915     0.992188      1089861       128.00
       1.923     0.992969      1090750       142.22
       1.931     0.993750      1091553       160.00
       1.940     0.994531      1092409       182.86
       1.950     0.995313      1093268       213.33
       1.962     0.996094      1094150       256.00
       1.968     0.996484      1094552       284.44
       1.975     0.996875      1095020       320.00
       1.982     0.997266      1095430       365.71
       1.991     0.997656      1095855       426.67
       2.001     0.998047      1096274       512.00
       2.007     0.998242      1096505       568.89
       2.012     0.998437      1096697       640.00
       2.019     0.998633      1096903       731.43
       2.027     0.998828      1097129       853.33
       2.035     0.999023      1097353      1024.00
       2.039     0.999121      1097435      1137.78
       2.044     0.999219      1097543      1280.00
       2.051     0.999316      1097665      1462.86
       2.057     0.999414      1097759      1706.67
       2.065     0.999512      1097859      2048.00
       2.071     0.999561      1097918      2275.56
       2.079     0.999609      1097975      2560.00
       2.087     0.999658      1098034      2925.71
       2.095     0.999707      1098080      3413.33
       2.103     0.999756      1098127      4096.00
       2.111     0.999780      1098155      4551.11
       2.117     0.999805      1098181      5120.00
       2.125     0.999829      1098209      5851.43
       2.133     0.999854      1098238      6826.67
       2.151     0.999878      1098260      8192.00
       2.157     0.999890      1098275      9102.22
       2.165     0.999902      1098287     10240.00
       2.183     0.999915      1098301     11702.86
       2.203     0.999927      1098315     13653.33
       2.253     0.999939      1098327     16384.00
       2.329     0.999945      1098334     18204.44
       2.399     0.999951      1098341     20480.00
       2.455     0.999957      1098348     23405.71
       2.491     0.999963      1098354     27306.67
       2.629     0.999969      1098361     32768.00
       2.693     0.999973      1098364     36408.89
       2.789     0.999976      1098368     40960.00
       2.827     0.999979      1098371     46811.43
       2.905     0.999982      1098374     54613.33
       3.067     0.999985      1098378     65536.00
       3.105     0.999986      1098379     72817.78
       3.145     0.999988      1098381     81920.00
       3.333     0.999989      1098383     93622.86
       3.367     0.999991      1098384    109226.67
       3.519     0.999992      1098386    131072.00
       3.621     0.999993      1098387    145635.56
       3.651     0.999994      1098388    163840.00
       3.845     0.999995      1098389    187245.71
       3.845     0.999995      1098389    218453.33
       3.951     0.999996      1098390    262144.00
       4.207     0.999997      1098391    291271.11
       4.207     0.999997      1098391    327680.00
       4.647     0.999997      1098392    374491.43
       4.647     0.999998      1098392    436906.67
       4.647     0.999998      1098392    524288.00
       4.671     0.999998      1098393    582542.22
       4.671     0.999998      1098393    655360.00
       4.671     0.999999      1098393    748982.86
       4.671     0.999999      1098393    873813.33
       4.671     0.999999      1098393   1048576.00
       5.323     0.999999      1098394   1165084.44
       5.323     1.000000      1098394          inf
#[Mean    =        0.845, StdDeviation   =        0.436]
#[Max     =        5.320, Total count    =      1098394]
#[Buckets =           27, SubBuckets     =         2048]
----------------------------------------------------------
  1199277 requests in 2.00m, 142.96MB read
Requests/sec:   9993.94
Transfer/sec:      1.19MB
