Running 2m test @ http://localhost:9000/api/v1/user?id=1
  4 threads and 128 connections
  Thread calibration: mean lat.: 0.879ms, rate sampling interval: 10ms
  Thread calibration: mean lat.: 0.876ms, rate sampling interval: 10ms
  Thread calibration: mean lat.: 0.878ms, rate sampling interval: 10ms
  Thread calibration: mean lat.: 0.879ms, rate sampling interval: 10ms
  Thread Stats   Avg      Stdev     Max   +/- Stdev
    Latency     0.88ms  440.97us  19.07ms   67.25%
    Req/Sec     1.54k   128.83     4.10k    61.47%
  Latency Distribution (HdrHistogram - Recorded Latency)
 50.000%    0.88ms
 75.000%    1.17ms
 90.000%    1.47ms
 99.000%    1.79ms
 99.900%    1.95ms
 99.990%    8.03ms
 99.999%   17.85ms
100.000%   19.09ms

  Detailed Percentile spectrum:
       Value   Percentile   TotalCount 1/(1-Percentile)

       0.070     0.000000            1         1.00
       0.296     0.100000        65921         1.11
       0.495     0.200000       132116         1.25
       0.645     0.300000       197801         1.43
       0.769     0.400000       263740         1.67
       0.882     0.500000       329622         2.00
       0.938     0.550000       362643         2.22
       0.996     0.600000       395852         2.50
       1.049     0.650000       428597         2.86
       1.107     0.700000       461650         3.33
       1.166     0.750000       494667         4.00
       1.196     0.775000       510846         4.44
       1.228     0.800000       527296         5.00
       1.280     0.825000       543878         5.71
       1.341     0.850000       560181         6.67
       1.406     0.875000       576854         8.00
       1.436     0.887500       584990         8.89
       1.465     0.900000       593165        10.00
       1.495     0.912500       601378        11.43
       1.529     0.925000       609778        13.33
       1.568     0.937500       617892        16.00
       1.590     0.943750       622110        17.78
       1.611     0.950000       626282        20.00
       1.631     0.956250       630254        22.86
       1.654     0.962500       634437        26.67
       1.678     0.968750       638582        32.00
       1.690     0.971875       640591        35.56
       1.703     0.975000       642614        40.00
       1.718     0.978125       644672        45.71
       1.735     0.981250       646710        53.33
       1.754     0.984375       648861        64.00
       1.763     0.985938       649884        71.11
       1.773     0.987500       650880        80.00
       1.784     0.989062       651897        91.43
       1.796     0.990625       652930       106.67
       1.810     0.992188       653916       128.00
       1.818     0.992969       654419       142.22
       1.827     0.993750       654981       160.00
       1.835     0.994531       655453       182.86
       1.845     0.995313       655985       213.33
       1.856     0.996094       656507       256.00
       1.862     0.996484       656747       284.44
       1.869     0.996875       656979       320.00
       1.879     0.997266       657254       365.71
       1.890     0.997656       657503       426.67
       1.904     0.998047       657767       512.00
       1.910     0.998242       657881       568.89
       1.918     0.998437       658013       640.00
       1.927     0.998633       658145       731.43
       1.938     0.998828       658264       853.33
       1.953     0.999023       658402      1024.00
       1.961     0.999121       658460      1137.78
       1.971     0.999219       658522      1280.00
       1.982     0.999316       658586      1462.86
       1.997     0.999414       658654      1706.67
       2.015     0.999512       658718      2048.00
       2.024     0.999561       658749      2275.56
       2.040     0.999609       658780      2560.00
       2.059     0.999658       658811      2925.71
       2.095     0.999707       658844      3413.33
       2.287     0.999756       658876      4096.00
       2.443     0.999780       658892      4551.11
       2.657     0.999805       658908      5120.00
       3.049     0.999829       658924      5851.43
       3.773     0.999854       658940      6826.67
       5.671     0.999878       658956      8192.00
       7.319     0.999890       658964      9102.22
       8.527     0.999902       658972     10240.00
       9.583     0.999915       658980     11702.86
      11.759     0.999927       658988     13653.33
      12.535     0.999939       658996     16384.00
      13.495     0.999945       659000     18204.44
      14.575     0.999951       659004     20480.00
      14.799     0.999957       659008     23405.71
      15.455     0.999963       659012     27306.67
      15.879     0.999969       659016     32768.00
      16.343     0.999973       659018     36408.89
      16.959     0.999976       659020     40960.00
      17.087     0.999979       659022     46811.43
      17.439     0.999982       659024     54613.33
      17.567     0.999985       659026     65536.00
      17.647     0.999986       659027     72817.78
      17.759     0.999988       659028     81920.00
      17.855     0.999989       659029     93622.86
      17.903     0.999991       659030    109226.67
      18.175     0.999992       659032    131072.00
      18.175     0.999993       659032    145635.56
      18.175     0.999994       659032    163840.00
      18.415     0.999995       659033    187245.71
      18.415     0.999995       659033    218453.33
      18.607     0.999996       659034    262144.00
      18.607     0.999997       659034    291271.11
      18.607     0.999997       659034    327680.00
      18.911     0.999997       659035    374491.43
      18.911     0.999998       659035    436906.67
      18.911     0.999998       659035    524288.00
      18.911     0.999998       659035    582542.22
      18.911     0.999998       659035    655360.00
      19.087     0.999999       659036    748982.86
      19.087     1.000000       659036          inf
#[Mean    =        0.884, StdDeviation   =        0.441]
#[Max     =       19.072, Total count    =       659036]
#[Buckets =           27, SubBuckets     =         2048]
----------------------------------------------------------
  719591 requests in 2.00m, 85.78MB read
Requests/sec:   5996.55
Transfer/sec:    732.00KB
