Running 2m test @ http://localhost:9003/api/v1/user?id=1
  4 threads and 128 connections
  Thread calibration: mean lat.: 0.972ms, rate sampling interval: 10ms
  Thread calibration: mean lat.: 0.975ms, rate sampling interval: 10ms
  Thread calibration: mean lat.: 0.963ms, rate sampling interval: 10ms
  Thread calibration: mean lat.: 0.966ms, rate sampling interval: 10ms
  Thread Stats   Avg      Stdev     Max   +/- Stdev
    Latency     0.96ms  653.32us  35.26ms   88.73%
    Req/Sec     3.14k   232.50    13.56k    82.85%
  Latency Distribution (HdrHistogram - Recorded Latency)
 50.000%    0.93ms
 75.000%    1.26ms
 90.000%    1.49ms
 99.000%    1.96ms
 99.900%    8.57ms
 99.990%   25.66ms
 99.999%   33.92ms
100.000%   35.29ms

  Detailed Percentile spectrum:
       Value   Percentile   TotalCount 1/(1-Percentile)

       0.116     0.000000            1         1.00
       0.383     0.100000       132100         1.11
       0.535     0.200000       263687         1.25
       0.674     0.300000       396099         1.43
       0.806     0.400000       527591         1.67
       0.934     0.500000       659434         2.00
       0.999     0.550000       725839         2.22
       1.063     0.600000       790856         2.50
       1.128     0.650000       857528         2.86
       1.192     0.700000       922777         3.33
       1.259     0.750000       989002         4.00
       1.293     0.775000      1022293         4.44
       1.327     0.800000      1054578         5.00
       1.362     0.825000      1087842         5.71
       1.398     0.850000      1120419         6.67
       1.440     0.875000      1154016         8.00
       1.463     0.887500      1170003         8.89
       1.489     0.900000      1186472        10.00
       1.519     0.912500      1203298        11.43
       1.552     0.925000      1219469        13.33
       1.591     0.937500      1235961        16.00
       1.613     0.943750      1244081        17.78
       1.637     0.950000      1252180        20.00
       1.665     0.956250      1260637        22.86
       1.696     0.962500      1268653        26.67
       1.733     0.968750      1277025        32.00
       1.754     0.971875      1281059        35.56
       1.778     0.975000      1285269        40.00
       1.803     0.978125      1289247        45.71
       1.834     0.981250      1293489        53.33
       1.869     0.984375      1297591        64.00
       1.889     0.985938      1299608        71.11
       1.912     0.987500      1301672        80.00
       1.939     0.989062      1303731        91.43
       1.969     0.990625      1305755       106.67
       2.008     0.992188      1307792       128.00
       2.033     0.992969      1308827       142.22
       2.061     0.993750      1309896       160.00
       2.093     0.994531      1310884       182.86
       2.135     0.995313      1311910       213.33
       2.203     0.996094      1312932       256.00
       2.267     0.996484      1313457       284.44
       2.489     0.996875      1313960       320.00
       3.419     0.997266      1314474       365.71
       4.419     0.997656      1314990       426.67
       5.671     0.998047      1315504       512.00
       6.247     0.998242      1315762       568.89
       6.803     0.998437      1316020       640.00
       7.359     0.998633      1316278       731.43
       7.927     0.998828      1316534       853.33
       8.647     0.999023      1316791      1024.00
       9.047     0.999121      1316920      1137.78
       9.439     0.999219      1317049      1280.00
       9.943     0.999316      1317177      1462.86
      10.447     0.999414      1317310      1706.67
      10.975     0.999512      1317435      2048.00
      11.359     0.999561      1317500      2275.56
      11.767     0.999609      1317565      2560.00
      12.271     0.999658      1317628      2925.71
      12.919     0.999707      1317692      3413.33
      13.855     0.999756      1317757      4096.00
      15.079     0.999780      1317789      4551.11
      17.087     0.999805      1317821      5120.00
      19.359     0.999829      1317853      5851.43
      21.711     0.999854      1317885      6826.67
      23.839     0.999878      1317918      8192.00
      25.103     0.999890      1317934      9102.22
      25.935     0.999902      1317950     10240.00
      26.591     0.999915      1317966     11702.86
      28.159     0.999927      1317982     13653.33
      29.263     0.999939      1317998     16384.00
      29.647     0.999945      1318006     18204.44
      30.351     0.999951      1318014     20480.00
      30.847     0.999957      1318022     23405.71
      31.119     0.999963      1318031     27306.67
      31.727     0.999969      1318038     32768.00
      32.031     0.999973      1318042     36408.89
      32.143     0.999976      1318046     40960.00
      32.543     0.999979      1318050     46811.43
      32.895     0.999982      1318055     54613.33
      33.183     0.999985      1318058     65536.00
      33.311     0.999986      1318060     72817.78
      33.599     0.999988      1318062     81920.00
      33.727     0.999989      1318064     93622.86
      33.951     0.999991      1318066    109226.67
      34.207     0.999992      1318068    131072.00
      34.303     0.999993      1318071    145635.56
      34.303     0.999994      1318071    163840.00
      34.303     0.999995      1318071    187245.71
      34.463     0.999995      1318072    218453.33
      34.591     0.999996      1318073    262144.00
      34.751     0.999997      1318074    291271.11
      34.751     0.999997      1318074    327680.00
      34.911     0.999997      1318075    374491.43
      34.911     0.999998      1318075    436906.67
      35.071     0.999998      1318076    524288.00
      35.071     0.999998      1318076    582542.22
      35.071     0.999998      1318076    655360.00
      35.135     0.999999      1318077    748982.86
      35.135     0.999999      1318077    873813.33
      35.135     0.999999      1318077   1048576.00
      35.135     0.999999      1318077   1165084.44
      35.135     0.999999      1318077   1310720.00
      35.295     0.999999      1318078   1497965.71
      35.295     1.000000      1318078          inf
#[Mean    =        0.963, StdDeviation   =        0.653]
#[Max     =       35.264, Total count    =      1318078]
#[Buckets =           27, SubBuckets     =         2048]
----------------------------------------------------------
  1439121 requests in 2.00m, 157.83MB read
Requests/sec:  11992.62
Transfer/sec:      1.32MB
