Running 2m test @ http://localhost:9008/api/v1/user?id=1
  4 threads and 128 connections
  Thread calibration: mean lat.: 0.925ms, rate sampling interval: 10ms
  Thread calibration: mean lat.: 0.986ms, rate sampling interval: 10ms
  Thread calibration: mean lat.: 0.904ms, rate sampling interval: 10ms
  Thread calibration: mean lat.: 0.942ms, rate sampling interval: 10ms
  Thread Stats   Avg      Stdev     Max   +/- Stdev
    Latency     0.94ms  414.63us   6.78ms   63.71%
    Req/Sec     2.09k   130.90     2.80k    77.44%
  Latency Distribution (HdrHistogram - Recorded Latency)
 50.000%    0.93ms
 75.000%    1.24ms
 90.000%    1.47ms
 99.000%    1.94ms
 99.900%    2.24ms
 99.990%    3.32ms
 99.999%    5.35ms
100.000%    6.79ms

  Detailed Percentile spectrum:
       Value   Percentile   TotalCount 1/(1-Percentile)

       0.150     0.000000            3         1.00
       0.390     0.100000        88084         1.11
       0.534     0.200000       176028         1.25
       0.670     0.300000       263862         1.43
       0.801     0.400000       351685         1.67
       0.927     0.500000       439404         2.00
       0.990     0.550000       483788         2.22
       1.052     0.600000       527330         2.50
       1.114     0.650000       571240         2.86
       1.178     0.700000       615605         3.33
       1.241     0.750000       659061         4.00
       1.275     0.775000       681084         4.44
       1.311     0.800000       703450         5.00
       1.348     0.825000       725077         5.71
       1.387     0.850000       746936         6.67
       1.426     0.875000       769247         8.00
       1.446     0.887500       780115         8.89
       1.469     0.900000       791181        10.00
       1.495     0.912500       802082        11.43
       1.527     0.925000       812930        13.33
       1.567     0.937500       823994        16.00
       1.591     0.943750       829464        17.78
       1.618     0.950000       834881        20.00
       1.649     0.956250       840412        22.86
       1.685     0.962500       845811        26.67
       1.727     0.968750       851343        32.00
       1.750     0.971875       854041        35.56
       1.776     0.975000       856789        40.00
       1.803     0.978125       859541        45.71
       1.834     0.981250       862296        53.33
       1.867     0.984375       865007        64.00
       1.885     0.985938       866389        71.11
       1.905     0.987500       867804        80.00
       1.926     0.989062       869154        91.43
       1.949     0.990625       870498       106.67
       1.975     0.992188       871895       128.00
       1.990     0.992969       872575       142.22
       2.006     0.993750       873250       160.00
       2.024     0.994531       873933       182.86
       2.044     0.995313       874600       213.33
       2.069     0.996094       875287       256.00
       2.083     0.996484       875627       284.44
       2.101     0.996875       876003       320.00
       2.117     0.997266       876316       365.71
       2.137     0.997656       876679       426.67
       2.159     0.998047       876999       512.00
       2.173     0.998242       877182       568.89
       2.187     0.998437       877348       640.00
       2.205     0.998633       877533       731.43
       2.221     0.998828       877696       853.33
       2.241     0.999023       877870      1024.00
       2.251     0.999121       877948      1137.78
       2.269     0.999219       878033      1280.00
       2.285     0.999316       878119      1462.86
       2.313     0.999414       878205      1706.67
       2.343     0.999512       878286      2048.00
       2.377     0.999561       878332      2275.56
       2.419     0.999609       878372      2560.00
       2.503     0.999658       878415      2925.71
       2.603     0.999707       878458      3413.33
       2.737     0.999756       878501      4096.00
       2.809     0.999780       878522      4551.11
       2.891     0.999805       878544      5120.00
       2.967     0.999829       878566      5851.43
       3.071     0.999854       878588      6826.67
       3.183     0.999878       878608      8192.00
       3.253     0.999890       878619      9102.22
       3.369     0.999902       878630     10240.00
       3.435     0.999915       878641     11702.86
       3.571     0.999927       878651     13653.33
       3.769     0.999939       878662     16384.00
       3.815     0.999945       878668     18204.44
       3.939     0.999951       878673     20480.00
       4.065     0.999957       878678     23405.71
       4.235     0.999963       878683     27306.67
       4.379     0.999969       878689     32768.00
       4.547     0.999973       878691     36408.89
       4.643     0.999976       878694     40960.00
       4.775     0.999979       878697     46811.43
       4.823     0.999982       878699     54613.33
       5.047     0.999985       878702     65536.00
       5.235     0.999986       878703     72817.78
       5.331     0.999988       878705     81920.00
       5.347     0.999989       878706     93622.86
       5.431     0.999991       878707    109226.67
       5.615     0.999992       878709    131072.00
       5.615     0.999993       878709    145635.56
       5.819     0.999994       878710    163840.00
       5.875     0.999995       878711    187245.71
       5.875     0.999995       878711    218453.33
       5.959     0.999996       878712    262144.00
       5.959     0.999997       878712    291271.11
       6.111     0.999997       878713    327680.00
       6.111     0.999997       878713    374491.43
       6.111     0.999998       878713    436906.67
       6.119     0.999998       878714    524288.00
       6.119     0.999998       878714    582542.22
       6.119     0.999998       878714    655360.00
       6.119     0.999999       878714    748982.86
       6.119     0.999999       878714    873813.33
       6.787     0.999999       878715   1048576.00
       6.787     1.000000       878715          inf
#[Mean    =        0.938, StdDeviation   =        0.415]
#[Max     =        6.784, Total count    =       878715]
#[Buckets =           27, SubBuckets     =         2048]
----------------------------------------------------------
  959433 requests in 2.00m, 297.54MB read
Requests/sec:   7995.22
Transfer/sec:      2.48MB
