Running 2m test @ http://localhost:9006/api/v1/user?id=1
  4 threads and 128 connections
  Thread calibration: mean lat.: 1.856ms, rate sampling interval: 10ms
  Thread calibration: mean lat.: 1.827ms, rate sampling interval: 10ms
  Thread calibration: mean lat.: 1.843ms, rate sampling interval: 10ms
  Thread calibration: mean lat.: 1.783ms, rate sampling interval: 10ms
  Thread Stats   Avg      Stdev     Max   +/- Stdev
    Latency     1.42ms  653.26us  10.38ms   69.03%
    Req/Sec    10.54k   700.82    13.89k    73.20%
  Latency Distribution (HdrHistogram - Recorded Latency)
 50.000%    1.34ms
 75.000%    1.81ms
 90.000%    2.31ms
 99.000%    3.24ms
 99.900%    4.19ms
 99.990%    5.59ms
 99.999%    7.29ms
100.000%   10.39ms

  Detailed Percentile spectrum:
       Value   Percentile   TotalCount 1/(1-Percentile)

       0.103     0.000000            1         1.00
       0.651     0.100000       439506         1.11
       0.852     0.200000       880241         1.25
       1.018     0.300000      1320620         1.43
       1.176     0.400000      1758933         1.67
       1.336     0.500000      2197010         2.00
       1.420     0.550000      2416657         2.22
       1.508     0.600000      2638114         2.50
       1.599     0.650000      2856994         2.86
       1.699     0.700000      3077359         3.33
       1.808     0.750000      3295161         4.00
       1.871     0.775000      3406549         4.44
       1.937     0.800000      3515607         5.00
       2.012     0.825000      3625784         5.71
       2.097     0.850000      3736702         6.67
       2.193     0.875000      3846301         8.00
       2.247     0.887500      3900377         8.89
       2.305     0.900000      3954721        10.00
       2.371     0.912500      4010560        11.43
       2.443     0.925000      4064489        13.33
       2.527     0.937500      4120016        16.00
       2.573     0.943750      4147019        17.78
       2.625     0.950000      4174522        20.00
       2.681     0.956250      4201360        22.86
       2.743     0.962500      4228907        26.67
       2.817     0.968750      4256722        32.00
       2.859     0.971875      4270352        35.56
       2.903     0.975000      4283834        40.00
       2.953     0.978125      4297583        45.71
       3.013     0.981250      4311518        53.33
       3.079     0.984375      4325266        64.00
       3.115     0.985938      4331991        71.11
       3.157     0.987500      4338930        80.00
       3.205     0.989062      4345720        91.43
       3.261     0.990625      4352464       106.67
       3.329     0.992188      4359297       128.00
       3.369     0.992969      4362759       142.22
       3.415     0.993750      4366218       160.00
       3.465     0.994531      4369579       182.86
       3.523     0.995313      4373006       213.33
       3.595     0.996094      4376429       256.00
       3.637     0.996484      4378166       284.44
       3.681     0.996875      4379823       320.00
       3.735     0.997266      4381556       365.71
       3.797     0.997656      4383282       426.67
       3.875     0.998047      4384996       512.00
       3.917     0.998242      4385830       568.89
       3.969     0.998437      4386694       640.00
       4.033     0.998633      4387547       731.43
       4.107     0.998828      4388432       853.33
       4.199     0.999023      4389275      1024.00
       4.255     0.999121      4389701      1137.78
       4.315     0.999219      4390120      1280.00
       4.391     0.999316      4390544      1462.86
       4.487     0.999414      4390983      1706.67
       4.595     0.999512      4391411      2048.00
       4.663     0.999561      4391620      2275.56
       4.735     0.999609      4391832      2560.00
       4.815     0.999658      4392052      2925.71
       4.899     0.999707      4392263      3413.33
       5.011     0.999756      4392481      4096.00
       5.079     0.999780      4392587      4551.11
       5.155     0.999805      4392689      5120.00
       5.251     0.999829      4392796      5851.43
       5.355     0.999854      4392903      6826.67
       5.467     0.999878      4393010      8192.00
       5.535     0.999890      4393065      9102.22
       5.623     0.999902      4393119     10240.00
       5.723     0.999915      4393173     11702.86
       5.827     0.999927      4393228     13653.33
       5.947     0.999939      4393280     16384.00
       6.023     0.999945      4393306     18204.44
       6.111     0.999951      4393332     20480.00
       6.203     0.999957      4393360     23405.71
       6.307     0.999963      4393386     27306.67
       6.419     0.999969      4393412     32768.00
       6.507     0.999973      4393426     36408.89
       6.583     0.999976      4393439     40960.00
       6.719     0.999979      4393453     46811.43
       6.787     0.999982      4393467     54613.33
       6.927     0.999985      4393480     65536.00
       6.991     0.999986      4393486     72817.78
       7.115     0.999988      4393493     81920.00
       7.271     0.999989      4393500     93622.86
       7.347     0.999991      4393506    109226.67
       7.503     0.999992      4393513    131072.00
       7.699     0.999993      4393516    145635.56
       7.863     0.999994      4393520    163840.00
       7.915     0.999995      4393523    187245.71
       8.011     0.999995      4393526    218453.33
       8.159     0.999996      4393530    262144.00
       8.247     0.999997      4393531    291271.11
       8.327     0.999997      4393533    327680.00
       8.399     0.999997      4393535    374491.43
       8.463     0.999998      4393536    436906.67
       8.567     0.999998      4393538    524288.00
       8.815     0.999998      4393539    582542.22
       8.927     0.999998      4393540    655360.00
       8.959     0.999999      4393541    748982.86
       8.959     0.999999      4393541    873813.33
       9.087     0.999999      4393542   1048576.00
       9.783     0.999999      4393543   1165084.44
       9.783     0.999999      4393543   1310720.00
      10.023     0.999999      4393545   1497965.71
      10.023     0.999999      4393545   1747626.67
      10.023     1.000000      4393545   2097152.00
      10.023     1.000000      4393545   2330168.89
      10.023     1.000000      4393545   2621440.00
      10.023     1.000000      4393545   2995931.43
      10.023     1.000000      4393545   3495253.33
      10.023     1.000000      4393545   4194304.00
      10.391     1.000000      4393546   4660337.78
      10.391     1.000000      4393546          inf
#[Mean    =        1.421, StdDeviation   =        0.653]
#[Max     =       10.384, Total count    =      4393546]
#[Buckets =           27, SubBuckets     =         2048]
----------------------------------------------------------
  4796863 requests in 2.00m, 571.83MB read
Requests/sec:  39973.94
Transfer/sec:      4.77MB
