Running 2m test @ http://localhost:9003/api/v1/users
  4 threads and 128 connections
  Thread calibration: mean lat.: 1.347ms, rate sampling interval: 10ms
  Thread calibration: mean lat.: 1.341ms, rate sampling interval: 10ms
  Thread calibration: mean lat.: 1.339ms, rate sampling interval: 10ms
  Thread calibration: mean lat.: 1.359ms, rate sampling interval: 10ms
  Thread Stats   Avg      Stdev     Max   +/- Stdev
    Latency     1.36ms  687.32us  31.68ms   87.56%
    Req/Sec     1.06k    89.35     3.89k    89.16%
  Latency Distribution (HdrHistogram - Recorded Latency)
 50.000%    1.30ms
 75.000%    1.64ms
 90.000%    2.00ms
 99.000%    2.44ms
 99.900%    7.43ms
 99.990%   24.53ms
 99.999%   30.78ms
100.000%   31.69ms

  Detailed Percentile spectrum:
       Value   Percentile   TotalCount 1/(1-Percentile)

       0.509     0.000000            1         1.00
       0.778     0.100000        44151         1.11
       0.915     0.200000        88172         1.25
       1.043     0.300000       131824         1.43
       1.172     0.400000       176029         1.67
       1.301     0.500000       219895         2.00
       1.365     0.550000       241914         2.22
       1.430     0.600000       263869         2.50
       1.495     0.650000       285765         2.86
       1.562     0.700000       307659         3.33
       1.636     0.750000       329645         4.00
       1.680     0.775000       340649         4.44
       1.728     0.800000       351485         5.00
       1.784     0.825000       362638         5.71
       1.846     0.850000       373466         6.67
       1.919     0.875000       384483         8.00
       1.959     0.887500       390053         8.89
       2.000     0.900000       395489        10.00
       2.042     0.912500       401011        11.43
       2.083     0.925000       406414        13.33
       2.125     0.937500       411992        16.00
       2.147     0.943750       414813        17.78
       2.169     0.950000       417446        20.00
       2.195     0.956250       420146        22.86
       2.225     0.962500       422998        26.67
       2.257     0.968750       425659        32.00
       2.277     0.971875       427122        35.56
       2.297     0.975000       428461        40.00
       2.319     0.978125       429836        45.71
       2.343     0.981250       431204        53.33
       2.371     0.984375       432537        64.00
       2.385     0.985938       433185        71.11
       2.403     0.987500       433869        80.00
       2.425     0.989062       434594        91.43
       2.447     0.990625       435247       106.67
       2.475     0.992188       435939       128.00
       2.491     0.992969       436274       142.22
       2.511     0.993750       436620       160.00
       2.535     0.994531       436979       182.86
       2.561     0.995313       437315       213.33
       2.599     0.996094       437658       256.00
       2.623     0.996484       437816       284.44
       2.653     0.996875       437987       320.00
       2.711     0.997266       438159       365.71
       2.881     0.997656       438327       426.67
       3.317     0.998047       438498       512.00
       3.525     0.998242       438584       568.89
       3.743     0.998437       438670       640.00
       4.069     0.998633       438756       731.43
       4.891     0.998828       438842       853.33
       7.787     0.999023       438927      1024.00
       9.391     0.999121       438970      1137.78
      10.823     0.999219       439013      1280.00
      12.263     0.999316       439056      1462.86
      13.679     0.999414       439099      1706.67
      15.543     0.999512       439142      2048.00
      16.847     0.999561       439164      2275.56
      18.351     0.999609       439185      2560.00
      19.391     0.999658       439206      2925.71
      20.671     0.999707       439228      3413.33
      21.375     0.999756       439249      4096.00
      22.063     0.999780       439260      4551.11
      22.479     0.999805       439271      5120.00
      23.055     0.999829       439281      5851.43
      23.567     0.999854       439292      6826.67
      23.903     0.999878       439303      8192.00
      24.383     0.999890       439308      9102.22
      24.607     0.999902       439314     10240.00
      25.007     0.999915       439319     11702.86
      25.247     0.999927       439324     13653.33
      25.599     0.999939       439330     16384.00
      25.839     0.999945       439332     18204.44
      26.319     0.999951       439335     20480.00
      26.655     0.999957       439338     23405.71
      26.799     0.999963       439340     27306.67
      27.407     0.999969       439343     32768.00
      27.567     0.999973       439344     36408.89
      28.399     0.999976       439346     40960.00
      28.703     0.999979       439347     46811.43
      28.735     0.999982       439348     54613.33
      29.295     0.999985       439350     65536.00
      29.295     0.999986       439350     72817.78
      29.567     0.999988       439351     81920.00
      30.783     0.999989       439352     93622.86
      30.783     0.999991       439352    109226.67
      30.831     0.999992       439353    131072.00
      30.831     0.999993       439353    145635.56
      30.847     0.999994       439354    163840.00
      30.847     0.999995       439354    187245.71
      30.847     0.999995       439354    218453.33
      31.647     0.999996       439355    262144.00
      31.647     0.999997       439355    291271.11
      31.647     0.999997       439355    327680.00
      31.647     0.999997       439355    374491.43
      31.647     0.999998       439355    436906.67
      31.695     0.999998       439356    524288.00
      31.695     1.000000       439356          inf
#[Mean    =        1.357, StdDeviation   =        0.687]
#[Max     =       31.680, Total count    =       439356]
#[Buckets =           27, SubBuckets     =         2048]
----------------------------------------------------------
  479748 requests in 2.00m, 4.12GB read
Requests/sec:   3997.89
Transfer/sec:     35.15MB
