Running 2m test @ http://localhost:9001/api/v1/users
  4 threads and 128 connections
  Thread calibration: mean lat.: 2.817ms, rate sampling interval: 10ms
  Thread calibration: mean lat.: 2.819ms, rate sampling interval: 10ms
  Thread calibration: mean lat.: 2.808ms, rate sampling interval: 10ms
  Thread calibration: mean lat.: 2.815ms, rate sampling interval: 10ms
  Thread Stats   Avg      Stdev     Max   +/- Stdev
    Latency     2.62ms  822.94us  29.97ms   82.65%
    Req/Sec   789.99    108.18     1.55k    68.99%
  Latency Distribution (HdrHistogram - Recorded Latency)
 50.000%    2.53ms
 75.000%    2.93ms
 90.000%    3.38ms
 99.000%    5.25ms
 99.900%   10.69ms
 99.990%   18.08ms
 99.999%   26.75ms
100.000%   29.98ms

  Detailed Percentile spectrum:
       Value   Percentile   TotalCount 1/(1-Percentile)

       1.022     0.000000            1         1.00
       1.838     0.100000        32985         1.11
       2.061     0.200000        65927         1.25
       2.233     0.300000        98951         1.43
       2.385     0.400000       132080         1.67
       2.527     0.500000       164851         2.00
       2.601     0.550000       181657         2.22
       2.675     0.600000       197872         2.50
       2.755     0.650000       214377         2.86
       2.841     0.700000       230909         3.33
       2.935     0.750000       247244         4.00
       2.989     0.775000       255550         4.44
       3.045     0.800000       263704         5.00
       3.109     0.825000       271937         5.71
       3.185     0.850000       280249         6.67
       3.271     0.875000       288423         8.00
       3.321     0.887500       292559         8.89
       3.379     0.900000       296700        10.00
       3.445     0.912500       300708        11.43
       3.527     0.925000       304897        13.33
       3.627     0.937500       308996        16.00
       3.687     0.943750       310993        17.78
       3.765     0.950000       313055        20.00
       3.855     0.956250       315116        22.86
       3.971     0.962500       317193        26.67
       4.123     0.968750       319245        32.00
       4.215     0.971875       320281        35.56
       4.319     0.975000       321286        40.00
       4.443     0.978125       322322        45.71
       4.587     0.981250       323363        53.33
       4.771     0.984375       324401        64.00
       4.875     0.985938       324918        71.11
       4.995     0.987500       325408        80.00
       5.143     0.989062       325921        91.43
       5.319     0.990625       326440       106.67
       5.555     0.992188       326954       128.00
       5.699     0.992969       327207       142.22
       5.883     0.993750       327471       160.00
       6.095     0.994531       327723       182.86
       6.383     0.995313       327982       213.33
       6.759     0.996094       328237       256.00
       7.003     0.996484       328367       284.44
       7.275     0.996875       328495       320.00
       7.591     0.997266       328622       365.71
       7.995     0.997656       328751       426.67
       8.591     0.998047       328881       512.00
       8.887     0.998242       328944       568.89
       9.199     0.998437       329012       640.00
       9.663     0.998633       329074       731.43
      10.103     0.998828       329137       853.33
      10.759     0.999023       329202      1024.00
      11.239     0.999121       329235      1137.78
      11.535     0.999219       329266      1280.00
      11.999     0.999316       329298      1462.86
      12.503     0.999414       329330      1706.67
      13.015     0.999512       329363      2048.00
      13.543     0.999561       329379      2275.56
      14.071     0.999609       329395      2560.00
      14.367     0.999658       329411      2925.71
      14.687     0.999707       329427      3413.33
      15.119     0.999756       329443      4096.00
      15.535     0.999780       329451      4551.11
      15.831     0.999805       329459      5120.00
      16.359     0.999829       329467      5851.43
      16.831     0.999854       329475      6826.67
      17.487     0.999878       329484      8192.00
      17.759     0.999890       329487      9102.22
      18.415     0.999902       329491     10240.00
      18.687     0.999915       329495     11702.86
      19.359     0.999927       329499     13653.33
      19.775     0.999939       329503     16384.00
      20.127     0.999945       329505     18204.44
      20.239     0.999951       329507     20480.00
      20.783     0.999957       329509     23405.71
      21.871     0.999963       329511     27306.67
      22.575     0.999969       329513     32768.00
      22.799     0.999973       329514     36408.89
      23.103     0.999976       329515     40960.00
      24.111     0.999979       329516     46811.43
      24.783     0.999982       329517     54613.33
      25.471     0.999985       329518     65536.00
      25.823     0.999986       329519     72817.78
      25.823     0.999988       329519     81920.00
      26.751     0.999989       329520     93622.86
      26.751     0.999991       329520    109226.67
      26.783     0.999992       329521    131072.00
      26.783     0.999993       329521    145635.56
      26.783     0.999994       329521    163840.00
      27.167     0.999995       329522    187245.71
      27.167     0.999995       329522    218453.33
      27.167     0.999996       329522    262144.00
      27.167     0.999997       329522    291271.11
      27.167     0.999997       329522    327680.00
      29.983     0.999997       329523    374491.43
      29.983     1.000000       329523          inf
#[Mean    =        2.620, StdDeviation   =        0.823]
#[Max     =       29.968, Total count    =       329523]
#[Buckets =           27, SubBuckets     =         2048]
----------------------------------------------------------
  359826 requests in 2.00m, 3.15GB read
Requests/sec:   2998.53
Transfer/sec:     26.91MB
