Running 2m test @ http://localhost:9008/api/v1/users
  4 threads and 128 connections
  Thread calibration: mean lat.: 1.330ms, rate sampling interval: 10ms
  Thread calibration: mean lat.: 1.333ms, rate sampling interval: 10ms
  Thread calibration: mean lat.: 1.334ms, rate sampling interval: 10ms
  Thread calibration: mean lat.: 1.339ms, rate sampling interval: 10ms
  Thread Stats   Avg      Stdev     Max   +/- Stdev
    Latency     1.35ms  425.70us  21.25ms   69.13%
    Req/Sec   316.17    109.39   666.00     50.70%
  Latency Distribution (HdrHistogram - Recorded Latency)
 50.000%    1.34ms
 75.000%    1.61ms
 90.000%    1.88ms
 99.000%    2.33ms
 99.900%    2.60ms
 99.990%    6.08ms
 99.999%   20.54ms
100.000%   21.26ms

  Detailed Percentile spectrum:
       Value   Percentile   TotalCount 1/(1-Percentile)

       0.539     0.000000            1         1.00
       0.809     0.100000        13190         1.11
       0.969     0.200000        26380         1.25
       1.104     0.300000        39582         1.43
       1.228     0.400000        52784         1.67
       1.343     0.500000        65926         2.00
       1.399     0.550000        72549         2.22
       1.451     0.600000        79131         2.50
       1.503     0.650000        85725         2.86
       1.555     0.700000        92338         3.33
       1.606     0.750000        98881         4.00
       1.634     0.775000       102215         4.44
       1.668     0.800000       105510         5.00
       1.707     0.825000       108734         5.71
       1.755     0.850000       112031         6.67
       1.811     0.875000       115336         8.00
       1.841     0.887500       117002         8.89
       1.875     0.900000       118644        10.00
       1.912     0.912500       120277        11.43
       1.952     0.925000       121909        13.33
       2.000     0.937500       123579        16.00
       2.025     0.943750       124382        17.78
       2.055     0.950000       125224        20.00
       2.085     0.956250       126030        22.86
       2.119     0.962500       126893        26.67
       2.153     0.968750       127681        32.00
       2.173     0.971875       128117        35.56
       2.193     0.975000       128518        40.00
       2.215     0.978125       128923        45.71
       2.239     0.981250       129343        53.33
       2.265     0.984375       129746        64.00
       2.281     0.985938       129945        71.11
       2.297     0.987500       130154        80.00
       2.317     0.989062       130374        91.43
       2.337     0.990625       130560       106.67
       2.361     0.992188       130771       128.00
       2.375     0.992969       130880       142.22
       2.389     0.993750       130983       160.00
       2.403     0.994531       131077       182.86
       2.423     0.995313       131176       213.33
       2.447     0.996094       131279       256.00
       2.459     0.996484       131338       284.44
       2.469     0.996875       131388       320.00
       2.481     0.997266       131435       365.71
       2.501     0.997656       131489       426.67
       2.517     0.998047       131537       512.00
       2.527     0.998242       131564       568.89
       2.547     0.998437       131592       640.00
       2.557     0.998633       131614       731.43
       2.575     0.998828       131639       853.33
       2.601     0.999023       131665      1024.00
       2.613     0.999121       131679      1137.78
       2.639     0.999219       131691      1280.00
       2.679     0.999316       131704      1462.86
       2.723     0.999414       131716      1706.67
       2.797     0.999512       131729      2048.00
       2.861     0.999561       131738      2275.56
       2.929     0.999609       131742      2560.00
       3.033     0.999658       131748      2925.71
       3.211     0.999707       131755      3413.33
       3.449     0.999756       131761      4096.00
       3.617     0.999780       131765      4551.11
       3.987     0.999805       131768      5120.00
       4.135     0.999829       131771      5851.43
       4.239     0.999854       131774      6826.67
       4.899     0.999878       131777      8192.00
       6.031     0.999890       131779      9102.22
       6.111     0.999902       131781     10240.00
       9.743     0.999915       131782     11702.86
      10.623     0.999927       131784     13653.33
      11.407     0.999939       131785     16384.00
      11.431     0.999945       131786     18204.44
      15.327     0.999951       131787     20480.00
      15.823     0.999957       131788     23405.71
      16.559     0.999963       131789     27306.67
      16.559     0.999969       131789     32768.00
      16.607     0.999973       131790     36408.89
      16.607     0.999976       131790     40960.00
      20.527     0.999979       131791     46811.43
      20.527     0.999982       131791     54613.33
      20.527     0.999985       131791     65536.00
      20.543     0.999986       131792     72817.78
      20.543     0.999988       131792     81920.00
      20.543     0.999989       131792     93622.86
      20.543     0.999991       131792    109226.67
      20.543     0.999992       131792    131072.00
      21.263     0.999993       131793    145635.56
      21.263     1.000000       131793          inf
#[Mean    =        1.346, StdDeviation   =        0.426]
#[Max     =       21.248, Total count    =       131793]
#[Buckets =           27, SubBuckets     =         2048]
----------------------------------------------------------
  143961 requests in 2.00m, 1.26GB read
Requests/sec:   1199.67
Transfer/sec:     10.76MB
