Running 2m test @ http://localhost:9000/api/v1/user?id=1
  4 threads and 128 connections
  Thread calibration: mean lat.: 0.757ms, rate sampling interval: 10ms
  Thread calibration: mean lat.: 0.753ms, rate sampling interval: 10ms
  Thread calibration: mean lat.: 0.754ms, rate sampling interval: 10ms
  Thread calibration: mean lat.: 0.757ms, rate sampling interval: 10ms
  Thread Stats   Avg      Stdev     Max   +/- Stdev
    Latency   765.49us  477.33us  21.33ms   77.04%
    Req/Sec     5.38k   306.92    14.11k    83.11%
  Latency Distribution (HdrHistogram - Recorded Latency)
 50.000%  749.00us
 75.000%    1.06ms
 90.000%    1.25ms
 99.000%    1.59ms
 99.900%    3.95ms
 99.990%   15.81ms
 99.999%   18.46ms
100.000%   21.34ms

  Detailed Percentile spectrum:
       Value   Percentile   TotalCount 1/(1-Percentile)

       0.075     0.000000            1         1.00
       0.255     0.100000       221111         1.11
       0.380     0.200000       439457         1.25
       0.507     0.300000       660396         1.43
       0.627     0.400000       879975         1.67
       0.749     0.500000      1099660         2.00
       0.809     0.550000      1209652         2.22
       0.871     0.600000      1318448         2.50
       0.934     0.650000      1428044         2.86
       0.998     0.700000      1538831         3.33
       1.062     0.750000      1648988         4.00
       1.093     0.775000      1703437         4.44
       1.125     0.800000      1757898         5.00
       1.156     0.825000      1812499         5.71
       1.187     0.850000      1867717         6.67
       1.218     0.875000      1922679         8.00
       1.234     0.887500      1950089         8.89
       1.250     0.900000      1977808        10.00
       1.266     0.912500      2005694        11.43
       1.282     0.925000      2032550        13.33
       1.300     0.937500      2060673        16.00
       1.309     0.943750      2073507        17.78
       1.320     0.950000      2087909        20.00
       1.332     0.956250      2101358        22.86
       1.348     0.962500      2115005        26.67
       1.369     0.968750      2128290        32.00
       1.383     0.971875      2135064        35.56
       1.401     0.975000      2142203        40.00
       1.422     0.978125      2148836        45.71
       1.449     0.981250      2155668        53.33
       1.486     0.984375      2162491        64.00
       1.510     0.985938      2166007        71.11
       1.537     0.987500      2169449        80.00
       1.570     0.989062      2172819        91.43
       1.612     0.990625      2176213       106.67
       1.668     0.992188      2179688       128.00
       1.702     0.992969      2181370       142.22
       1.748     0.993750      2183107       160.00
       1.794     0.994531      2184798       182.86
       1.842     0.995313      2186524       213.33
       1.894     0.996094      2188220       256.00
       1.924     0.996484      2189103       284.44
       1.953     0.996875      2189954       320.00
       1.980     0.997266      2190817       365.71
       2.010     0.997656      2191671       426.67
       2.045     0.998047      2192522       512.00
       2.067     0.998242      2192935       568.89
       2.097     0.998437      2193383       640.00
       2.145     0.998633      2193794       731.43
       2.683     0.998828      2194224       853.33
       4.127     0.999023      2194651      1024.00
       4.831     0.999121      2194867      1137.78
       5.623     0.999219      2195080      1280.00
       6.431     0.999316      2195295      1462.86
       7.295     0.999414      2195509      1706.67
       8.471     0.999512      2195725      2048.00
       9.055     0.999561      2195831      2275.56
       9.815     0.999609      2195938      2560.00
      10.535     0.999658      2196048      2925.71
      11.135     0.999707      2196153      3413.33
      11.847     0.999756      2196260      4096.00
      12.287     0.999780      2196314      4551.11
      13.023     0.999805      2196367      5120.00
      13.959     0.999829      2196421      5851.43
      14.695     0.999854      2196475      6826.67
      15.359     0.999878      2196528      8192.00
      15.575     0.999890      2196555      9102.22
      15.855     0.999902      2196582     10240.00
      16.055     0.999915      2196610     11702.86
      16.335     0.999927      2196636     13653.33
      16.623     0.999939      2196663     16384.00
      16.799     0.999945      2196676     18204.44
      17.007     0.999951      2196689     20480.00
      17.151     0.999957      2196704     23405.71
      17.327     0.999963      2196718     27306.67
      17.487     0.999969      2196731     32768.00
      17.567     0.999973      2196737     36408.89
      17.615     0.999976      2196743     40960.00
      17.695     0.999979      2196751     46811.43
      17.839     0.999982      2196756     54613.33
      18.031     0.999985      2196764     65536.00
      18.127     0.999986      2196767     72817.78
      18.239     0.999988      2196770     81920.00
      18.319     0.999989      2196773     93622.86
      18.559     0.999991      2196776    109226.67
      18.671     0.999992      2196780    131072.00
      18.879     0.999993      2196781    145635.56
      18.959     0.999994      2196783    163840.00
      19.023     0.999995      2196785    187245.71
      19.071     0.999995      2196786    218453.33
      19.295     0.999996      2196788    262144.00
      19.359     0.999997      2196789    291271.11
      19.599     0.999997      2196791    327680.00
      19.599     0.999997      2196791    374491.43
      19.599     0.999998      2196791    436906.67
      19.743     0.999998      2196792    524288.00
      19.823     0.999998      2196793    582542.22
      19.823     0.999998      2196793    655360.00
      19.839     0.999999      2196794    748982.86
      19.839     0.999999      2196794    873813.33
      19.839     0.999999      2196794   1048576.00
      20.783     0.999999      2196795   1165084.44
      20.783     0.999999      2196795   1310720.00
      20.783     0.999999      2196795   1497965.71
      20.783     0.999999      2196795   1747626.67
      20.783     1.000000      2196795   2097152.00
      21.343     1.000000      2196796   2330168.89
      21.343     1.000000      2196796          inf
#[Mean    =        0.765, StdDeviation   =        0.477]
#[Max     =       21.328, Total count    =      2196796]
#[Buckets =           27, SubBuckets     =         2048]
----------------------------------------------------------
  2398491 requests in 2.00m, 285.92MB read
Requests/sec:  19987.30
Transfer/sec:      2.38MB
