Running 2m test @ http://localhost:9002/api/v1/user?id=1
  4 threads and 128 connections
  Thread calibration: mean lat.: 1.075ms, rate sampling interval: 10ms
  Thread calibration: mean lat.: 1.070ms, rate sampling interval: 10ms
  Thread calibration: mean lat.: 1.072ms, rate sampling interval: 10ms
  Thread calibration: mean lat.: 1.069ms, rate sampling interval: 10ms
  Thread Stats   Avg      Stdev     Max   +/- Stdev
    Latency     1.08ms  606.50us  21.52ms   80.14%
    Req/Sec     5.26k   385.41    12.78k    84.73%
  Latency Distribution (HdrHistogram - Recorded Latency)
 50.000%    1.04ms
 75.000%    1.40ms
 90.000%    1.67ms
 99.000%    2.18ms
 99.900%    7.64ms
 99.990%   15.39ms
 99.999%   18.58ms
100.000%   21.53ms

  Detailed Percentile spectrum:
       Value   Percentile   TotalCount 1/(1-Percentile)

       0.129     0.000000            1         1.00
       0.462     0.100000       220573         1.11
       0.617     0.200000       439892         1.25
       0.761     0.300000       660117         1.43
       0.903     0.400000       880180         1.67
       1.041     0.500000      1098581         2.00
       1.111     0.550000      1209456         2.22
       1.181     0.600000      1318245         2.50
       1.254     0.650000      1428817         2.86
       1.328     0.700000      1537936         3.33
       1.404     0.750000      1648251         4.00
       1.442     0.775000      1703007         4.44
       1.481     0.800000      1758603         5.00
       1.521     0.825000      1812880         5.71
       1.564     0.850000      1867776         6.67
       1.612     0.875000      1922960         8.00
       1.638     0.887500      1950115         8.89
       1.667     0.900000      1977506        10.00
       1.699     0.912500      2004919        11.43
       1.736     0.925000      2032396        13.33
       1.778     0.937500      2059811        16.00
       1.802     0.943750      2073831        17.78
       1.828     0.950000      2087436        20.00
       1.856     0.956250      2100918        22.86
       1.889     0.962500      2114668        26.67
       1.928     0.968750      2128426        32.00
       1.949     0.971875      2135072        35.56
       1.974     0.975000      2141910        40.00
       2.002     0.978125      2148841        45.71
       2.035     0.981250      2155695        53.33
       2.075     0.984375      2162669        64.00
       2.099     0.985938      2166103        71.11
       2.127     0.987500      2169494        80.00
       2.159     0.989062      2172808        91.43
       2.203     0.990625      2176310       106.67
       2.263     0.992188      2179695       128.00
       2.309     0.992969      2181404       142.22
       2.389     0.993750      2183106       160.00
       2.645     0.994531      2184804       182.86
       3.267     0.995313      2186522       213.33
       3.983     0.996094      2188235       256.00
       4.399     0.996484      2189102       284.44
       4.847     0.996875      2189954       320.00
       5.343     0.997266      2190821       365.71
       5.851     0.997656      2191668       426.67
       6.375     0.998047      2192526       512.00
       6.647     0.998242      2192958       568.89
       6.875     0.998437      2193390       640.00
       7.127     0.998633      2193812       731.43
       7.387     0.998828      2194242       853.33
       7.679     0.999023      2194670      1024.00
       7.859     0.999121      2194887      1137.78
       8.035     0.999219      2195101      1280.00
       8.263     0.999316      2195316      1462.86
       8.495     0.999414      2195528      1706.67
       8.903     0.999512      2195743      2048.00
       9.215     0.999561      2195850      2275.56
       9.671     0.999609      2195960      2560.00
      10.223     0.999658      2196066      2925.71
      10.847     0.999707      2196172      3413.33
      11.463     0.999756      2196280      4096.00
      11.767     0.999780      2196334      4551.11
      12.079     0.999805      2196387      5120.00
      12.599     0.999829      2196440      5851.43
      13.711     0.999854      2196494      6826.67
      14.719     0.999878      2196548      8192.00
      15.063     0.999890      2196574      9102.22
      15.519     0.999902      2196601     10240.00
      15.911     0.999915      2196628     11702.86
      16.231     0.999927      2196656     13653.33
      16.495     0.999939      2196681     16384.00
      16.671     0.999945      2196695     18204.44
      16.799     0.999951      2196708     20480.00
      17.039     0.999957      2196723     23405.71
      17.215     0.999963      2196735     27306.67
      17.343     0.999969      2196748     32768.00
      17.487     0.999973      2196755     36408.89
      17.599     0.999976      2196763     40960.00
      17.695     0.999979      2196769     46811.43
      17.775     0.999982      2196775     54613.33
      18.095     0.999985      2196782     65536.00
      18.207     0.999986      2196785     72817.78
      18.479     0.999988      2196789     81920.00
      18.575     0.999989      2196793     93622.86
      18.607     0.999991      2196795    109226.67
      19.183     0.999992      2196799    131072.00
      19.295     0.999993      2196800    145635.56
      19.551     0.999994      2196802    163840.00
      19.743     0.999995      2196804    187245.71
      19.759     0.999995      2196805    218453.33
      20.015     0.999996      2196807    262144.00
      20.063     0.999997      2196808    291271.11
      20.303     0.999997      2196809    327680.00
      20.559     0.999997      2196810    374491.43
      20.559     0.999998      2196810    436906.67
      21.135     0.999998      2196811    524288.00
      21.151     0.999998      2196812    582542.22
      21.151     0.999998      2196812    655360.00
      21.183     0.999999      2196813    748982.86
      21.183     0.999999      2196813    873813.33
      21.183     0.999999      2196813   1048576.00
      21.391     0.999999      2196814   1165084.44
      21.391     0.999999      2196814   1310720.00
      21.391     0.999999      2196814   1497965.71
      21.391     0.999999      2196814   1747626.67
      21.391     1.000000      2196814   2097152.00
      21.535     1.000000      2196815   2330168.89
      21.535     1.000000      2196815          inf
#[Mean    =        1.081, StdDeviation   =        0.606]
#[Max     =       21.520, Total count    =      2196815]
#[Buckets =           27, SubBuckets     =         2048]
----------------------------------------------------------
  2398495 requests in 2.00m, 263.05MB read
Requests/sec:  19987.33
Transfer/sec:      2.19MB
