Running 2m test @ http://localhost:9000/api/v1/user?id=1
  4 threads and 128 connections
  Thread calibration: mean lat.: 0.861ms, rate sampling interval: 10ms
  Thread calibration: mean lat.: 0.851ms, rate sampling interval: 10ms
  Thread calibration: mean lat.: 0.860ms, rate sampling interval: 10ms
  Thread calibration: mean lat.: 0.862ms, rate sampling interval: 10ms
  Thread Stats   Avg      Stdev     Max   +/- Stdev
    Latency     0.86ms  444.99us   4.38ms   64.16%
    Req/Sec     2.62k   182.52     3.44k    70.73%
  Latency Distribution (HdrHistogram - Recorded Latency)
 50.000%    0.88ms
 75.000%    1.17ms
 90.000%    1.44ms
 99.000%    1.86ms
 99.900%    2.04ms
 99.990%    2.39ms
 99.999%    3.75ms
100.000%    4.39ms

  Detailed Percentile spectrum:
       Value   Percentile   TotalCount 1/(1-Percentile)

       0.068     0.000000            1         1.00
       0.242     0.100000       110119         1.11
       0.395     0.200000       220060         1.25
       0.570     0.300000       329833         1.43
       0.735     0.400000       439658         1.67
       0.876     0.500000       550006         2.00
       0.943     0.550000       604825         2.22
       1.007     0.600000       659305         2.50
       1.067     0.650000       714139         2.86
       1.122     0.700000       769086         3.33
       1.175     0.750000       824553         4.00
       1.199     0.775000       851509         4.44
       1.225     0.800000       879765         5.00
       1.254     0.825000       906799         5.71
       1.300     0.850000       934017         6.67
       1.365     0.875000       961298         8.00
       1.401     0.887500       974926         8.89
       1.437     0.900000       988614        10.00
       1.478     0.912500      1002364        11.43
       1.523     0.925000      1016080        13.33
       1.574     0.937500      1029864        16.00
       1.601     0.943750      1036879        17.78
       1.626     0.950000      1043662        20.00
       1.654     0.956250      1050394        22.86
       1.687     0.962500      1057320        26.67
       1.720     0.968750      1064177        32.00
       1.738     0.971875      1067699        35.56
       1.757     0.975000      1071077        40.00
       1.777     0.978125      1074534        45.71
       1.796     0.981250      1077858        53.33
       1.817     0.984375      1081364        64.00
       1.828     0.985938      1083007        71.11
       1.840     0.987500      1084706        80.00
       1.854     0.989062      1086393        91.43
       1.869     0.990625      1088108       106.67
       1.887     0.992188      1089891       128.00
       1.896     0.992969      1090727       142.22
       1.906     0.993750      1091604       160.00
       1.916     0.994531      1092443       182.86
       1.928     0.995313      1093285       213.33
       1.942     0.996094      1094113       256.00
       1.950     0.996484      1094538       284.44
       1.960     0.996875      1094975       320.00
       1.970     0.997266      1095396       365.71
       1.982     0.997656      1095837       426.67
       1.995     0.998047      1096266       512.00
       2.003     0.998242      1096491       568.89
       2.011     0.998437      1096693       640.00
       2.018     0.998633      1096902       731.43
       2.028     0.998828      1097122       853.33
       2.037     0.999023      1097330      1024.00
       2.042     0.999121      1097437      1137.78
       2.051     0.999219      1097561      1280.00
       2.059     0.999316      1097659      1462.86
       2.071     0.999414      1097766      1706.67
       2.087     0.999512      1097867      2048.00
       2.095     0.999561      1097918      2275.56
       2.105     0.999609      1097972      2560.00
       2.115     0.999658      1098024      2925.71
       2.131     0.999707      1098085      3413.33
       2.147     0.999756      1098132      4096.00
       2.159     0.999780      1098159      4551.11
       2.175     0.999805      1098183      5120.00
       2.197     0.999829      1098210      5851.43
       2.229     0.999854      1098237      6826.67
       2.301     0.999878      1098264      8192.00
       2.349     0.999890      1098277      9102.22
       2.405     0.999902      1098290     10240.00
       2.489     0.999915      1098304     11702.86
       2.543     0.999927      1098317     13653.33
       2.637     0.999939      1098331     16384.00
       2.745     0.999945      1098337     18204.44
       2.881     0.999951      1098344     20480.00
       2.925     0.999957      1098351     23405.71
       3.007     0.999963      1098357     27306.67
       3.091     0.999969      1098364     32768.00
       3.183     0.999973      1098368     36408.89
       3.245     0.999976      1098371     40960.00
       3.299     0.999979      1098374     46811.43
       3.375     0.999982      1098377     54613.33
       3.489     0.999985      1098381     65536.00
       3.523     0.999986      1098382     72817.78
       3.649     0.999988      1098384     81920.00
       3.753     0.999989      1098386     93622.86
       3.777     0.999991      1098387    109226.67
       3.881     0.999992      1098389    131072.00
       3.887     0.999993      1098390    145635.56
       3.893     0.999994      1098391    163840.00
       3.911     0.999995      1098392    187245.71
       3.911     0.999995      1098392    218453.33
       3.923     0.999996      1098393    262144.00
       4.035     0.999997      1098394    291271.11
       4.035     0.999997      1098394    327680.00
       4.143     0.999997      1098395    374491.43
       4.143     0.999998      1098395    436906.67
       4.143     0.999998      1098395    524288.00
       4.375     0.999998      1098396    582542.22
       4.375     0.999998      1098396    655360.00
       4.375     0.999999      1098396    748982.86
       4.375     0.999999      1098396    873813.33
       4.375     0.999999      1098396   1048576.00
       4.387     0.999999      1098397   1165084.44
       4.387     1.000000      1098397          inf
#[Mean    =        0.857, StdDeviation   =        0.445]
#[Max     =        4.384, Total count    =      1098397]
#[Buckets =           27, SubBuckets     =         2048]
----------------------------------------------------------
  1199276 requests in 2.00m, 142.96MB read
Requests/sec:   9993.93
Transfer/sec:      1.19MB
