Running 2m test @ http://localhost:9000/api/v1/user?id=1
  4 threads and 128 connections
  Thread calibration: mean lat.: 0.857ms, rate sampling interval: 10ms
  Thread calibration: mean lat.: 0.854ms, rate sampling interval: 10ms
  Thread calibration: mean lat.: 0.856ms, rate sampling interval: 10ms
  Thread calibration: mean lat.: 0.855ms, rate sampling interval: 10ms
  Thread Stats   Avg      Stdev     Max   +/- Stdev
    Latency     0.85ms  371.02us   5.80ms   61.74%
    Req/Sec     4.01k   180.35     4.89k    66.59%
  Latency Distribution (HdrHistogram - Recorded Latency)
 50.000%    0.85ms
 75.000%    1.15ms
 90.000%    1.36ms
 99.000%    1.59ms
 99.900%    1.81ms
 99.990%    2.06ms
 99.999%    2.82ms
100.000%    5.80ms

  Detailed Percentile spectrum:
       Value   Percentile   TotalCount 1/(1-Percentile)

       0.072     0.000000            1         1.00
       0.361     0.100000       164849         1.11
       0.489     0.200000       330137         1.25
       0.609     0.300000       495138         1.43
       0.729     0.400000       659109         1.67
       0.851     0.500000       825206         2.00
       0.910     0.550000       906179         2.22
       0.970     0.600000       988742         2.50
       1.031     0.650000      1072212         2.86
       1.091     0.700000      1154246         3.33
       1.150     0.750000      1235712         4.00
       1.180     0.775000      1277200         4.44
       1.211     0.800000      1318354         5.00
       1.242     0.825000      1359307         5.71
       1.276     0.850000      1401621         6.67
       1.313     0.875000      1442615         8.00
       1.333     0.887500      1462440         8.89
       1.355     0.900000      1483180        10.00
       1.377     0.912500      1503608        11.43
       1.400     0.925000      1524202        13.33
       1.424     0.937500      1545000        16.00
       1.436     0.943750      1555244        17.78
       1.449     0.950000      1565894        20.00
       1.463     0.956250      1576211        22.86
       1.477     0.962500      1585815        26.67
       1.494     0.968750      1596360        32.00
       1.504     0.971875      1601711        35.56
       1.514     0.975000      1606578        40.00
       1.525     0.978125      1611624        45.71
       1.538     0.981250      1616870        53.33
       1.553     0.984375      1621962        64.00
       1.562     0.985938      1624647        71.11
       1.572     0.987500      1627155        80.00
       1.583     0.989062      1629678        91.43
       1.597     0.990625      1632240       106.67
       1.614     0.992188      1634843       128.00
       1.623     0.992969      1636056       142.22
       1.634     0.993750      1637377       160.00
       1.647     0.994531      1638679       182.86
       1.661     0.995313      1639923       213.33
       1.678     0.996094      1641176       256.00
       1.688     0.996484      1641830       284.44
       1.700     0.996875      1642462       320.00
       1.712     0.997266      1643111       365.71
       1.726     0.997656      1643765       426.67
       1.742     0.998047      1644384       512.00
       1.752     0.998242      1644723       568.89
       1.763     0.998437      1645049       640.00
       1.776     0.998633      1645352       731.43
       1.790     0.998828      1645686       853.33
       1.808     0.999023      1646008      1024.00
       1.818     0.999121      1646164      1137.78
       1.830     0.999219      1646318      1280.00
       1.843     0.999316      1646472      1462.86
       1.860     0.999414      1646643      1706.67
       1.877     0.999512      1646798      2048.00
       1.889     0.999561      1646878      2275.56
       1.901     0.999609      1646955      2560.00
       1.915     0.999658      1647038      2925.71
       1.931     0.999707      1647118      3413.33
       1.950     0.999756      1647198      4096.00
       1.960     0.999780      1647236      4551.11
       1.974     0.999805      1647277      5120.00
       1.990     0.999829      1647317      5851.43
       2.009     0.999854      1647358      6826.67
       2.029     0.999878      1647398      8192.00
       2.046     0.999890      1647417      9102.22
       2.065     0.999902      1647439     10240.00
       2.083     0.999915      1647459     11702.86
       2.105     0.999927      1647479     13653.33
       2.133     0.999939      1647498     16384.00
       2.151     0.999945      1647508     18204.44
       2.169     0.999951      1647518     20480.00
       2.187     0.999957      1647530     23405.71
       2.207     0.999963      1647538     27306.67
       2.249     0.999969      1647549     32768.00
       2.281     0.999973      1647553     36408.89
       2.293     0.999976      1647558     40960.00
       2.387     0.999979      1647563     46811.43
       2.453     0.999982      1647568     54613.33
       2.557     0.999985      1647573     65536.00
       2.647     0.999986      1647576     72817.78
       2.715     0.999988      1647578     81920.00
       2.801     0.999989      1647581     93622.86
       2.823     0.999991      1647583    109226.67
       2.943     0.999992      1647586    131072.00
       2.963     0.999993      1647587    145635.56
       3.061     0.999994      1647588    163840.00
       3.089     0.999995      1647590    187245.71
       3.149     0.999995      1647591    218453.33
       3.271     0.999996      1647592    262144.00
       3.387     0.999997      1647593    291271.11
       3.387     0.999997      1647593    327680.00
       3.477     0.999997      1647594    374491.43
       3.969     0.999998      1647595    436906.67
       3.969     0.999998      1647595    524288.00
       3.973     0.999998      1647596    582542.22
       3.973     0.999998      1647596    655360.00
       3.973     0.999999      1647596    748982.86
       4.067     0.999999      1647597    873813.33
       4.067     0.999999      1647597   1048576.00
       4.067     0.999999      1647597   1165084.44
       4.067     0.999999      1647597   1310720.00
       4.067     0.999999      1647597   1497965.71
       5.803     0.999999      1647598   1747626.67
       5.803     1.000000      1647598          inf
#[Mean    =        0.853, StdDeviation   =        0.371]
#[Max     =        5.800, Total count    =      1647598]
#[Buckets =           27, SubBuckets     =         2048]
----------------------------------------------------------
  1798888 requests in 2.00m, 214.44MB read
Requests/sec:  14990.64
Transfer/sec:      1.79MB
