Running 2m test @ http://localhost:9003/api/v1/users
  4 threads and 128 connections
  Thread calibration: mean lat.: 2.395ms, rate sampling interval: 10ms
  Thread calibration: mean lat.: 2.357ms, rate sampling interval: 10ms
  Thread calibration: mean lat.: 4.502ms, rate sampling interval: 11ms
  Thread calibration: mean lat.: 2.382ms, rate sampling interval: 10ms
  Thread Stats   Avg      Stdev     Max   +/- Stdev
    Latency     2.98ms    1.63ms  31.73ms   66.17%
    Req/Sec     2.63k   459.90     5.67k    69.84%
  Latency Distribution (HdrHistogram - Recorded Latency)
 50.000%    2.62ms
 75.000%    4.17ms
 90.000%    5.27ms
 99.000%    6.66ms
 99.900%    9.54ms
 99.990%   26.24ms
 99.999%   29.55ms
100.000%   31.74ms

  Detailed Percentile spectrum:
       Value   Percentile   TotalCount 1/(1-Percentile)

       0.532     0.000000            1         1.00
       1.186     0.100000       109959         1.11
       1.496     0.200000       220062         1.25
       1.808     0.300000       329589         1.43
       2.181     0.400000       439823         1.67
       2.617     0.500000       549338         2.00
       2.883     0.550000       604125         2.22
       3.187     0.600000       659246         2.50
       3.507     0.650000       714042         2.86
       3.835     0.700000       769158         3.33
       4.167     0.750000       824023         4.00
       4.339     0.775000       851776         4.44
       4.507     0.800000       878788         5.00
       4.683     0.825000       906186         5.71
       4.871     0.850000       934169         6.67
       5.059     0.875000       961128         8.00
       5.159     0.887500       974882         8.89
       5.267     0.900000       988870        10.00
       5.379     0.912500      1002597        11.43
       5.499     0.925000      1016227        13.33
       5.631     0.937500      1030024        16.00
       5.699     0.943750      1036678        17.78
       5.775     0.950000      1043629        20.00
       5.859     0.956250      1050653        22.86
       5.947     0.962500      1057311        26.67
       6.051     0.968750      1064153        32.00
       6.111     0.971875      1067706        35.56
       6.171     0.975000      1070977        40.00
       6.243     0.978125      1074378        45.71
       6.327     0.981250      1077913        53.33
       6.423     0.984375      1081336        64.00
       6.479     0.985938      1083058        71.11
       6.543     0.987500      1084748        80.00
       6.615     0.989062      1086446        91.43
       6.695     0.990625      1088133       106.67
       6.795     0.992188      1089814       128.00
       6.859     0.992969      1090703       142.22
       6.931     0.993750      1091559       160.00
       7.011     0.994531      1092388       182.86
       7.119     0.995313      1093243       213.33
       7.255     0.996094      1094108       256.00
       7.335     0.996484      1094543       284.44
       7.439     0.996875      1094962       320.00
       7.571     0.997266      1095389       365.71
       7.759     0.997656      1095824       426.67
       8.023     0.998047      1096250       512.00
       8.207     0.998242      1096465       568.89
       8.431     0.998437      1096678       640.00
       8.703     0.998633      1096892       731.43
       9.095     0.998828      1097106       853.33
       9.623     0.999023      1097320      1024.00
      10.055     0.999121      1097428      1137.78
      10.535     0.999219      1097533      1280.00
      11.727     0.999316      1097641      1462.86
      13.535     0.999414      1097748      1706.67
      16.231     0.999512      1097856      2048.00
      17.375     0.999561      1097910      2275.56
      18.543     0.999609      1097962      2560.00
      20.255     0.999658      1098017      2925.71
      21.439     0.999707      1098070      3413.33
      22.511     0.999756      1098123      4096.00
      23.199     0.999780      1098151      4551.11
      23.807     0.999805      1098178      5120.00
      24.335     0.999829      1098204      5851.43
      25.055     0.999854      1098231      6826.67
      25.711     0.999878      1098257      8192.00
      26.031     0.999890      1098271      9102.22
      26.271     0.999902      1098285     10240.00
      26.591     0.999915      1098298     11702.86
      27.071     0.999927      1098311     13653.33
      27.359     0.999939      1098324     16384.00
      27.503     0.999945      1098332     18204.44
      27.615     0.999951      1098338     20480.00
      27.743     0.999957      1098345     23405.71
      28.047     0.999963      1098351     27306.67
      28.239     0.999969      1098358     32768.00
      28.495     0.999973      1098361     36408.89
      28.671     0.999976      1098365     40960.00
      28.815     0.999979      1098368     46811.43
      28.959     0.999982      1098371     54613.33
      29.263     0.999985      1098375     65536.00
      29.343     0.999986      1098376     72817.78
      29.487     0.999988      1098378     81920.00
      29.551     0.999989      1098380     93622.86
      29.663     0.999991      1098381    109226.67
      29.775     0.999992      1098383    131072.00
      29.919     0.999993      1098384    145635.56
      30.031     0.999994      1098385    163840.00
      30.063     0.999995      1098386    187245.71
      30.063     0.999995      1098386    218453.33
      30.079     0.999996      1098387    262144.00
      30.383     0.999997      1098388    291271.11
      30.383     0.999997      1098388    327680.00
      30.543     0.999997      1098389    374491.43
      30.543     0.999998      1098389    436906.67
      30.543     0.999998      1098389    524288.00
      31.119     0.999998      1098390    582542.22
      31.119     0.999998      1098390    655360.00
      31.119     0.999999      1098390    748982.86
      31.119     0.999999      1098390    873813.33
      31.119     0.999999      1098390   1048576.00
      31.743     0.999999      1098391   1165084.44
      31.743     1.000000      1098391          inf
#[Mean    =        2.981, StdDeviation   =        1.626]
#[Max     =       31.728, Total count    =      1098391]
#[Buckets =           27, SubBuckets     =         2048]
----------------------------------------------------------
  1196960 requests in 2.00m, 10.28GB read
Requests/sec:   9974.44
Transfer/sec:     87.69MB
