Running 2m test @ http://localhost:9008/api/v1/user?id=1
  4 threads and 128 connections
  Thread calibration: mean lat.: 0.930ms, rate sampling interval: 10ms
  Thread calibration: mean lat.: 0.956ms, rate sampling interval: 10ms
  Thread calibration: mean lat.: 0.960ms, rate sampling interval: 10ms
  Thread calibration: mean lat.: 0.933ms, rate sampling interval: 10ms
  Thread Stats   Avg      Stdev     Max   +/- Stdev
    Latency     0.94ms  421.43us  16.94ms   65.59%
    Req/Sec     2.09k   132.70     4.80k    78.71%
  Latency Distribution (HdrHistogram - Recorded Latency)
 50.000%    0.93ms
 75.000%    1.24ms
 90.000%    1.47ms
 99.000%    1.89ms
 99.900%    2.28ms
 99.990%    6.65ms
 99.999%   15.71ms
100.000%   16.96ms

  Detailed Percentile spectrum:
       Value   Percentile   TotalCount 1/(1-Percentile)

       0.154     0.000000            1         1.00
       0.402     0.100000        88305         1.11
       0.553     0.200000       176081         1.25
       0.682     0.300000       264000         1.43
       0.810     0.400000       351988         1.67
       0.934     0.500000       439721         2.00
       0.993     0.550000       483899         2.22
       1.054     0.600000       527485         2.50
       1.117     0.650000       571311         2.86
       1.179     0.700000       615173         3.33
       1.244     0.750000       659723         4.00
       1.278     0.775000       681044         4.44
       1.316     0.800000       703318         5.00
       1.354     0.825000       725396         5.71
       1.391     0.850000       747204         6.67
       1.428     0.875000       769234         8.00
       1.447     0.887500       779956         8.89
       1.469     0.900000       791328        10.00
       1.492     0.912500       801855        11.43
       1.520     0.925000       812884        13.33
       1.553     0.937500       823826        16.00
       1.572     0.943750       829384        17.78
       1.593     0.950000       834851        20.00
       1.617     0.956250       840379        22.86
       1.643     0.962500       845781        26.67
       1.673     0.968750       851322        32.00
       1.691     0.971875       854119        35.56
       1.712     0.975000       856847        40.00
       1.735     0.978125       859558        45.71
       1.764     0.981250       862292        53.33
       1.799     0.984375       865028        64.00
       1.820     0.985938       866387        71.11
       1.845     0.987500       867769        80.00
       1.870     0.989062       869132        91.43
       1.896     0.990625       870492       106.67
       1.929     0.992188       871868       128.00
       1.948     0.992969       872556       142.22
       1.970     0.993750       873255       160.00
       1.992     0.994531       873930       182.86
       2.018     0.995313       874619       213.33
       2.051     0.996094       875332       256.00
       2.069     0.996484       875668       284.44
       2.089     0.996875       875985       320.00
       2.111     0.997266       876341       365.71
       2.135     0.997656       876675       426.67
       2.163     0.998047       877023       512.00
       2.179     0.998242       877192       568.89
       2.197     0.998437       877352       640.00
       2.219     0.998633       877532       731.43
       2.247     0.998828       877697       853.33
       2.283     0.999023       877865      1024.00
       2.311     0.999121       877953      1137.78
       2.347     0.999219       878041      1280.00
       2.435     0.999316       878124      1462.86
       2.617     0.999414       878209      1706.67
       2.803     0.999512       878294      2048.00
       2.911     0.999561       878337      2275.56
       3.077     0.999609       878380      2560.00
       3.245     0.999658       878423      2925.71
       3.459     0.999707       878466      3413.33
       3.781     0.999756       878509      4096.00
       3.963     0.999780       878532      4551.11
       4.167     0.999805       878552      5120.00
       4.527     0.999829       878573      5851.43
       4.967     0.999854       878595      6826.67
       5.755     0.999878       878616      8192.00
       6.347     0.999890       878627      9102.22
       6.759     0.999902       878638     10240.00
       7.883     0.999915       878648     11702.86
       9.415     0.999927       878659     13653.33
      10.191     0.999939       878670     16384.00
      10.887     0.999945       878675     18204.44
      11.671     0.999951       878681     20480.00
      12.063     0.999957       878686     23405.71
      12.783     0.999963       878691     27306.67
      13.423     0.999969       878697     32768.00
      13.743     0.999973       878699     36408.89
      13.927     0.999976       878702     40960.00
      14.415     0.999979       878705     46811.43
      14.759     0.999982       878707     54613.33
      15.215     0.999985       878710     65536.00
      15.255     0.999986       878711     72817.78
      15.527     0.999988       878713     81920.00
      15.711     0.999989       878714     93622.86
      15.743     0.999991       878715    109226.67
      15.791     0.999992       878717    131072.00
      15.791     0.999993       878717    145635.56
      15.863     0.999994       878718    163840.00
      15.951     0.999995       878719    187245.71
      15.951     0.999995       878719    218453.33
      16.039     0.999996       878720    262144.00
      16.039     0.999997       878720    291271.11
      16.335     0.999997       878721    327680.00
      16.335     0.999997       878721    374491.43
      16.335     0.999998       878721    436906.67
      16.415     0.999998       878722    524288.00
      16.415     0.999998       878722    582542.22
      16.415     0.999998       878722    655360.00
      16.415     0.999999       878722    748982.86
      16.415     0.999999       878722    873813.33
      16.959     0.999999       878723   1048576.00
      16.959     1.000000       878723          inf
#[Mean    =        0.943, StdDeviation   =        0.421]
#[Max     =       16.944, Total count    =       878723]
#[Buckets =           27, SubBuckets     =         2048]
----------------------------------------------------------
  959439 requests in 2.00m, 297.54MB read
Requests/sec:   7995.28
Transfer/sec:      2.48MB
