Running 2m test @ http://localhost:9002/api/v1/users
  4 threads and 128 connections
  Thread calibration: mean lat.: 1.487ms, rate sampling interval: 10ms
  Thread calibration: mean lat.: 1.542ms, rate sampling interval: 10ms
  Thread calibration: mean lat.: 1.550ms, rate sampling interval: 10ms
  Thread calibration: mean lat.: 1.533ms, rate sampling interval: 10ms
  Thread Stats   Avg      Stdev     Max   +/- Stdev
    Latency     1.54ms  639.65us  36.96ms   83.64%
    Req/Sec     1.06k    84.91     4.33k    87.85%
  Latency Distribution (HdrHistogram - Recorded Latency)
 50.000%    1.47ms
 75.000%    1.82ms
 90.000%    2.20ms
 99.000%    2.68ms
 99.900%    3.31ms
 99.990%   25.79ms
 99.999%   35.36ms
100.000%   36.99ms

  Detailed Percentile spectrum:
       Value   Percentile   TotalCount 1/(1-Percentile)

       0.627     0.000000            1         1.00
       0.964     0.100000        44061         1.11
       1.103     0.200000        88161         1.25
       1.229     0.300000       131816         1.43
       1.349     0.400000       175883         1.67
       1.469     0.500000       220070         2.00
       1.530     0.550000       241777         2.22
       1.595     0.600000       263876         2.50
       1.664     0.650000       285684         2.86
       1.738     0.700000       307731         3.33
       1.821     0.750000       329750         4.00
       1.866     0.775000       340550         4.44
       1.915     0.800000       351488         5.00
       1.971     0.825000       362520         5.71
       2.036     0.850000       373602         6.67
       2.111     0.875000       384667         8.00
       2.151     0.887500       389997         8.89
       2.197     0.900000       395607        10.00
       2.245     0.912500       400949        11.43
       2.299     0.925000       406561        13.33
       2.353     0.937500       411914        16.00
       2.383     0.943750       414730        17.78
       2.413     0.950000       417455        20.00
       2.445     0.956250       420154        22.86
       2.479     0.962500       422957        26.67
       2.515     0.968750       425781        32.00
       2.533     0.971875       427135        35.56
       2.553     0.975000       428525        40.00
       2.573     0.978125       429784        45.71
       2.597     0.981250       431190        53.33
       2.623     0.984375       432583        64.00
       2.637     0.985938       433246        71.11
       2.653     0.987500       433937        80.00
       2.671     0.989062       434614        91.43
       2.689     0.990625       435267       106.67
       2.713     0.992188       435971       128.00
       2.727     0.992969       436316       142.22
       2.739     0.993750       436625       160.00
       2.755     0.994531       436965       182.86
       2.775     0.995313       437306       213.33
       2.799     0.996094       437653       256.00
       2.813     0.996484       437829       284.44
       2.831     0.996875       438001       320.00
       2.849     0.997266       438167       365.71
       2.875     0.997656       438332       426.67
       2.907     0.998047       438504       512.00
       2.931     0.998242       438586       568.89
       2.969     0.998437       438677       640.00
       3.037     0.998633       438758       731.43
       3.155     0.998828       438846       853.33
       3.351     0.999023       438929      1024.00
       3.497     0.999121       438972      1137.78
       3.673     0.999219       439015      1280.00
       4.051     0.999316       439058      1462.86
       6.063     0.999414       439101      1706.67
      10.095     0.999512       439144      2048.00
      11.391     0.999561       439165      2275.56
      13.127     0.999609       439187      2560.00
      14.655     0.999658       439208      2925.71
      16.591     0.999707       439230      3413.33
      18.591     0.999756       439251      4096.00
      19.807     0.999780       439262      4551.11
      20.591     0.999805       439273      5120.00
      21.791     0.999829       439283      5851.43
      22.799     0.999854       439294      6826.67
      24.319     0.999878       439305      8192.00
      25.519     0.999890       439312      9102.22
      26.591     0.999902       439316     10240.00
      27.343     0.999915       439321     11702.86
      28.639     0.999927       439326     13653.33
      30.047     0.999939       439332     16384.00
      30.799     0.999945       439334     18204.44
      32.351     0.999951       439337     20480.00
      32.927     0.999957       439340     23405.71
      33.119     0.999963       439343     27306.67
      33.855     0.999969       439345     32768.00
      34.143     0.999973       439346     36408.89
      34.495     0.999976       439348     40960.00
      34.943     0.999979       439349     46811.43
      34.975     0.999982       439350     54613.33
      35.039     0.999985       439353     65536.00
      35.039     0.999986       439353     72817.78
      35.039     0.999988       439353     81920.00
      35.359     0.999989       439354     93622.86
      35.359     0.999991       439354    109226.67
      35.583     0.999992       439355    131072.00
      35.583     0.999993       439355    145635.56
      35.807     0.999994       439356    163840.00
      35.807     0.999995       439356    187245.71
      35.807     0.999995       439356    218453.33
      36.031     0.999996       439357    262144.00
      36.031     0.999997       439357    291271.11
      36.031     0.999997       439357    327680.00
      36.031     0.999997       439357    374491.43
      36.031     0.999998       439357    436906.67
      36.991     0.999998       439358    524288.00
      36.991     1.000000       439358          inf
#[Mean    =        1.536, StdDeviation   =        0.640]
#[Max     =       36.960, Total count    =       439358]
#[Buckets =           27, SubBuckets     =         2048]
----------------------------------------------------------
  479749 requests in 2.00m, 4.12GB read
Requests/sec:   3997.86
Transfer/sec:     35.15MB
