Running 2m test @ http://localhost:9003/api/v1/user?id=1
  4 threads and 128 connections
  Thread calibration: mean lat.: 1.425ms, rate sampling interval: 10ms
  Thread calibration: mean lat.: 1.431ms, rate sampling interval: 10ms
  Thread calibration: mean lat.: 1.419ms, rate sampling interval: 10ms
  Thread calibration: mean lat.: 1.486ms, rate sampling interval: 10ms
  Thread Stats   Avg      Stdev     Max   +/- Stdev
    Latency     1.43ms    0.87ms  19.39ms   87.02%
    Req/Sec     7.91k     0.94k   18.33k    82.95%
  Latency Distribution (HdrHistogram - Recorded Latency)
 50.000%    1.32ms
 75.000%    1.78ms
 90.000%    2.19ms
 99.000%    3.60ms
 99.900%   10.82ms
 99.990%   13.71ms
 99.999%   17.25ms
100.000%   19.41ms

  Detailed Percentile spectrum:
       Value   Percentile   TotalCount 1/(1-Percentile)

       0.128     0.000000            1         1.00
       0.656     0.100000       330765         1.11
       0.842     0.200000       660648         1.25
       1.001     0.300000       990493         1.43
       1.156     0.400000      1319382         1.67
       1.316     0.500000      1649154         2.00
       1.400     0.550000      1813217         2.22
       1.488     0.600000      1978857         2.50
       1.580     0.650000      2142428         2.86
       1.678     0.700000      2307788         3.33
       1.782     0.750000      2471674         4.00
       1.838     0.775000      2554967         4.44
       1.896     0.800000      2637086         5.00
       1.958     0.825000      2718595         5.71
       2.027     0.850000      2801926         6.67
       2.103     0.875000      2884683         8.00
       2.145     0.887500      2925999         8.89
       2.189     0.900000      2966583        10.00
       2.239     0.912500      3008193        11.43
       2.293     0.925000      3048151        13.33
       2.359     0.937500      3090307        16.00
       2.395     0.943750      3110429        17.78
       2.435     0.950000      3130489        20.00
       2.481     0.956250      3151065        22.86
       2.537     0.962500      3172247        26.67
       2.603     0.968750      3192637        32.00
       2.641     0.971875      3202617        35.56
       2.687     0.975000      3213195        40.00
       2.741     0.978125      3223280        45.71
       2.811     0.981250      3233603        53.33
       2.911     0.984375      3243790        64.00
       2.985     0.985938      3248857        71.11
       3.099     0.987500      3254055        80.00
       3.313     0.989062      3259158        91.43
       4.031     0.990625      3264306       106.67
       5.367     0.992188      3269455       128.00
       5.999     0.992969      3272042       142.22
       6.575     0.993750      3274611       160.00
       7.119     0.994531      3277192       182.86
       7.623     0.995313      3279767       213.33
       8.123     0.996094      3282333       256.00
       8.391     0.996484      3283619       284.44
       8.687     0.996875      3284928       320.00
       8.983     0.997266      3286213       365.71
       9.319     0.997656      3287492       426.67
       9.711     0.998047      3288786       512.00
       9.903     0.998242      3289405       568.89
      10.103     0.998437      3290047       640.00
      10.335     0.998633      3290693       731.43
      10.575     0.998828      3291341       853.33
      10.863     0.999023      3291982      1024.00
      11.031     0.999121      3292309      1137.78
      11.207     0.999219      3292629      1280.00
      11.407     0.999316      3292945      1462.86
      11.647     0.999414      3293277      1706.67
      11.903     0.999512      3293598      2048.00
      12.015     0.999561      3293749      2275.56
      12.175     0.999609      3293911      2560.00
      12.343     0.999658      3294074      2925.71
      12.535     0.999707      3294229      3413.33
      12.719     0.999756      3294392      4096.00
      12.831     0.999780      3294476      4551.11
      12.935     0.999805      3294554      5120.00
      13.095     0.999829      3294632      5851.43
      13.303     0.999854      3294714      6826.67
      13.503     0.999878      3294793      8192.00
      13.599     0.999890      3294834      9102.22
      13.751     0.999902      3294875     10240.00
      13.927     0.999915      3294914     11702.86
      14.199     0.999927      3294955     13653.33
      14.615     0.999939      3294993     16384.00
      14.831     0.999945      3295014     18204.44
      15.063     0.999951      3295034     20480.00
      15.279     0.999957      3295054     23405.71
      15.495     0.999963      3295074     27306.67
      15.791     0.999969      3295094     32768.00
      15.879     0.999973      3295104     36408.89
      16.007     0.999976      3295115     40960.00
      16.263     0.999979      3295124     46811.43
      16.559     0.999982      3295134     54613.33
      16.751     0.999985      3295144     65536.00
      16.975     0.999986      3295149     72817.78
      17.087     0.999988      3295154     81920.00
      17.167     0.999989      3295159     93622.86
      17.359     0.999991      3295166    109226.67
      17.487     0.999992      3295169    131072.00
      17.615     0.999993      3295172    145635.56
      17.647     0.999994      3295175    163840.00
      17.711     0.999995      3295177    187245.71
      17.839     0.999995      3295179    218453.33
      17.999     0.999996      3295182    262144.00
      18.111     0.999997      3295183    291271.11
      18.175     0.999997      3295184    327680.00
      18.239     0.999997      3295186    374491.43
      18.319     0.999998      3295188    436906.67
      18.319     0.999998      3295188    524288.00
      18.335     0.999998      3295189    582542.22
      18.335     0.999998      3295189    655360.00
      18.655     0.999999      3295190    748982.86
      18.783     0.999999      3295191    873813.33
      18.783     0.999999      3295191   1048576.00
      18.863     0.999999      3295192   1165084.44
      18.863     0.999999      3295192   1310720.00
      18.863     0.999999      3295192   1497965.71
      19.039     0.999999      3295193   1747626.67
      19.039     1.000000      3295193   2097152.00
      19.039     1.000000      3295193   2330168.89
      19.039     1.000000      3295193   2621440.00
      19.039     1.000000      3295193   2995931.43
      19.407     1.000000      3295194   3495253.33
      19.407     1.000000      3295194          inf
#[Mean    =        1.427, StdDeviation   =        0.875]
#[Max     =       19.392, Total count    =      3295194]
#[Buckets =           27, SubBuckets     =         2048]
----------------------------------------------------------
  3590762 requests in 2.00m, 393.81MB read
Requests/sec:  29922.94
Transfer/sec:      3.28MB
