Running 2m test @ http://localhost:9003/api/v1/user?id=1
  4 threads and 128 connections
  Thread calibration: mean lat.: 1.193ms, rate sampling interval: 10ms
  Thread calibration: mean lat.: 1.204ms, rate sampling interval: 10ms
  Thread calibration: mean lat.: 1.192ms, rate sampling interval: 10ms
  Thread calibration: mean lat.: 1.199ms, rate sampling interval: 10ms
  Thread Stats   Avg      Stdev     Max   +/- Stdev
    Latency     1.20ms  661.45us  12.69ms   79.37%
    Req/Sec     6.57k   532.16    13.33k    83.39%
  Latency Distribution (HdrHistogram - Recorded Latency)
 50.000%    1.13ms
 75.000%    1.54ms
 90.000%    1.86ms
 99.000%    2.57ms
 99.900%    8.39ms
 99.990%   10.38ms
 99.999%   11.48ms
100.000%   12.69ms

  Detailed Percentile spectrum:
       Value   Percentile   TotalCount 1/(1-Percentile)

       0.122     0.000000            1         1.00
       0.524     0.100000       275467         1.11
       0.687     0.200000       550051         1.25
       0.836     0.300000       824970         1.43
       0.982     0.400000      1098672         1.67
       1.132     0.500000      1374156         2.00
       1.209     0.550000      1511836         2.22
       1.288     0.600000      1649365         2.50
       1.368     0.650000      1785287         2.86
       1.451     0.700000      1923213         3.33
       1.537     0.750000      2060597         4.00
       1.582     0.775000      2128809         4.44
       1.629     0.800000      2197162         5.00
       1.680     0.825000      2266633         5.71
       1.734     0.850000      2335130         6.67
       1.793     0.875000      2402800         8.00
       1.826     0.887500      2437378         8.89
       1.861     0.900000      2471639        10.00
       1.900     0.912500      2506359        11.43
       1.943     0.925000      2540640        13.33
       1.992     0.937500      2574584        16.00
       2.020     0.943750      2591621        17.78
       2.053     0.950000      2609623        20.00
       2.087     0.956250      2626287        22.86
       2.127     0.962500      2643705        26.67
       2.173     0.968750      2660421        32.00
       2.201     0.971875      2668978        35.56
       2.233     0.975000      2677766        40.00
       2.269     0.978125      2686139        45.71
       2.313     0.981250      2694730        53.33
       2.369     0.984375      2703106        64.00
       2.407     0.985938      2707536        71.11
       2.453     0.987500      2711768        80.00
       2.515     0.989062      2716057        91.43
       2.617     0.990625      2720304       106.67
       2.919     0.992188      2724555       128.00
       3.339     0.992969      2726699       142.22
       3.773     0.993750      2728840       160.00
       4.207     0.994531      2730986       182.86
       4.671     0.995313      2733138       213.33
       5.215     0.996094      2735277       256.00
       5.547     0.996484      2736352       284.44
       5.919     0.996875      2737423       320.00
       6.355     0.997266      2738505       365.71
       6.787     0.997656      2739568       426.67
       7.211     0.998047      2740649       512.00
       7.447     0.998242      2741176       568.89
       7.667     0.998437      2741712       640.00
       7.927     0.998633      2742250       731.43
       8.163     0.998828      2742786       853.33
       8.423     0.999023      2743334      1024.00
       8.575     0.999121      2743596      1137.78
       8.719     0.999219      2743861      1280.00
       8.871     0.999316      2744134      1462.86
       9.047     0.999414      2744402      1706.67
       9.223     0.999512      2744673      2048.00
       9.327     0.999561      2744804      2275.56
       9.423     0.999609      2744934      2560.00
       9.527     0.999658      2745064      2925.71
       9.647     0.999707      2745198      3413.33
       9.783     0.999756      2745331      4096.00
       9.863     0.999780      2745400      4551.11
       9.943     0.999805      2745468      5120.00
      10.039     0.999829      2745535      5851.43
      10.143     0.999854      2745599      6826.67
      10.271     0.999878      2745666      8192.00
      10.335     0.999890      2745702      9102.22
      10.407     0.999902      2745740     10240.00
      10.463     0.999915      2745767     11702.86
      10.559     0.999927      2745802     13653.33
      10.639     0.999939      2745837     16384.00
      10.679     0.999945      2745854     18204.44
      10.735     0.999951      2745867     20480.00
      10.799     0.999957      2745884     23405.71
      10.871     0.999963      2745902     27306.67
      10.991     0.999969      2745918     32768.00
      11.015     0.999973      2745926     36408.89
      11.063     0.999976      2745934     40960.00
      11.167     0.999979      2745943     46811.43
      11.279     0.999982      2745951     54613.33
      11.343     0.999985      2745960     65536.00
      11.391     0.999986      2745964     72817.78
      11.431     0.999988      2745968     81920.00
      11.471     0.999989      2745973     93622.86
      11.487     0.999991      2745976    109226.67
      11.583     0.999992      2745981    131072.00
      11.615     0.999993      2745983    145635.56
      11.703     0.999994      2745986    163840.00
      11.719     0.999995      2745988    187245.71
      11.727     0.999995      2745989    218453.33
      11.871     0.999996      2745991    262144.00
      11.975     0.999997      2745992    291271.11
      12.039     0.999997      2745993    327680.00
      12.087     0.999997      2745994    374491.43
      12.143     0.999998      2745995    436906.67
      12.159     0.999998      2745996    524288.00
      12.271     0.999998      2745997    582542.22
      12.271     0.999998      2745997    655360.00
      12.439     0.999999      2745998    748982.86
      12.439     0.999999      2745998    873813.33
      12.647     0.999999      2745999   1048576.00
      12.647     0.999999      2745999   1165084.44
      12.647     0.999999      2745999   1310720.00
      12.687     0.999999      2746000   1497965.71
      12.687     0.999999      2746000   1747626.67
      12.687     1.000000      2746000   2097152.00
      12.687     1.000000      2746000   2330168.89
      12.687     1.000000      2746000   2621440.00
      12.695     1.000000      2746001   2995931.43
      12.695     1.000000      2746001          inf
#[Mean    =        1.196, StdDeviation   =        0.661]
#[Max     =       12.688, Total count    =      2746001]
#[Buckets =           27, SubBuckets     =         2048]
----------------------------------------------------------
  2998098 requests in 2.00m, 328.81MB read
Requests/sec:  24984.05
Transfer/sec:      2.74MB
