Running 2m test @ http://localhost:9008/api/v1/user?id=1
  4 threads and 128 connections
  Thread calibration: mean lat.: 1.336ms, rate sampling interval: 10ms
  Thread calibration: mean lat.: 1.326ms, rate sampling interval: 10ms
  Thread calibration: mean lat.: 1.343ms, rate sampling interval: 10ms
  Thread calibration: mean lat.: 1.332ms, rate sampling interval: 10ms
  Thread Stats   Avg      Stdev     Max   +/- Stdev
    Latency     1.32ms  578.64us  20.94ms   68.48%
    Req/Sec     5.27k   363.45     9.22k    66.67%
  Latency Distribution (HdrHistogram - Recorded Latency)
 50.000%    1.26ms
 75.000%    1.69ms
 90.000%    2.08ms
 99.000%    2.79ms
 99.900%    3.87ms
 99.990%    8.97ms
 99.999%   14.77ms
100.000%   20.96ms

  Detailed Percentile spectrum:
       Value   Percentile   TotalCount 1/(1-Percentile)

       0.165     0.000000            1         1.00
       0.632     0.100000       220483         1.11
       0.814     0.200000       440082         1.25
       0.969     0.300000       660180         1.43
       1.116     0.400000       879470         1.67
       1.265     0.500000      1099283         2.00
       1.342     0.550000      1208989         2.22
       1.422     0.600000      1318238         2.50
       1.507     0.650000      1428874         2.86
       1.596     0.700000      1538717         3.33
       1.691     0.750000      1648138         4.00
       1.742     0.775000      1702969         4.44
       1.796     0.800000      1757556         5.00
       1.855     0.825000      1812818         5.71
       1.920     0.850000      1867289         6.67
       1.994     0.875000      1922212         8.00
       2.036     0.887500      1950154         8.89
       2.081     0.900000      1977812        10.00
       2.131     0.912500      2005676        11.43
       2.185     0.925000      2032732        13.33
       2.247     0.937500      2059665        16.00
       2.283     0.943750      2073740        17.78
       2.321     0.950000      2087233        20.00
       2.365     0.956250      2101242        22.86
       2.413     0.962500      2114703        26.67
       2.467     0.968750      2128191        32.00
       2.499     0.971875      2135299        35.56
       2.533     0.975000      2141999        40.00
       2.571     0.978125      2148742        45.71
       2.615     0.981250      2155621        53.33
       2.667     0.984375      2162708        64.00
       2.695     0.985938      2166073        71.11
       2.727     0.987500      2169491        80.00
       2.763     0.989062      2172868        91.43
       2.805     0.990625      2176350       106.67
       2.855     0.992188      2179748       128.00
       2.883     0.992969      2181396       142.22
       2.915     0.993750      2183093       160.00
       2.953     0.994531      2184846       182.86
       2.997     0.995313      2186523       213.33
       3.051     0.996094      2188221       256.00
       3.087     0.996484      2189107       284.44
       3.127     0.996875      2189940       320.00
       3.181     0.997266      2190797       365.71
       3.251     0.997656      2191649       426.67
       3.345     0.998047      2192508       512.00
       3.405     0.998242      2192941       568.89
       3.477     0.998437      2193365       640.00
       3.581     0.998633      2193797       731.43
       3.709     0.998828      2194224       853.33
       3.895     0.999023      2194653      1024.00
       4.019     0.999121      2194866      1137.78
       4.171     0.999219      2195088      1280.00
       4.331     0.999316      2195298      1462.86
       4.559     0.999414      2195511      1706.67
       4.815     0.999512      2195724      2048.00
       5.003     0.999561      2195831      2275.56
       5.207     0.999609      2195939      2560.00
       5.455     0.999658      2196046      2925.71
       5.899     0.999707      2196155      3413.33
       6.391     0.999756      2196259      4096.00
       6.735     0.999780      2196313      4551.11
       7.027     0.999805      2196367      5120.00
       7.459     0.999829      2196421      5851.43
       7.955     0.999854      2196474      6826.67
       8.487     0.999878      2196527      8192.00
       8.799     0.999890      2196554      9102.22
       9.015     0.999902      2196581     10240.00
       9.463     0.999915      2196608     11702.86
       9.735     0.999927      2196636     13653.33
      10.279     0.999939      2196661     16384.00
      10.567     0.999945      2196675     18204.44
      10.807     0.999951      2196688     20480.00
      11.215     0.999957      2196702     23405.71
      11.719     0.999963      2196716     27306.67
      12.063     0.999969      2196728     32768.00
      12.215     0.999973      2196735     36408.89
      12.679     0.999976      2196742     40960.00
      12.999     0.999979      2196749     46811.43
      13.351     0.999982      2196755     54613.33
      13.511     0.999985      2196762     65536.00
      13.887     0.999986      2196765     72817.78
      14.135     0.999988      2196769     81920.00
      14.391     0.999989      2196772     93622.86
      14.887     0.999991      2196775    109226.67
      15.199     0.999992      2196779    131072.00
      15.223     0.999993      2196780    145635.56
      15.247     0.999994      2196782    163840.00
      15.495     0.999995      2196784    187245.71
      15.559     0.999995      2196785    218453.33
      16.311     0.999996      2196787    262144.00
      16.655     0.999997      2196788    291271.11
      16.751     0.999997      2196789    327680.00
      16.767     0.999997      2196790    374491.43
      16.767     0.999998      2196790    436906.67
      17.007     0.999998      2196791    524288.00
      17.119     0.999998      2196792    582542.22
      17.119     0.999998      2196792    655360.00
      17.679     0.999999      2196793    748982.86
      17.679     0.999999      2196793    873813.33
      17.679     0.999999      2196793   1048576.00
      19.263     0.999999      2196794   1165084.44
      19.263     0.999999      2196794   1310720.00
      19.263     0.999999      2196794   1497965.71
      19.263     0.999999      2196794   1747626.67
      19.263     1.000000      2196794   2097152.00
      20.959     1.000000      2196795   2330168.89
      20.959     1.000000      2196795          inf
#[Mean    =        1.324, StdDeviation   =        0.579]
#[Max     =       20.944, Total count    =      2196795]
#[Buckets =           27, SubBuckets     =         2048]
----------------------------------------------------------
  2398482 requests in 2.00m, 743.83MB read
Requests/sec:  19987.39
Transfer/sec:      6.20MB
