Running 2m test @ http://localhost:9000/api/v1/user?id=1
  4 threads and 128 connections
  Thread calibration: mean lat.: 0.913ms, rate sampling interval: 10ms
  Thread calibration: mean lat.: 0.930ms, rate sampling interval: 10ms
  Thread calibration: mean lat.: 0.927ms, rate sampling interval: 10ms
  Thread calibration: mean lat.: 0.918ms, rate sampling interval: 10ms
  Thread Stats   Avg      Stdev     Max   +/- Stdev
    Latency     0.87ms  484.94us  27.63ms   71.80%
    Req/Sec     6.29k   351.04    17.10k    70.41%
  Latency Distribution (HdrHistogram - Recorded Latency)
 50.000%    0.86ms
 75.000%    1.19ms
 90.000%    1.42ms
 99.000%    1.93ms
 99.900%    2.29ms
 99.990%   16.50ms
 99.999%   23.81ms
100.000%   27.65ms

  Detailed Percentile spectrum:
       Value   Percentile   TotalCount 1/(1-Percentile)

       0.073     0.000000            1         1.00
       0.309     0.100000       264809         1.11
       0.456     0.200000       529046         1.25
       0.590     0.300000       792233         1.43
       0.723     0.400000      1054581         1.67
       0.855     0.500000      1320062         2.00
       0.921     0.550000      1451341         2.22
       0.986     0.600000      1582293         2.50
       1.053     0.650000      1715002         2.86
       1.120     0.700000      1846610         3.33
       1.189     0.750000      1978942         4.00
       1.223     0.775000      2044289         4.44
       1.257     0.800000      2110083         5.00
       1.291     0.825000      2175021         5.71
       1.328     0.850000      2241727         6.67
       1.369     0.875000      2307840         8.00
       1.392     0.887500      2340193         8.89
       1.418     0.900000      2372742        10.00
       1.449     0.912500      2405774        11.43
       1.486     0.925000      2439003        13.33
       1.529     0.937500      2471716        16.00
       1.554     0.943750      2488416        17.78
       1.581     0.950000      2504642        20.00
       1.612     0.956250      2521033        22.86
       1.648     0.962500      2537617        26.67
       1.690     0.968750      2554144        32.00
       1.713     0.971875      2562115        35.56
       1.740     0.975000      2570552        40.00
       1.769     0.978125      2578670        45.71
       1.803     0.981250      2586829        53.33
       1.843     0.984375      2595080        64.00
       1.865     0.985938      2599196        71.11
       1.889     0.987500      2603362        80.00
       1.914     0.989062      2607446        91.43
       1.942     0.990625      2611505       106.67
       1.975     0.992188      2615619       128.00
       1.994     0.992969      2617689       142.22
       2.015     0.993750      2619768       160.00
       2.038     0.994531      2621800       182.86
       2.063     0.995313      2623883       213.33
       2.091     0.996094      2625961       256.00
       2.105     0.996484      2626911       284.44
       2.123     0.996875      2627940       320.00
       2.141     0.997266      2628962       365.71
       2.161     0.997656      2629986       426.67
       2.187     0.998047      2631043       512.00
       2.201     0.998242      2631557       568.89
       2.217     0.998437      2632059       640.00
       2.235     0.998633      2632587       731.43
       2.259     0.998828      2633092       853.33
       2.289     0.999023      2633591      1024.00
       2.309     0.999121      2633862      1137.78
       2.333     0.999219      2634111      1280.00
       2.367     0.999316      2634370      1462.86
       2.413     0.999414      2634621      1706.67
       2.501     0.999512      2634876      2048.00
       2.585     0.999561      2635007      2275.56
       2.735     0.999609      2635132      2560.00
       2.997     0.999658      2635261      2925.71
       3.459     0.999707      2635389      3413.33
       4.459     0.999756      2635520      4096.00
       5.643     0.999780      2635582      4551.11
       7.875     0.999805      2635647      5120.00
      10.103     0.999829      2635711      5851.43
      12.351     0.999854      2635775      6826.67
      14.527     0.999878      2635840      8192.00
      15.487     0.999890      2635872      9102.22
      16.783     0.999902      2635904     10240.00
      17.519     0.999915      2635936     11702.86
      18.399     0.999927      2635969     13653.33
      19.167     0.999939      2636001     16384.00
      19.695     0.999945      2636017     18204.44
      20.303     0.999951      2636033     20480.00
      20.671     0.999957      2636049     23405.71
      20.991     0.999963      2636065     27306.67
      21.567     0.999969      2636081     32768.00
      21.679     0.999973      2636089     36408.89
      21.839     0.999976      2636098     40960.00
      22.079     0.999979      2636105     46811.43
      22.527     0.999982      2636113     54613.33
      22.863     0.999985      2636122     65536.00
      23.103     0.999986      2636125     72817.78
      23.423     0.999988      2636129     81920.00
      23.551     0.999989      2636133     93622.86
      23.887     0.999991      2636137    109226.67
      24.223     0.999992      2636142    131072.00
      24.367     0.999993      2636143    145635.56
      24.591     0.999994      2636145    163840.00
      24.655     0.999995      2636147    187245.71
      24.959     0.999995      2636149    218453.33
      25.135     0.999996      2636151    262144.00
      25.327     0.999997      2636152    291271.11
      25.375     0.999997      2636153    327680.00
      25.407     0.999997      2636154    374491.43
      25.423     0.999998      2636155    436906.67
      25.967     0.999998      2636156    524288.00
      26.015     0.999998      2636158    582542.22
      26.015     0.999998      2636158    655360.00
      26.015     0.999999      2636158    748982.86
      26.015     0.999999      2636158    873813.33
      26.735     0.999999      2636159   1048576.00
      26.735     0.999999      2636159   1165084.44
      26.735     0.999999      2636159   1310720.00
      26.847     0.999999      2636160   1497965.71
      26.847     0.999999      2636160   1747626.67
      26.847     1.000000      2636160   2097152.00
      26.847     1.000000      2636160   2330168.89
      26.847     1.000000      2636160   2621440.00
      27.647     1.000000      2636161   2995931.43
      27.647     1.000000      2636161          inf
#[Mean    =        0.874, StdDeviation   =        0.485]
#[Max     =       27.632, Total count    =      2636161]
#[Buckets =           27, SubBuckets     =         2048]
----------------------------------------------------------
  2878175 requests in 2.00m, 343.11MB read
Requests/sec:  23984.75
Transfer/sec:      2.86MB
