Running 2m test @ http://localhost:9003/api/v1/user?id=1
  4 threads and 128 connections
  Thread calibration: mean lat.: 0.954ms, rate sampling interval: 10ms
  Thread calibration: mean lat.: 0.953ms, rate sampling interval: 10ms
  Thread calibration: mean lat.: 0.958ms, rate sampling interval: 10ms
  Thread calibration: mean lat.: 0.955ms, rate sampling interval: 10ms
  Thread Stats   Avg      Stdev     Max   +/- Stdev
    Latency     0.96ms  489.38us  22.08ms   74.10%
    Req/Sec     2.62k   182.38     8.11k    77.16%
  Latency Distribution (HdrHistogram - Recorded Latency)
 50.000%    0.94ms
 75.000%    1.26ms
 90.000%    1.48ms
 99.000%    1.89ms
 99.900%    5.52ms
 99.990%   11.70ms
 99.999%   20.30ms
100.000%   22.09ms

  Detailed Percentile spectrum:
       Value   Percentile   TotalCount 1/(1-Percentile)

       0.114     0.000000            1         1.00
       0.399     0.100000       109863         1.11
       0.554     0.200000       220076         1.25
       0.687     0.300000       329620         1.43
       0.816     0.400000       439783         1.67
       0.941     0.500000       549787         2.00
       1.005     0.550000       604639         2.22
       1.067     0.600000       659923         2.50
       1.129     0.650000       714698         2.86
       1.192     0.700000       769114         3.33
       1.256     0.750000       824186         4.00
       1.289     0.775000       851669         4.44
       1.322     0.800000       878860         5.00
       1.356     0.825000       906203         5.71
       1.392     0.850000       933797         6.67
       1.433     0.875000       961129         8.00
       1.457     0.887500       974907         8.89
       1.484     0.900000       988780        10.00
       1.515     0.912500      1002577        11.43
       1.549     0.925000      1016403        13.33
       1.588     0.937500      1029973        16.00
       1.609     0.943750      1036715        17.78
       1.632     0.950000      1043726        20.00
       1.656     0.956250      1050472        22.86
       1.684     0.962500      1057444        26.67
       1.715     0.968750      1064259        32.00
       1.733     0.971875      1067682        35.56
       1.752     0.975000      1071001        40.00
       1.773     0.978125      1074387        45.71
       1.798     0.981250      1077852        53.33
       1.826     0.984375      1081271        64.00
       1.842     0.985938      1082964        71.11
       1.860     0.987500      1084707        80.00
       1.880     0.989062      1086439        91.43
       1.904     0.990625      1088129       106.67
       1.934     0.992188      1089829       128.00
       1.951     0.992969      1090710       142.22
       1.971     0.993750      1091558       160.00
       1.992     0.994531      1092399       182.86
       2.018     0.995313      1093271       213.33
       2.046     0.996094      1094122       256.00
       2.067     0.996484      1094565       284.44
       2.089     0.996875      1094974       320.00
       2.121     0.997266      1095398       365.71
       2.175     0.997656      1095842       426.67
       2.337     0.998047      1096257       512.00
       3.043     0.998242      1096471       568.89
       3.607     0.998437      1096686       640.00
       4.147     0.998633      1096900       731.43
       4.851     0.998828      1097113       853.33
       5.611     0.999023      1097328      1024.00
       5.963     0.999121      1097435      1137.78
       6.363     0.999219      1097547      1280.00
       6.703     0.999316      1097650      1462.86
       7.115     0.999414      1097757      1706.67
       7.419     0.999512      1097864      2048.00
       7.575     0.999561      1097919      2275.56
       7.763     0.999609      1097973      2560.00
       7.955     0.999658      1098025      2925.71
       8.167     0.999707      1098082      3413.33
       8.439     0.999756      1098132      4096.00
       8.631     0.999780      1098159      4551.11
       8.799     0.999805      1098186      5120.00
       9.151     0.999829      1098213      5851.43
       9.503     0.999854      1098240      6826.67
      10.295     0.999878      1098266      8192.00
      11.135     0.999890      1098280      9102.22
      12.247     0.999902      1098293     10240.00
      13.615     0.999915      1098307     11702.86
      14.655     0.999927      1098320     13653.33
      15.679     0.999939      1098333     16384.00
      15.967     0.999945      1098340     18204.44
      17.087     0.999951      1098347     20480.00
      17.711     0.999957      1098354     23405.71
      18.047     0.999963      1098360     27306.67
      18.943     0.999969      1098367     32768.00
      19.247     0.999973      1098370     36408.89
      19.439     0.999976      1098374     40960.00
      19.567     0.999979      1098378     46811.43
      19.727     0.999982      1098380     54613.33
      20.047     0.999985      1098385     65536.00
      20.047     0.999986      1098385     72817.78
      20.223     0.999988      1098387     81920.00
      20.303     0.999989      1098389     93622.86
      20.495     0.999991      1098390    109226.67
      20.559     0.999992      1098392    131072.00
      20.895     0.999993      1098393    145635.56
      21.023     0.999994      1098394    163840.00
      21.327     0.999995      1098395    187245.71
      21.327     0.999995      1098395    218453.33
      21.647     0.999996      1098396    262144.00
      21.663     0.999997      1098397    291271.11
      21.663     0.999997      1098397    327680.00
      21.871     0.999997      1098398    374491.43
      21.871     0.999998      1098398    436906.67
      21.871     0.999998      1098398    524288.00
      21.983     0.999998      1098399    582542.22
      21.983     0.999998      1098399    655360.00
      21.983     0.999999      1098399    748982.86
      21.983     0.999999      1098399    873813.33
      21.983     0.999999      1098399   1048576.00
      22.095     0.999999      1098400   1165084.44
      22.095     1.000000      1098400          inf
#[Mean    =        0.956, StdDeviation   =        0.489]
#[Max     =       22.080, Total count    =      1098400]
#[Buckets =           27, SubBuckets     =         2048]
----------------------------------------------------------
  1199278 requests in 2.00m, 131.53MB read
Requests/sec:   9993.92
Transfer/sec:      1.10MB
