Running 2m test @ http://localhost:9003/api/v1/users
  4 threads and 128 connections
  Thread calibration: mean lat.: 1.450ms, rate sampling interval: 10ms
  Thread calibration: mean lat.: 1.450ms, rate sampling interval: 10ms
  Thread calibration: mean lat.: 1.455ms, rate sampling interval: 10ms
  Thread calibration: mean lat.: 1.460ms, rate sampling interval: 10ms
  Thread Stats   Avg      Stdev     Max   +/- Stdev
    Latency     1.44ms  563.11us  29.74ms   73.66%
    Req/Sec     1.58k   133.60     4.33k    72.01%
  Latency Distribution (HdrHistogram - Recorded Latency)
 50.000%    1.38ms
 75.000%    1.76ms
 90.000%    2.13ms
 99.000%    2.55ms
 99.900%    3.89ms
 99.990%   16.82ms
 99.999%   22.37ms
100.000%   29.76ms

  Detailed Percentile spectrum:
       Value   Percentile   TotalCount 1/(1-Percentile)

       0.508     0.000000            1         1.00
       0.844     0.100000        66199         1.11
       0.993     0.200000       132239         1.25
       1.124     0.300000       197801         1.43
       1.249     0.400000       263671         1.67
       1.381     0.500000       329620         2.00
       1.451     0.550000       362603         2.22
       1.523     0.600000       395649         2.50
       1.597     0.650000       428650         2.86
       1.675     0.700000       461407         3.33
       1.762     0.750000       494567         4.00
       1.809     0.775000       510807         4.44
       1.862     0.800000       527475         5.00
       1.919     0.825000       543813         5.71
       1.983     0.850000       560292         6.67
       2.053     0.875000       577051         8.00
       2.089     0.887500       585155         8.89
       2.127     0.900000       593330        10.00
       2.167     0.912500       601746        11.43
       2.207     0.925000       609738        13.33
       2.249     0.937500       617920        16.00
       2.273     0.943750       622272        17.78
       2.297     0.950000       626353        20.00
       2.323     0.956250       630428        22.86
       2.351     0.962500       634594        26.67
       2.381     0.968750       638441        32.00
       2.399     0.971875       640630        35.56
       2.417     0.975000       642725        40.00
       2.437     0.978125       644740        45.71
       2.461     0.981250       646790        53.33
       2.487     0.984375       648763        64.00
       2.503     0.985938       649804        71.11
       2.521     0.987500       650903        80.00
       2.539     0.989062       651889        91.43
       2.561     0.990625       652883       106.67
       2.589     0.992188       653928       128.00
       2.607     0.992969       654447       142.22
       2.625     0.993750       654949       160.00
       2.649     0.994531       655431       182.86
       2.683     0.995313       655956       213.33
       2.723     0.996094       656478       256.00
       2.751     0.996484       656736       284.44
       2.785     0.996875       656988       320.00
       2.829     0.997266       657237       365.71
       2.913     0.997656       657493       426.67
       3.059     0.998047       657752       512.00
       3.163     0.998242       657876       568.89
       3.309     0.998437       658007       640.00
       3.481     0.998633       658134       731.43
       3.683     0.998828       658262       853.33
       3.933     0.999023       658393      1024.00
       4.087     0.999121       658456      1137.78
       4.387     0.999219       658520      1280.00
       5.051     0.999316       658584      1462.86
       6.847     0.999414       658648      1706.67
       8.791     0.999512       658713      2048.00
       9.487     0.999561       658745      2275.56
      10.471     0.999609       658777      2560.00
      11.527     0.999658       658809      2925.71
      12.519     0.999707       658841      3413.33
      13.335     0.999756       658874      4096.00
      14.103     0.999780       658890      4551.11
      14.703     0.999805       658906      5120.00
      15.143     0.999829       658922      5851.43
      15.775     0.999854       658938      6826.67
      16.399     0.999878       658954      8192.00
      16.559     0.999890       658962      9102.22
      17.039     0.999902       658970     10240.00
      17.263     0.999915       658978     11702.86
      17.663     0.999927       658987     13653.33
      18.127     0.999939       658995     16384.00
      18.319     0.999945       658998     18204.44
      18.591     0.999951       659002     20480.00
      18.815     0.999957       659006     23405.71
      19.359     0.999963       659010     27306.67
      19.631     0.999969       659014     32768.00
      20.111     0.999973       659016     36408.89
      20.447     0.999976       659018     40960.00
      20.559     0.999979       659020     46811.43
      20.783     0.999982       659022     54613.33
      21.887     0.999985       659024     65536.00
      21.983     0.999986       659025     72817.78
      22.047     0.999988       659026     81920.00
      22.367     0.999989       659027     93622.86
      22.959     0.999991       659028    109226.67
      23.375     0.999992       659029    131072.00
      23.551     0.999993       659030    145635.56
      23.551     0.999994       659030    163840.00
      23.583     0.999995       659031    187245.71
      23.583     0.999995       659031    218453.33
      23.935     0.999996       659032    262144.00
      23.935     0.999997       659032    291271.11
      23.935     0.999997       659032    327680.00
      24.255     0.999997       659033    374491.43
      24.255     0.999998       659033    436906.67
      24.255     0.999998       659033    524288.00
      24.255     0.999998       659033    582542.22
      24.255     0.999998       659033    655360.00
      29.759     0.999999       659034    748982.86
      29.759     1.000000       659034          inf
#[Mean    =        1.443, StdDeviation   =        0.563]
#[Max     =       29.744, Total count    =       659034]
#[Buckets =           27, SubBuckets     =         2048]
----------------------------------------------------------
  719587 requests in 2.00m, 6.18GB read
Requests/sec:   5996.49
Transfer/sec:     52.71MB
