Running 2m test @ http://localhost:9000/api/v1/users
  4 threads and 128 connections
  Thread calibration: mean lat.: 1.473ms, rate sampling interval: 10ms
  Thread calibration: mean lat.: 1.501ms, rate sampling interval: 10ms
  Thread calibration: mean lat.: 1.470ms, rate sampling interval: 10ms
  Thread calibration: mean lat.: 2.978ms, rate sampling interval: 10ms
  Thread Stats   Avg      Stdev     Max   +/- Stdev
    Latency     1.92ms    1.04ms  24.24ms   74.06%
    Req/Sec   527.83    588.59     3.56k    95.76%
  Latency Distribution (HdrHistogram - Recorded Latency)
 50.000%    1.60ms
 75.000%    2.36ms
 90.000%    3.54ms
 99.000%    4.56ms
 99.900%    5.54ms
 99.990%   22.08ms
 99.999%   24.08ms
100.000%   24.25ms

  Detailed Percentile spectrum:
       Value   Percentile   TotalCount 1/(1-Percentile)

       0.578     0.000000            1         1.00
       0.919     0.100000        22003         1.11
       1.113     0.200000        44070         1.25
       1.276     0.300000        66010         1.43
       1.437     0.400000        87908         1.67
       1.602     0.500000       109862         2.00
       1.689     0.550000       120869         2.22
       1.799     0.600000       131892         2.50
       1.948     0.650000       142817         2.86
       2.131     0.700000       153809         3.33
       2.359     0.750000       164787         4.00
       2.539     0.775000       170287         4.44
       2.775     0.800000       175768         5.00
       2.993     0.825000       181286         5.71
       3.183     0.850000       186726         6.67
       3.361     0.875000       192248         8.00
       3.447     0.887500       194992         8.89
       3.535     0.900000       197711        10.00
       3.623     0.912500       200470        11.43
       3.713     0.925000       203227        13.33
       3.809     0.937500       205989        16.00
       3.861     0.943750       207316        17.78
       3.913     0.950000       208688        20.00
       3.971     0.956250       210068        22.86
       4.037     0.962500       211464        26.67
       4.111     0.968750       212828        32.00
       4.155     0.971875       213542        35.56
       4.199     0.975000       214194        40.00
       4.247     0.978125       214871        45.71
       4.311     0.981250       215553        53.33
       4.383     0.984375       216238        64.00
       4.423     0.985938       216581        71.11
       4.471     0.987500       216926        80.00
       4.527     0.989062       217274        91.43
       4.587     0.990625       217614       106.67
       4.655     0.992188       217951       128.00
       4.691     0.992969       218124       142.22
       4.735     0.993750       218296       160.00
       4.779     0.994531       218468       182.86
       4.835     0.995313       218646       213.33
       4.891     0.996094       218817       256.00
       4.931     0.996484       218900       284.44
       4.971     0.996875       218991       320.00
       5.011     0.997266       219075       365.71
       5.063     0.997656       219158       426.67
       5.127     0.998047       219240       512.00
       5.163     0.998242       219284       568.89
       5.215     0.998437       219326       640.00
       5.271     0.998633       219369       731.43
       5.387     0.998828       219411       853.33
       5.571     0.999023       219453      1024.00
       5.771     0.999121       219474      1137.78
       5.967     0.999219       219498      1280.00
       6.171     0.999316       219517      1462.86
       6.619     0.999414       219539      1706.67
       8.287     0.999512       219560      2048.00
      11.103     0.999561       219571      2275.56
      12.791     0.999609       219582      2560.00
      13.567     0.999658       219592      2925.71
      16.071     0.999707       219603      3413.33
      17.631     0.999756       219614      4096.00
      18.495     0.999780       219619      4551.11
      19.039     0.999805       219625      5120.00
      20.431     0.999829       219630      5851.43
      21.487     0.999854       219635      6826.67
      21.887     0.999878       219641      8192.00
      22.047     0.999890       219643      9102.22
      22.127     0.999902       219646     10240.00
      22.287     0.999915       219649     11702.86
      22.607     0.999927       219651     13653.33
      22.687     0.999939       219654     16384.00
      22.719     0.999945       219655     18204.44
      22.799     0.999951       219657     20480.00
      23.103     0.999957       219659     23405.71
      23.103     0.999963       219659     27306.67
      23.487     0.999969       219661     32768.00
      23.487     0.999973       219661     36408.89
      23.727     0.999976       219662     40960.00
      23.823     0.999979       219663     46811.43
      23.823     0.999982       219663     54613.33
      24.047     0.999985       219664     65536.00
      24.047     0.999986       219664     72817.78
      24.079     0.999988       219666     81920.00
      24.079     0.999989       219666     93622.86
      24.079     0.999991       219666    109226.67
      24.079     0.999992       219666    131072.00
      24.079     0.999993       219666    145635.56
      24.079     0.999994       219666    163840.00
      24.079     0.999995       219666    187245.71
      24.079     0.999995       219666    218453.33
      24.255     0.999996       219667    262144.00
      24.255     1.000000       219667          inf
#[Mean    =        1.917, StdDeviation   =        1.039]
#[Max     =       24.240, Total count    =       219667]
#[Buckets =           27, SubBuckets     =         2048]
----------------------------------------------------------
  239450 requests in 2.00m, 2.05GB read
Requests/sec:   1994.75
Transfer/sec:     17.51MB
