Running 2m test @ http://localhost:9002/api/v1/user?id=1
  4 threads and 128 connections
  Thread calibration: mean lat.: 1.165ms, rate sampling interval: 10ms
  Thread calibration: mean lat.: 1.171ms, rate sampling interval: 10ms
  Thread calibration: mean lat.: 1.167ms, rate sampling interval: 10ms
  Thread calibration: mean lat.: 1.168ms, rate sampling interval: 10ms
  Thread Stats   Avg      Stdev     Max   +/- Stdev
    Latency     1.15ms  798.36us  41.31ms   92.96%
    Req/Sec     4.73k   376.99    15.44k    90.46%
  Latency Distribution (HdrHistogram - Recorded Latency)
 50.000%    1.09ms
 75.000%    1.46ms
 90.000%    1.76ms
 99.000%    2.29ms
 99.900%    9.68ms
 99.990%   32.01ms
 99.999%   38.53ms
100.000%   41.34ms

  Detailed Percentile spectrum:
       Value   Percentile   TotalCount 1/(1-Percentile)

       0.141     0.000000            1         1.00
       0.515     0.100000       198245         1.11
       0.670     0.200000       396192         1.25
       0.810     0.300000       593186         1.43
       0.948     0.400000       791090         1.67
       1.087     0.500000       989121         2.00
       1.158     0.550000      1088316         2.22
       1.231     0.600000      1187285         2.50
       1.305     0.650000      1285766         2.86
       1.381     0.700000      1384209         3.33
       1.460     0.750000      1483676         4.00
       1.501     0.775000      1532822         4.44
       1.544     0.800000      1582245         5.00
       1.590     0.825000      1631422         5.71
       1.639     0.850000      1680617         6.67
       1.694     0.875000      1730417         8.00
       1.724     0.887500      1754960         8.89
       1.757     0.900000      1779836        10.00
       1.792     0.912500      1804415        11.43
       1.831     0.925000      1829344        13.33
       1.873     0.937500      1853639        16.00
       1.897     0.943750      1865974        17.78
       1.923     0.950000      1878400        20.00
       1.951     0.956250      1890686        22.86
       1.983     0.962500      1903147        26.67
       2.021     0.968750      1915545        32.00
       2.042     0.971875      1921557        35.56
       2.067     0.975000      1927968        40.00
       2.095     0.978125      1934018        45.71
       2.131     0.981250      1940361        53.33
       2.173     0.984375      1946411        64.00
       2.199     0.985938      1949441        71.11
       2.229     0.987500      1952460        80.00
       2.267     0.989062      1955619        91.43
       2.315     0.990625      1958660       106.67
       2.385     0.992188      1961710       128.00
       2.437     0.992969      1963258       142.22
       2.519     0.993750      1964775       160.00
       2.779     0.994531      1966311       182.86
       3.827     0.995313      1967854       213.33
       4.983     0.996094      1969400       256.00
       5.519     0.996484      1970174       284.44
       6.039     0.996875      1970945       320.00
       6.567     0.997266      1971725       365.71
       7.123     0.997656      1972490       426.67
       7.743     0.998047      1973263       512.00
       8.107     0.998242      1973649       568.89
       8.455     0.998437      1974033       640.00
       8.863     0.998633      1974418       731.43
       9.279     0.998828      1974808       853.33
       9.727     0.999023      1975194      1024.00
       9.999     0.999121      1975387      1137.78
      10.271     0.999219      1975580      1280.00
      10.607     0.999316      1975772      1462.86
      10.951     0.999414      1975967      1706.67
      11.495     0.999512      1976160      2048.00
      11.871     0.999561      1976254      2275.56
      12.631     0.999609      1976349      2560.00
      14.607     0.999658      1976446      2925.71
      18.143     0.999707      1976542      3413.33
      21.455     0.999756      1976639      4096.00
      23.423     0.999780      1976687      4551.11
      24.879     0.999805      1976735      5120.00
      26.687     0.999829      1976784      5851.43
      28.383     0.999854      1976832      6826.67
      30.223     0.999878      1976880      8192.00
      31.199     0.999890      1976904      9102.22
      32.271     0.999902      1976928     10240.00
      32.959     0.999915      1976955     11702.86
      33.503     0.999927      1976977     13653.33
      34.207     0.999939      1977001     16384.00
      34.527     0.999945      1977014     18204.44
      34.911     0.999951      1977025     20480.00
      35.231     0.999957      1977038     23405.71
      35.743     0.999963      1977049     27306.67
      36.703     0.999969      1977061     32768.00
      37.119     0.999973      1977069     36408.89
      37.311     0.999976      1977074     40960.00
      37.535     0.999979      1977080     46811.43
      37.759     0.999982      1977087     54613.33
      37.951     0.999985      1977091     65536.00
      38.207     0.999986      1977095     72817.78
      38.303     0.999988      1977097     81920.00
      38.463     0.999989      1977100     93622.86
      38.559     0.999991      1977104    109226.67
      38.687     0.999992      1977106    131072.00
      38.783     0.999993      1977108    145635.56
      38.911     0.999994      1977109    163840.00
      39.231     0.999995      1977111    187245.71
      39.295     0.999995      1977112    218453.33
      39.391     0.999996      1977115    262144.00
      39.391     0.999997      1977115    291271.11
      39.391     0.999997      1977115    327680.00
      39.583     0.999997      1977116    374491.43
      39.711     0.999998      1977117    436906.67
      40.095     0.999998      1977118    524288.00
      40.095     0.999998      1977118    582542.22
      40.095     0.999998      1977118    655360.00
      40.191     0.999999      1977119    748982.86
      40.191     0.999999      1977119    873813.33
      40.767     0.999999      1977120   1048576.00
      40.767     0.999999      1977120   1165084.44
      40.767     0.999999      1977120   1310720.00
      40.767     0.999999      1977120   1497965.71
      40.767     0.999999      1977120   1747626.67
      41.343     1.000000      1977121   2097152.00
      41.343     1.000000      1977121          inf
#[Mean    =        1.148, StdDeviation   =        0.798]
#[Max     =       41.312, Total count    =      1977121]
#[Buckets =           27, SubBuckets     =         2048]
----------------------------------------------------------
  2158649 requests in 2.00m, 236.74MB read
Requests/sec:  17988.63
Transfer/sec:      1.97MB
