Running 2m test @ http://localhost:9008/api/v1/users
  4 threads and 128 connections
  Thread calibration: mean lat.: 1.349ms, rate sampling interval: 10ms
  Thread calibration: mean lat.: 1.363ms, rate sampling interval: 10ms
  Thread calibration: mean lat.: 1.354ms, rate sampling interval: 10ms
  Thread calibration: mean lat.: 1.336ms, rate sampling interval: 10ms
  Thread Stats   Avg      Stdev     Max   +/- Stdev
    Latency     1.35ms  384.60us   3.44ms   67.17%
    Req/Sec   157.52     92.81   333.00     72.67%
  Latency Distribution (HdrHistogram - Recorded Latency)
 50.000%    1.36ms
 75.000%    1.60ms
 90.000%    1.83ms
 99.000%    2.30ms
 99.900%    2.52ms
 99.990%    2.87ms
 99.999%    3.40ms
100.000%    3.44ms

  Detailed Percentile spectrum:
       Value   Percentile   TotalCount 1/(1-Percentile)

       0.559     0.000000            1         1.00
       0.819     0.100000         6628         1.11
       0.982     0.200000        13192         1.25
       1.128     0.300000        19785         1.43
       1.253     0.400000        26376         1.67
       1.364     0.500000        32979         2.00
       1.415     0.550000        36259         2.22
       1.464     0.600000        39577         2.50
       1.510     0.650000        42868         2.86
       1.555     0.700000        46154         3.33
       1.599     0.750000        49445         4.00
       1.622     0.775000        51101         4.44
       1.648     0.800000        52762         5.00
       1.680     0.825000        54402         5.71
       1.718     0.850000        56018         6.67
       1.766     0.875000        57687         8.00
       1.793     0.887500        58498         8.89
       1.825     0.900000        59312        10.00
       1.862     0.912500        60134        11.43
       1.902     0.925000        60963        13.33
       1.951     0.937500        61795        16.00
       1.978     0.943750        62202        17.78
       2.006     0.950000        62608        20.00
       2.037     0.956250        63020        22.86
       2.073     0.962500        63447        26.67
       2.107     0.968750        63846        32.00
       2.129     0.971875        64052        35.56
       2.153     0.975000        64263        40.00
       2.177     0.978125        64466        45.71
       2.207     0.981250        64670        53.33
       2.235     0.984375        64872        64.00
       2.251     0.985938        64976        71.11
       2.265     0.987500        65080        80.00
       2.283     0.989062        65182        91.43
       2.303     0.990625        65283       106.67
       2.329     0.992188        65391       128.00
       2.339     0.992969        65435       142.22
       2.355     0.993750        65499       160.00
       2.367     0.994531        65539       182.86
       2.387     0.995313        65594       213.33
       2.407     0.996094        65642       256.00
       2.413     0.996484        65668       284.44
       2.427     0.996875        65694       320.00
       2.437     0.997266        65718       365.71
       2.451     0.997656        65746       426.67
       2.465     0.998047        65769       512.00
       2.473     0.998242        65784       568.89
       2.483     0.998437        65795       640.00
       2.497     0.998633        65807       731.43
       2.513     0.998828        65823       853.33
       2.525     0.999023        65835      1024.00
       2.531     0.999121        65840      1137.78
       2.541     0.999219        65846      1280.00
       2.563     0.999316        65853      1462.86
       2.581     0.999414        65861      1706.67
       2.585     0.999512        65865      2048.00
       2.605     0.999561        65869      2275.56
       2.611     0.999609        65872      2560.00
       2.649     0.999658        65875      2925.71
       2.657     0.999707        65878      3413.33
       2.679     0.999756        65881      4096.00
       2.689     0.999780        65883      4551.11
       2.721     0.999805        65885      5120.00
       2.725     0.999829        65886      5851.43
       2.807     0.999854        65888      6826.67
       2.813     0.999878        65889      8192.00
       2.865     0.999890        65890      9102.22
       2.869     0.999902        65891     10240.00
       3.019     0.999915        65892     11702.86
       3.095     0.999927        65893     13653.33
       3.095     0.999939        65893     16384.00
       3.105     0.999945        65894     18204.44
       3.105     0.999951        65894     20480.00
       3.139     0.999957        65895     23405.71
       3.139     0.999963        65895     27306.67
       3.139     0.999969        65895     32768.00
       3.405     0.999973        65896     36408.89
       3.405     0.999976        65896     40960.00
       3.405     0.999979        65896     46811.43
       3.405     0.999982        65896     54613.33
       3.405     0.999985        65896     65536.00
       3.445     0.999986        65897     72817.78
       3.445     1.000000        65897          inf
#[Mean    =        1.347, StdDeviation   =        0.385]
#[Max     =        3.444, Total count    =        65897]
#[Buckets =           27, SubBuckets     =         2048]
----------------------------------------------------------
  72025 requests in 2.00m, 646.30MB read
Requests/sec:    600.18
Transfer/sec:      5.39MB
