Running 5m test @ https://localhost:8080/api/v1/user?id=1
  4 threads and 32 connections
  Thread calibration: mean lat.: 0.822ms, rate sampling interval: 10ms
  Thread calibration: mean lat.: 0.844ms, rate sampling interval: 10ms
  Thread calibration: mean lat.: 0.918ms, rate sampling interval: 10ms
  Thread calibration: mean lat.: 0.790ms, rate sampling interval: 10ms
  Thread Stats   Avg      Stdev     Max   +/- Stdev
    Latency   764.35us  346.66us  14.95ms   65.71%
    Req/Sec   265.95     76.44   600.00     88.89%
  Latency Distribution (HdrHistogram - Recorded Latency)
 50.000%  764.00us
 75.000%    1.01ms
 90.000%    1.17ms
 99.000%    1.70ms
 99.900%    1.95ms
 99.990%    2.23ms
 99.999%   13.94ms
100.000%   14.96ms

  Detailed Percentile spectrum:
       Value   Percentile   TotalCount 1/(1-Percentile)

       0.122     0.000000            1         1.00
       0.301     0.100000        29025         1.11
       0.428     0.200000        58020         1.25
       0.542     0.300000        87251         1.43
       0.656     0.400000       116134         1.67
       0.764     0.500000       145194         2.00
       0.818     0.550000       159598         2.22
       0.871     0.600000       174091         2.50
       0.921     0.650000       188608         2.86
       0.968     0.700000       203215         3.33
       1.015     0.750000       217612         4.00
       1.040     0.775000       224832         4.44
       1.065     0.800000       232125         5.00
       1.090     0.825000       239431         5.71
       1.115     0.850000       246680         6.67
       1.139     0.875000       253893         8.00
       1.152     0.887500       257570         8.89
       1.166     0.900000       261176        10.00
       1.179     0.912500       264668        11.43
       1.193     0.925000       268342        13.33
       1.228     0.937500       271899        16.00
       1.253     0.943750       273700        17.78
       1.288     0.950000       275475        20.00
       1.328     0.956250       277314        22.86
       1.373     0.962500       279104        26.67
       1.421     0.968750       280918        32.00
       1.452     0.971875       281830        35.56
       1.485     0.975000       282714        40.00
       1.525     0.978125       283637        45.71
       1.565     0.981250       284526        53.33
       1.606     0.984375       285440        64.00
       1.634     0.985938       285890        71.11
       1.660     0.987500       286343        80.00
       1.683     0.989062       286797        91.43
       1.707     0.990625       287246       106.67
       1.731     0.992188       287705       128.00
       1.743     0.992969       287930       142.22
       1.755     0.993750       288165       160.00
       1.768     0.994531       288384       182.86
       1.780     0.995313       288606       213.33
       1.798     0.996094       288832       256.00
       1.808     0.996484       288956       284.44
       1.819     0.996875       289060       320.00
       1.832     0.997266       289175       365.71
       1.848     0.997656       289281       426.67
       1.872     0.998047       289394       512.00
       1.883     0.998242       289454       568.89
       1.895     0.998437       289515       640.00
       1.906     0.998633       289568       731.43
       1.926     0.998828       289624       853.33
       1.953     0.999023       289678      1024.00
       1.965     0.999121       289708      1137.78
       1.981     0.999219       289735      1280.00
       2.000     0.999316       289764      1462.86
       2.025     0.999414       289792      1706.67
       2.051     0.999512       289821      2048.00
       2.063     0.999561       289833      2275.56
       2.075     0.999609       289850      2560.00
       2.083     0.999658       289861      2925.71
       2.107     0.999707       289876      3413.33
       2.139     0.999756       289892      4096.00
       2.145     0.999780       289899      4551.11
       2.161     0.999805       289905      5120.00
       2.185     0.999829       289912      5851.43
       2.197     0.999854       289918      6826.67
       2.219     0.999878       289925      8192.00
       2.229     0.999890       289930      9102.22
       2.235     0.999902       289932     10240.00
       2.277     0.999915       289936     11702.86
       2.339     0.999927       289939     13653.33
       2.701     0.999939       289943     16384.00
       3.683     0.999945       289945     18204.44
       3.973     0.999951       289946     20480.00
       4.671     0.999957       289948     23405.71
       4.847     0.999963       289950     27306.67
       4.987     0.999969       289952     32768.00
       8.935     0.999973       289953     36408.89
       8.935     0.999976       289953     40960.00
       9.567     0.999979       289954     46811.43
       9.863     0.999982       289955     54613.33
       9.999     0.999985       289956     65536.00
      13.943     0.999986       289957     72817.78
      13.943     0.999988       289957     81920.00
      13.943     0.999989       289957     93622.86
      14.183     0.999991       289958    109226.67
      14.183     0.999992       289958    131072.00
      14.847     0.999993       289959    145635.56
      14.847     0.999994       289959    163840.00
      14.847     0.999995       289959    187245.71
      14.847     0.999995       289959    218453.33
      14.847     0.999996       289959    262144.00
      14.959     0.999997       289960    291271.11
      14.959     1.000000       289960          inf
#[Mean    =        0.764, StdDeviation   =        0.347]
#[Max     =       14.952, Total count    =       289960]
#[Buckets =           27, SubBuckets     =         2048]
----------------------------------------------------------
  300000 requests in 5.00m, 32.90MB read
Requests/sec:    999.99
Transfer/sec:    112.30KB
