Running 2m test @ http://localhost:9001/api/v1/user?id=1
  4 threads and 128 connections
  Thread calibration: mean lat.: 1.258ms, rate sampling interval: 10ms
  Thread calibration: mean lat.: 1.256ms, rate sampling interval: 10ms
  Thread calibration: mean lat.: 1.241ms, rate sampling interval: 10ms
  Thread calibration: mean lat.: 1.300ms, rate sampling interval: 10ms
  Thread Stats   Avg      Stdev     Max   +/- Stdev
    Latency     1.26ms  553.22us  19.06ms   67.76%
    Req/Sec     4.22k   274.63     6.70k    69.20%
  Latency Distribution (HdrHistogram - Recorded Latency)
 50.000%    1.21ms
 75.000%    1.63ms
 90.000%    1.99ms
 99.000%    2.64ms
 99.900%    3.64ms
 99.990%    8.29ms
 99.999%   13.38ms
100.000%   19.07ms

  Detailed Percentile spectrum:
       Value   Percentile   TotalCount 1/(1-Percentile)

       0.184     0.000000            2         1.00
       0.598     0.100000       176464         1.11
       0.771     0.200000       351871         1.25
       0.917     0.300000       528442         1.43
       1.059     0.400000       703273         1.67
       1.209     0.500000       879021         2.00
       1.285     0.550000       966923         2.22
       1.363     0.600000      1054519         2.50
       1.446     0.650000      1142536         2.86
       1.535     0.700000      1230585         3.33
       1.629     0.750000      1318395         4.00
       1.679     0.775000      1362379         4.44
       1.731     0.800000      1406248         5.00
       1.786     0.825000      1450017         5.71
       1.846     0.850000      1493973         6.67
       1.914     0.875000      1538187         8.00
       1.951     0.887500      1560037         8.89
       1.991     0.900000      1581808        10.00
       2.036     0.912500      1604045        11.43
       2.087     0.925000      1626460        13.33
       2.145     0.937500      1648244        16.00
       2.177     0.943750      1658997        17.78
       2.211     0.950000      1669607        20.00
       2.251     0.956250      1680688        22.86
       2.295     0.962500      1691844        26.67
       2.345     0.968750      1702676        32.00
       2.373     0.971875      1708028        35.56
       2.405     0.975000      1713752        40.00
       2.439     0.978125      1719089        45.71
       2.479     0.981250      1724538        53.33
       2.525     0.984375      1730032        64.00
       2.553     0.985938      1732921        71.11
       2.583     0.987500      1735603        80.00
       2.615     0.989062      1738254        91.43
       2.653     0.990625      1740995       106.67
       2.699     0.992188      1743722       128.00
       2.727     0.992969      1745133       142.22
       2.759     0.993750      1746536       160.00
       2.791     0.994531      1747851       182.86
       2.833     0.995313      1749277       213.33
       2.881     0.996094      1750616       256.00
       2.911     0.996484      1751304       284.44
       2.947     0.996875      1751975       320.00
       2.991     0.997266      1752650       365.71
       3.049     0.997656      1753340       426.67
       3.133     0.998047      1754024       512.00
       3.193     0.998242      1754369       568.89
       3.265     0.998437      1754706       640.00
       3.369     0.998633      1755050       731.43
       3.497     0.998828      1755398       853.33
       3.657     0.999023      1755738      1024.00
       3.759     0.999121      1755908      1137.78
       3.875     0.999219      1756081      1280.00
       3.993     0.999316      1756253      1462.86
       4.139     0.999414      1756426      1706.67
       4.327     0.999512      1756595      2048.00
       4.447     0.999561      1756683      2275.56
       4.603     0.999609      1756769      2560.00
       4.759     0.999658      1756852      2925.71
       5.023     0.999707      1756939      3413.33
       5.383     0.999756      1757023      4096.00
       5.591     0.999780      1757066      4551.11
       6.007     0.999805      1757110      5120.00
       6.431     0.999829      1757152      5851.43
       6.955     0.999854      1757195      6826.67
       7.591     0.999878      1757238      8192.00
       8.035     0.999890      1757259      9102.22
       8.375     0.999902      1757281     10240.00
       8.799     0.999915      1757302     11702.86
       9.127     0.999927      1757324     13653.33
       9.439     0.999939      1757345     16384.00
       9.815     0.999945      1757356     18204.44
      10.263     0.999951      1757367     20480.00
      10.535     0.999957      1757377     23405.71
      10.855     0.999963      1757388     27306.67
      11.423     0.999969      1757399     32768.00
      11.703     0.999973      1757404     36408.89
      11.887     0.999976      1757410     40960.00
      12.007     0.999979      1757415     46811.43
      12.247     0.999982      1757420     54613.33
      12.831     0.999985      1757426     65536.00
      12.991     0.999986      1757428     72817.78
      13.135     0.999988      1757431     81920.00
      13.383     0.999989      1757434     93622.86
      13.431     0.999991      1757436    109226.67
      13.655     0.999992      1757439    131072.00
      14.191     0.999993      1757440    145635.56
      14.255     0.999994      1757442    163840.00
      14.311     0.999995      1757443    187245.71
      14.687     0.999995      1757444    218453.33
      14.847     0.999996      1757446    262144.00
      14.847     0.999997      1757446    291271.11
      14.903     0.999997      1757447    327680.00
      14.919     0.999997      1757448    374491.43
      14.919     0.999998      1757448    436906.67
      15.071     0.999998      1757449    524288.00
      15.071     0.999998      1757449    582542.22
      15.743     0.999998      1757450    655360.00
      15.743     0.999999      1757450    748982.86
      15.743     0.999999      1757450    873813.33
      15.839     0.999999      1757451   1048576.00
      15.839     0.999999      1757451   1165084.44
      15.839     0.999999      1757451   1310720.00
      15.839     0.999999      1757451   1497965.71
      15.839     0.999999      1757451   1747626.67
      19.071     1.000000      1757452   2097152.00
      19.071     1.000000      1757452          inf
#[Mean    =        1.264, StdDeviation   =        0.553]
#[Max     =       19.056, Total count    =      1757452]
#[Buckets =           27, SubBuckets     =         2048]
----------------------------------------------------------
  1918804 requests in 2.00m, 595.07MB read
Requests/sec:  15989.91
Transfer/sec:      4.96MB
