Running 2m test @ http://localhost:9003/api/v1/users
  4 threads and 128 connections
  Thread calibration: mean lat.: 1.321ms, rate sampling interval: 10ms
  Thread calibration: mean lat.: 1.320ms, rate sampling interval: 10ms
  Thread calibration: mean lat.: 1.341ms, rate sampling interval: 10ms
  Thread calibration: mean lat.: 1.361ms, rate sampling interval: 10ms
  Thread Stats   Avg      Stdev     Max   +/- Stdev
    Latency     1.34ms  424.52us   8.12ms   65.32%
    Req/Sec   526.30    106.42     0.89k    58.19%
  Latency Distribution (HdrHistogram - Recorded Latency)
 50.000%    1.31ms
 75.000%    1.64ms
 90.000%    1.93ms
 99.000%    2.33ms
 99.900%    2.69ms
 99.990%    4.26ms
 99.999%    7.37ms
100.000%    8.12ms

  Detailed Percentile spectrum:
       Value   Percentile   TotalCount 1/(1-Percentile)

       0.515     0.000000            1         1.00
       0.807     0.100000        22056         1.11
       0.952     0.200000        44008         1.25
       1.071     0.300000        65918         1.43
       1.189     0.400000        87929         1.67
       1.311     0.500000       109889         2.00
       1.375     0.550000       120992         2.22
       1.440     0.600000       131960         2.50
       1.503     0.650000       142928         2.86
       1.568     0.700000       153825         3.33
       1.637     0.750000       164793         4.00
       1.677     0.775000       170284         4.44
       1.719     0.800000       175789         5.00
       1.764     0.825000       181314         5.71
       1.813     0.850000       186777         6.67
       1.866     0.875000       192289         8.00
       1.895     0.887500       195025         8.89
       1.926     0.900000       197795        10.00
       1.957     0.912500       200458        11.43
       1.995     0.925000       203263        13.33
       2.037     0.937500       205996        16.00
       2.061     0.943750       207421        17.78
       2.085     0.950000       208769        20.00
       2.109     0.956250       210127        22.86
       2.133     0.962500       211453        26.67
       2.163     0.968750       212881        32.00
       2.179     0.971875       213562        35.56
       2.195     0.975000       214190        40.00
       2.215     0.978125       214876        45.71
       2.239     0.981250       215579        53.33
       2.263     0.984375       216243        64.00
       2.277     0.985938       216584        71.11
       2.295     0.987500       216959        80.00
       2.313     0.989062       217278        91.43
       2.335     0.990625       217621       106.67
       2.361     0.992188       217965       128.00
       2.375     0.992969       218132       142.22
       2.393     0.993750       218316       160.00
       2.413     0.994531       218476       182.86
       2.435     0.995313       218653       213.33
       2.461     0.996094       218819       256.00
       2.475     0.996484       218905       284.44
       2.493     0.996875       218995       320.00
       2.509     0.997266       219078       365.71
       2.529     0.997656       219160       426.67
       2.557     0.998047       219243       512.00
       2.575     0.998242       219289       568.89
       2.589     0.998437       219330       640.00
       2.615     0.998633       219376       731.43
       2.641     0.998828       219419       853.33
       2.697     0.999023       219458      1024.00
       2.733     0.999121       219481      1137.78
       2.809     0.999219       219502      1280.00
       3.015     0.999316       219522      1462.86
       3.213     0.999414       219544      1706.67
       3.369     0.999512       219565      2048.00
       3.465     0.999561       219577      2275.56
       3.555     0.999609       219587      2560.00
       3.701     0.999658       219598      2925.71
       3.757     0.999707       219608      3413.33
       3.863     0.999756       219619      4096.00
       3.903     0.999780       219624      4551.11
       3.927     0.999805       219630      5120.00
       3.979     0.999829       219635      5851.43
       4.025     0.999854       219640      6826.67
       4.135     0.999878       219646      8192.00
       4.183     0.999890       219648      9102.22
       4.279     0.999902       219651     10240.00
       4.295     0.999915       219654     11702.86
       4.391     0.999927       219656     13653.33
       4.491     0.999939       219659     16384.00
       4.527     0.999945       219660     18204.44
       4.575     0.999951       219662     20480.00
       4.671     0.999957       219663     23405.71
       4.787     0.999963       219664     27306.67
       6.707     0.999969       219666     32768.00
       6.707     0.999973       219666     36408.89
       6.751     0.999976       219667     40960.00
       6.771     0.999979       219668     46811.43
       6.771     0.999982       219668     54613.33
       7.023     0.999985       219669     65536.00
       7.023     0.999986       219669     72817.78
       7.367     0.999988       219670     81920.00
       7.367     0.999989       219670     93622.86
       7.367     0.999991       219670    109226.67
       7.519     0.999992       219671    131072.00
       7.519     0.999993       219671    145635.56
       7.519     0.999994       219671    163840.00
       7.519     0.999995       219671    187245.71
       7.519     0.999995       219671    218453.33
       8.123     0.999996       219672    262144.00
       8.123     1.000000       219672          inf
#[Mean    =        1.344, StdDeviation   =        0.425]
#[Max     =        8.120, Total count    =       219672]
#[Buckets =           27, SubBuckets     =         2048]
----------------------------------------------------------
  239904 requests in 2.00m, 2.06GB read
Requests/sec:   1999.17
Transfer/sec:     17.57MB
