Running 2m test @ http://localhost:9003/api/v1/users
  4 threads and 128 connections
  Thread calibration: mean lat.: 1.604ms, rate sampling interval: 10ms
  Thread calibration: mean lat.: 1.567ms, rate sampling interval: 10ms
  Thread calibration: mean lat.: 1.566ms, rate sampling interval: 10ms
  Thread calibration: mean lat.: 3.286ms, rate sampling interval: 10ms
  Thread Stats   Avg      Stdev     Max   +/- Stdev
    Latency    13.01ms   85.09ms   1.03s    98.03%
    Req/Sec     1.58k   790.34     4.70k    76.21%
  Latency Distribution (HdrHistogram - Recorded Latency)
 50.000%    1.74ms
 75.000%    2.78ms
 90.000%    3.88ms
 99.000%  545.28ms
 99.900%  963.58ms
 99.990%    1.00s 
 99.999%    1.03s 
100.000%    1.03s 

  Detailed Percentile spectrum:
       Value   Percentile   TotalCount 1/(1-Percentile)

       0.512     0.000000            1         1.00
       0.921     0.100000        66090         1.11
       1.126     0.200000       131830         1.25
       1.317     0.300000       198044         1.43
       1.513     0.400000       263660         1.67
       1.738     0.500000       329619         2.00
       1.873     0.550000       362483         2.22
       2.028     0.600000       395482         2.50
       2.201     0.650000       428674         2.86
       2.419     0.700000       461382         3.33
       2.779     0.750000       494297         4.00
       2.979     0.775000       510848         4.44
       3.163     0.800000       527232         5.00
       3.341     0.825000       543847         5.71
       3.515     0.850000       560307         6.67
       3.691     0.875000       576742         8.00
       3.783     0.887500       584908         8.89
       3.879     0.900000       593223        10.00
       3.985     0.912500       601491        11.43
       4.103     0.925000       609690        13.33
       4.243     0.937500       618016        16.00
       4.319     0.943750       621962        17.78
       4.411     0.950000       626106        20.00
       4.519     0.956250       630188        22.86
       4.659     0.962500       634312        26.67
       4.863     0.968750       638435        32.00
       5.023     0.971875       640486        35.56
       5.315     0.975000       642537        40.00
      17.967     0.978125       644595        45.71
     141.055     0.981250       646655        53.33
     287.231     0.984375       648713        64.00
     358.143     0.985938       649743        71.11
     430.591     0.987500       650776        80.00
     503.295     0.989062       651804        91.43
     574.463     0.990625       652832       106.67
     647.679     0.992188       653862       128.00
     684.543     0.992969       654382       142.22
     721.407     0.993750       654893       160.00
     757.759     0.994531       655407       182.86
     794.623     0.995313       655925       213.33
     830.463     0.996094       656440       256.00
     848.383     0.996484       656695       284.44
     866.815     0.996875       656961       320.00
     884.735     0.997266       657218       365.71
     903.167     0.997656       657478       426.67
     921.087     0.998047       657734       512.00
     930.303     0.998242       657873       568.89
     939.007     0.998437       657999       640.00
     947.711     0.998633       658129       731.43
     955.903     0.998828       658250       853.33
     964.095     0.999023       658370      1024.00
     967.679     0.999121       658436      1137.78
     972.287     0.999219       658503      1280.00
     975.871     0.999316       658568      1462.86
     980.479     0.999414       658633      1706.67
     984.063     0.999512       658693      2048.00
     986.623     0.999561       658723      2275.56
     988.671     0.999609       658762      2560.00
     989.695     0.999658       658788      2925.71
     992.255     0.999707       658821      3413.33
     994.815     0.999756       658850      4096.00
     996.351     0.999780       658866      4551.11
     996.863     0.999805       658885      5120.00
     997.375     0.999829       658903      5851.43
     998.399     0.999854       658926      6826.67
     998.911     0.999878       658930      8192.00
     999.935     0.999890       658943      9102.22
    1000.447     0.999902       658949     10240.00
    1000.959     0.999915       658957     11702.86
    1001.471     0.999927       658964     13653.33
    1001.983     0.999939       658975     16384.00
    1001.983     0.999945       658975     18204.44
    1003.007     0.999951       658979     20480.00
    1009.151     0.999957       658983     23405.71
    1010.175     0.999963       658987     27306.67
    1011.711     0.999969       658990     32768.00
    1017.343     0.999973       658993     36408.89
    1017.855     0.999976       658995     40960.00
    1018.879     0.999979       658997     46811.43
    1019.391     0.999982       658999     54613.33
    1019.903     0.999985       659000     65536.00
    1025.023     0.999986       659002     72817.78
    1025.023     0.999988       659002     81920.00
    1025.535     0.999989       659003     93622.86
    1026.047     0.999991       659005    109226.67
    1026.047     0.999992       659005    131072.00
    1026.559     0.999993       659006    145635.56
    1026.559     0.999994       659006    163840.00
    1027.071     0.999995       659007    187245.71
    1027.071     0.999995       659007    218453.33
    1027.583     0.999996       659010    262144.00
    1027.583     1.000000       659010          inf
#[Mean    =       13.006, StdDeviation   =       85.094]
#[Max     =     1027.072, Total count    =       659010]
#[Buckets =           27, SubBuckets     =         2048]
----------------------------------------------------------
  718183 requests in 2.00m, 6.17GB read
Requests/sec:   5984.85
Transfer/sec:     52.61MB
