Running 2m test @ http://localhost:9002/api/v1/users
  4 threads and 128 connections
  Thread calibration: mean lat.: 1.982ms, rate sampling interval: 10ms
  Thread calibration: mean lat.: 4.007ms, rate sampling interval: 10ms
  Thread calibration: mean lat.: 1.961ms, rate sampling interval: 10ms
  Thread calibration: mean lat.: 1.955ms, rate sampling interval: 10ms
  Thread Stats   Avg      Stdev     Max   +/- Stdev
    Latency     2.54ms    1.56ms  39.52ms   79.35%
    Req/Sec     1.58k   791.24     5.33k    77.51%
  Latency Distribution (HdrHistogram - Recorded Latency)
 50.000%    2.11ms
 75.000%    3.39ms
 90.000%    4.58ms
 99.000%    5.97ms
 99.900%   18.61ms
 99.990%   33.44ms
 99.999%   37.60ms
100.000%   39.55ms

  Detailed Percentile spectrum:
       Value   Percentile   TotalCount 1/(1-Percentile)

       0.648     0.000000            1         1.00
       1.133     0.100000        65930         1.11
       1.362     0.200000       131848         1.25
       1.572     0.300000       197846         1.43
       1.807     0.400000       263717         1.67
       2.109     0.500000       329517         2.00
       2.297     0.550000       362652         2.22
       2.501     0.600000       395639         2.50
       2.729     0.650000       428371         2.86
       3.031     0.700000       461407         3.33
       3.393     0.750000       494345         4.00
       3.583     0.775000       510755         4.44
       3.779     0.800000       527292         5.00
       3.977     0.825000       543775         5.71
       4.179     0.850000       560329         6.67
       4.375     0.875000       576653         8.00
       4.475     0.887500       584906         8.89
       4.579     0.900000       593233        10.00
       4.683     0.912500       601362        11.43
       4.799     0.925000       609750        13.33
       4.919     0.937500       617957        16.00
       4.983     0.943750       622005        17.78
       5.055     0.950000       626247        20.00
       5.127     0.956250       630185        22.86
       5.215     0.962500       634445        26.67
       5.311     0.968750       638543        32.00
       5.367     0.971875       640611        35.56
       5.427     0.975000       642570        40.00
       5.499     0.978125       644676        45.71
       5.583     0.981250       646687        53.33
       5.683     0.984375       648751        64.00
       5.747     0.985938       649760        71.11
       5.819     0.987500       650821        80.00
       5.903     0.989062       651807        91.43
       6.015     0.990625       652863       106.67
       6.167     0.992188       653866       128.00
       6.271     0.992969       654385       142.22
       6.383     0.993750       654901       160.00
       6.531     0.994531       655409       182.86
       6.739     0.995313       655919       213.33
       7.039     0.996094       656437       256.00
       7.223     0.996484       656690       284.44
       7.511     0.996875       656947       320.00
       7.831     0.997266       657205       365.71
       8.359     0.997656       657465       426.67
       9.855     0.998047       657719       512.00
      11.239     0.998242       657848       568.89
      13.183     0.998437       657978       640.00
      14.751     0.998633       658106       731.43
      16.767     0.998828       658234       853.33
      18.959     0.999023       658363      1024.00
      20.239     0.999121       658427      1137.78
      20.927     0.999219       658494      1280.00
      21.999     0.999316       658557      1462.86
      23.439     0.999414       658621      1706.67
      25.055     0.999512       658685      2048.00
      26.063     0.999561       658717      2275.56
      26.943     0.999609       658750      2560.00
      27.695     0.999658       658781      2925.71
      28.959     0.999707       658813      3413.33
      30.111     0.999756       658847      4096.00
      30.367     0.999780       658862      4551.11
      30.943     0.999805       658878      5120.00
      31.551     0.999829       658894      5851.43
      31.935     0.999854       658910      6826.67
      32.751     0.999878       658927      8192.00
      33.151     0.999890       658935      9102.22
      33.439     0.999902       658942     10240.00
      33.855     0.999915       658950     11702.86
      34.079     0.999927       658958     13653.33
      34.463     0.999939       658966     16384.00
      34.591     0.999945       658970     18204.44
      34.847     0.999951       658974     20480.00
      35.263     0.999957       658978     23405.71
      35.807     0.999963       658982     27306.67
      36.095     0.999969       658986     32768.00
      36.287     0.999973       658988     36408.89
      36.575     0.999976       658990     40960.00
      36.863     0.999979       658993     46811.43
      37.023     0.999982       658994     54613.33
      37.151     0.999985       658996     65536.00
      37.215     0.999986       658997     72817.78
      37.247     0.999988       658998     81920.00
      37.599     0.999989       658999     93622.86
      37.727     0.999991       659000    109226.67
      38.047     0.999992       659001    131072.00
      38.527     0.999993       659002    145635.56
      38.527     0.999994       659002    163840.00
      38.943     0.999995       659003    187245.71
      38.943     0.999995       659003    218453.33
      39.263     0.999996       659004    262144.00
      39.263     0.999997       659004    291271.11
      39.263     0.999997       659004    327680.00
      39.327     0.999997       659005    374491.43
      39.327     0.999998       659005    436906.67
      39.327     0.999998       659005    524288.00
      39.327     0.999998       659005    582542.22
      39.327     0.999998       659005    655360.00
      39.551     0.999999       659006    748982.86
      39.551     1.000000       659006          inf
#[Mean    =        2.543, StdDeviation   =        1.557]
#[Max     =       39.520, Total count    =       659006]
#[Buckets =           27, SubBuckets     =         2048]
----------------------------------------------------------
  718183 requests in 2.00m, 6.17GB read
Requests/sec:   5984.77
Transfer/sec:     52.61MB
