Running 2m test @ http://localhost:9000/api/v1/user?id=1
  4 threads and 128 connections
  Thread calibration: mean lat.: 1.259ms, rate sampling interval: 10ms
  Thread calibration: mean lat.: 1.261ms, rate sampling interval: 10ms
  Thread calibration: mean lat.: 1.270ms, rate sampling interval: 10ms
  Thread calibration: mean lat.: 1.203ms, rate sampling interval: 10ms
  Thread Stats   Avg      Stdev     Max   +/- Stdev
    Latency     1.25ms  566.20us   6.19ms   66.91%
    Req/Sec    11.85k   836.27    16.89k    69.60%
  Latency Distribution (HdrHistogram - Recorded Latency)
 50.000%    1.18ms
 75.000%    1.62ms
 90.000%    2.03ms
 99.000%    2.69ms
 99.900%    3.20ms
 99.990%    4.11ms
 99.999%    5.11ms
100.000%    6.19ms

  Detailed Percentile spectrum:
       Value   Percentile   TotalCount 1/(1-Percentile)

       0.074     0.000000            1         1.00
       0.555     0.100000       494975         1.11
       0.740     0.200000       989367         1.25
       0.893     0.300000      1484631         1.43
       1.036     0.400000      1979991         1.67
       1.181     0.500000      2473746         2.00
       1.257     0.550000      2718644         2.22
       1.338     0.600000      2966583         2.50
       1.424     0.650000      3214628         2.86
       1.516     0.700000      3462173         3.33
       1.615     0.750000      3707253         4.00
       1.670     0.775000      3831706         4.44
       1.729     0.800000      3955812         5.00
       1.793     0.825000      4079188         5.71
       1.863     0.850000      4201814         6.67
       1.942     0.875000      4325342         8.00
       1.985     0.887500      4386805         8.89
       2.032     0.900000      4449168        10.00
       2.083     0.912500      4511557        11.43
       2.139     0.925000      4573471        13.33
       2.203     0.937500      4635627        16.00
       2.237     0.943750      4665687        17.78
       2.275     0.950000      4696467        20.00
       2.317     0.956250      4727816        22.86
       2.363     0.962500      4758210        26.67
       2.415     0.968750      4788686        32.00
       2.445     0.971875      4804689        35.56
       2.477     0.975000      4820107        40.00
       2.511     0.978125      4835116        45.71
       2.549     0.981250      4850253        53.33
       2.595     0.984375      4866146        64.00
       2.619     0.985938      4873605        71.11
       2.645     0.987500      4881091        80.00
       2.675     0.989062      4888861        91.43
       2.709     0.990625      4896691       106.67
       2.749     0.992188      4904379       128.00
       2.773     0.992969      4908397       142.22
       2.797     0.993750      4912092       160.00
       2.825     0.994531      4915844       182.86
       2.857     0.995313      4919667       213.33
       2.897     0.996094      4923697       256.00
       2.919     0.996484      4925576       284.44
       2.943     0.996875      4927414       320.00
       2.973     0.997266      4929362       365.71
       3.007     0.997656      4931277       426.67
       3.045     0.998047      4933176       512.00
       3.069     0.998242      4934217       568.89
       3.093     0.998437      4935110       640.00
       3.125     0.998633      4936092       731.43
       3.161     0.998828      4937037       853.33
       3.211     0.999023      4938011      1024.00
       3.239     0.999121      4938480      1137.78
       3.275     0.999219      4938981      1280.00
       3.313     0.999316      4939464      1462.86
       3.361     0.999414      4939926      1706.67
       3.425     0.999512      4940416      2048.00
       3.463     0.999561      4940652      2275.56
       3.511     0.999609      4940899      2560.00
       3.563     0.999658      4941142      2925.71
       3.627     0.999707      4941377      3413.33
       3.707     0.999756      4941617      4096.00
       3.751     0.999780      4941736      4551.11
       3.799     0.999805      4941859      5120.00
       3.855     0.999829      4941978      5851.43
       3.931     0.999854      4942099      6826.67
       4.027     0.999878      4942221      8192.00
       4.071     0.999890      4942281      9102.22
       4.131     0.999902      4942341     10240.00
       4.207     0.999915      4942405     11702.86
       4.279     0.999927      4942463     13653.33
       4.379     0.999939      4942524     16384.00
       4.423     0.999945      4942551     18204.44
       4.475     0.999951      4942581     20480.00
       4.527     0.999957      4942611     23405.71
       4.595     0.999963      4942642     27306.67
       4.643     0.999969      4942672     32768.00
       4.699     0.999973      4942687     36408.89
       4.739     0.999976      4942702     40960.00
       4.783     0.999979      4942717     46811.43
       4.851     0.999982      4942733     54613.33
       4.915     0.999985      4942747     65536.00
       4.971     0.999986      4942756     72817.78
       5.039     0.999988      4942763     81920.00
       5.083     0.999989      4942770     93622.86
       5.147     0.999991      4942777    109226.67
       5.191     0.999992      4942785    131072.00
       5.267     0.999993      4942789    145635.56
       5.303     0.999994      4942793    163840.00
       5.343     0.999995      4942796    187245.71
       5.415     0.999995      4942800    218453.33
       5.463     0.999996      4942804    262144.00
       5.495     0.999997      4942806    291271.11
       5.503     0.999997      4942807    327680.00
       5.595     0.999997      4942809    374491.43
       5.615     0.999998      4942811    436906.67
       5.643     0.999998      4942813    524288.00
       5.651     0.999998      4942814    582542.22
       5.687     0.999998      4942815    655360.00
       5.711     0.999999      4942817    748982.86
       5.711     0.999999      4942817    873813.33
       5.747     0.999999      4942818   1048576.00
       5.747     0.999999      4942818   1165084.44
       5.775     0.999999      4942819   1310720.00
       5.775     0.999999      4942819   1497965.71
       5.823     0.999999      4942820   1747626.67
       5.823     1.000000      4942820   2097152.00
       5.823     1.000000      4942820   2330168.89
       5.967     1.000000      4942821   2621440.00
       5.967     1.000000      4942821   2995931.43
       5.967     1.000000      4942821   3495253.33
       5.967     1.000000      4942821   4194304.00
       5.967     1.000000      4942821   4660337.78
       6.191     1.000000      4942822   5242880.00
       6.191     1.000000      4942822          inf
#[Mean    =        1.246, StdDeviation   =        0.566]
#[Max     =        6.188, Total count    =      4942822]
#[Buckets =           27, SubBuckets     =         2048]
----------------------------------------------------------
  5386114 requests in 2.00m, 642.07MB read
Requests/sec:  44884.18
Transfer/sec:      5.35MB
