Running 2m test @ http://localhost:9008/api/v1/users
  4 threads and 128 connections
  Thread calibration: mean lat.: 1.330ms, rate sampling interval: 10ms
  Thread calibration: mean lat.: 1.346ms, rate sampling interval: 10ms
  Thread calibration: mean lat.: 1.329ms, rate sampling interval: 10ms
  Thread calibration: mean lat.: 1.346ms, rate sampling interval: 10ms
  Thread Stats   Avg      Stdev     Max   +/- Stdev
    Latency     1.33ms  407.99us  15.06ms   66.92%
    Req/Sec   316.11    109.58   600.00     49.79%
  Latency Distribution (HdrHistogram - Recorded Latency)
 50.000%    1.33ms
 75.000%    1.60ms
 90.000%    1.86ms
 99.000%    2.33ms
 99.900%    2.59ms
 99.990%    4.11ms
 99.999%    9.51ms
100.000%   15.07ms

  Detailed Percentile spectrum:
       Value   Percentile   TotalCount 1/(1-Percentile)

       0.531     0.000000            1         1.00
       0.795     0.100000        13244         1.11
       0.951     0.200000        26444         1.25
       1.089     0.300000        39612         1.43
       1.215     0.400000        52793         1.67
       1.331     0.500000        65912         2.00
       1.387     0.550000        72559         2.22
       1.441     0.600000        79135         2.50
       1.494     0.650000        85759         2.86
       1.545     0.700000        92300         3.33
       1.597     0.750000        98945         4.00
       1.623     0.775000       102166         4.44
       1.655     0.800000       105452         5.00
       1.695     0.825000       108787         5.71
       1.741     0.850000       112060         6.67
       1.794     0.875000       115344         8.00
       1.824     0.887500       117000         8.89
       1.859     0.900000       118643        10.00
       1.894     0.912500       120291        11.43
       1.936     0.925000       121945        13.33
       1.984     0.937500       123562        16.00
       2.010     0.943750       124390        17.78
       2.038     0.950000       125219        20.00
       2.069     0.956250       126067        22.86
       2.101     0.962500       126897        26.67
       2.141     0.968750       127721        32.00
       2.161     0.971875       128098        35.56
       2.183     0.975000       128517        40.00
       2.209     0.978125       128943        45.71
       2.233     0.981250       129329        53.33
       2.263     0.984375       129738        64.00
       2.279     0.985938       129943        71.11
       2.299     0.987500       130174        80.00
       2.319     0.989062       130367        91.43
       2.341     0.990625       130563       106.67
       2.363     0.992188       130767       128.00
       2.379     0.992969       130884       142.22
       2.393     0.993750       130973       160.00
       2.411     0.994531       131081       182.86
       2.429     0.995313       131188       213.33
       2.453     0.996094       131283       256.00
       2.465     0.996484       131341       284.44
       2.477     0.996875       131387       320.00
       2.489     0.997266       131436       365.71
       2.507     0.997656       131491       426.67
       2.523     0.998047       131545       512.00
       2.535     0.998242       131569       568.89
       2.547     0.998437       131592       640.00
       2.555     0.998633       131619       731.43
       2.569     0.998828       131644       853.33
       2.587     0.999023       131668      1024.00
       2.599     0.999121       131681      1137.78
       2.621     0.999219       131694      1280.00
       2.635     0.999316       131706      1462.86
       2.661     0.999414       131719      1706.67
       2.681     0.999512       131732      2048.00
       2.701     0.999561       131739      2275.56
       2.715     0.999609       131745      2560.00
       2.737     0.999658       131751      2925.71
       2.791     0.999707       131758      3413.33
       2.961     0.999756       131764      4096.00
       3.093     0.999780       131768      4551.11
       3.255     0.999805       131771      5120.00
       3.379     0.999829       131774      5851.43
       3.473     0.999854       131777      6826.67
       3.587     0.999878       131780      8192.00
       3.955     0.999890       131782      9102.22
       4.179     0.999902       131784     10240.00
       4.335     0.999915       131785     11702.86
       5.231     0.999927       131787     13653.33
       5.435     0.999939       131788     16384.00
       5.631     0.999945       131789     18204.44
       5.915     0.999951       131790     20480.00
       7.923     0.999957       131791     23405.71
       8.503     0.999963       131792     27306.67
       8.503     0.999969       131792     32768.00
       8.727     0.999973       131793     36408.89
       8.727     0.999976       131793     40960.00
       9.495     0.999979       131794     46811.43
       9.495     0.999982       131794     54613.33
       9.495     0.999985       131794     65536.00
       9.511     0.999986       131795     72817.78
       9.511     0.999988       131795     81920.00
       9.511     0.999989       131795     93622.86
       9.511     0.999991       131795    109226.67
       9.511     0.999992       131795    131072.00
      15.071     0.999993       131796    145635.56
      15.071     1.000000       131796          inf
#[Mean    =        1.333, StdDeviation   =        0.408]
#[Max     =       15.064, Total count    =       131796]
#[Buckets =           27, SubBuckets     =         2048]
----------------------------------------------------------
  143961 requests in 2.00m, 1.26GB read
Requests/sec:   1199.67
Transfer/sec:     10.76MB
