Running 2m test @ http://localhost:9006/api/v1/user?id=1
  4 threads and 128 connections
  Thread calibration: mean lat.: 0.818ms, rate sampling interval: 10ms
  Thread calibration: mean lat.: 0.810ms, rate sampling interval: 10ms
  Thread calibration: mean lat.: 1.172ms, rate sampling interval: 10ms
  Thread calibration: mean lat.: 0.808ms, rate sampling interval: 10ms
  Thread Stats   Avg      Stdev     Max   +/- Stdev
    Latency     0.90ms  434.75us   4.99ms   66.33%
    Req/Sec     2.66k   655.56     3.56k    85.47%
  Latency Distribution (HdrHistogram - Recorded Latency)
 50.000%    0.89ms
 75.000%    1.20ms
 90.000%    1.47ms
 99.000%    1.97ms
 99.900%    2.27ms
 99.990%    3.30ms
 99.999%    4.30ms
100.000%    4.99ms

  Detailed Percentile spectrum:
       Value   Percentile   TotalCount 1/(1-Percentile)

       0.085     0.000000            1         1.00
       0.323     0.100000       110271         1.11
       0.487     0.200000       219708         1.25
       0.631     0.300000       330244         1.43
       0.763     0.400000       440015         1.67
       0.890     0.500000       549665         2.00
       0.952     0.550000       604786         2.22
       1.013     0.600000       659210         2.50
       1.074     0.650000       714518         2.86
       1.136     0.700000       769773         3.33
       1.197     0.750000       823811         4.00
       1.229     0.775000       851711         4.44
       1.261     0.800000       879519         5.00
       1.295     0.825000       906189         5.71
       1.340     0.850000       933652         6.67
       1.400     0.875000       961386         8.00
       1.434     0.887500       975124         8.89
       1.471     0.900000       988811        10.00
       1.511     0.912500      1002327        11.43
       1.555     0.925000      1016034        13.33
       1.604     0.937500      1029840        16.00
       1.632     0.943750      1036755        17.78
       1.662     0.950000      1043553        20.00
       1.693     0.956250      1050394        22.86
       1.728     0.962500      1057225        26.67
       1.767     0.968750      1064219        32.00
       1.788     0.971875      1067642        35.56
       1.811     0.975000      1071051        40.00
       1.836     0.978125      1074470        45.71
       1.863     0.981250      1077816        53.33
       1.895     0.984375      1081264        64.00
       1.913     0.985938      1083018        71.11
       1.933     0.987500      1084727        80.00
       1.954     0.989062      1086380        91.43
       1.977     0.990625      1088092       106.67
       2.005     0.992188      1089858       128.00
       2.020     0.992969      1090680       142.22
       2.037     0.993750      1091551       160.00
       2.055     0.994531      1092416       182.86
       2.075     0.995313      1093264       213.33
       2.099     0.996094      1094136       256.00
       2.113     0.996484      1094572       284.44
       2.127     0.996875      1095009       320.00
       2.143     0.997266      1095430       365.71
       2.161     0.997656      1095836       426.67
       2.183     0.998047      1096262       512.00
       2.195     0.998242      1096468       568.89
       2.211     0.998437      1096700       640.00
       2.225     0.998633      1096895       731.43
       2.243     0.998828      1097109       853.33
       2.269     0.999023      1097333      1024.00
       2.281     0.999121      1097425      1137.78
       2.299     0.999219      1097530      1280.00
       2.317     0.999316      1097643      1462.86
       2.345     0.999414      1097744      1706.67
       2.385     0.999512      1097853      2048.00
       2.409     0.999561      1097906      2275.56
       2.451     0.999609      1097960      2560.00
       2.489     0.999658      1098011      2925.71
       2.565     0.999707      1098065      3413.33
       2.687     0.999756      1098118      4096.00
       2.787     0.999780      1098145      4551.11
       2.881     0.999805      1098173      5120.00
       2.981     0.999829      1098199      5851.43
       3.063     0.999854      1098226      6826.67
       3.165     0.999878      1098252      8192.00
       3.221     0.999890      1098266      9102.22
       3.299     0.999902      1098279     10240.00
       3.359     0.999915      1098293     11702.86
       3.489     0.999927      1098306     13653.33
       3.631     0.999939      1098319     16384.00
       3.679     0.999945      1098326     18204.44
       3.751     0.999951      1098333     20480.00
       3.847     0.999957      1098340     23405.71
       3.915     0.999963      1098346     27306.67
       3.979     0.999969      1098353     32768.00
       3.999     0.999973      1098357     36408.89
       4.033     0.999976      1098361     40960.00
       4.059     0.999979      1098363     46811.43
       4.111     0.999982      1098366     54613.33
       4.183     0.999985      1098370     65536.00
       4.219     0.999986      1098371     72817.78
       4.283     0.999988      1098373     81920.00
       4.299     0.999989      1098375     93622.86
       4.347     0.999991      1098376    109226.67
       4.375     0.999992      1098378    131072.00
       4.455     0.999993      1098379    145635.56
       4.463     0.999994      1098380    163840.00
       4.467     0.999995      1098381    187245.71
       4.467     0.999995      1098381    218453.33
       4.471     0.999996      1098382    262144.00
       4.563     0.999997      1098383    291271.11
       4.563     0.999997      1098383    327680.00
       4.631     0.999997      1098384    374491.43
       4.631     0.999998      1098384    436906.67
       4.631     0.999998      1098384    524288.00
       4.907     0.999998      1098385    582542.22
       4.907     0.999998      1098385    655360.00
       4.907     0.999999      1098385    748982.86
       4.907     0.999999      1098385    873813.33
       4.907     0.999999      1098385   1048576.00
       4.991     0.999999      1098386   1165084.44
       4.991     1.000000      1098386          inf
#[Mean    =        0.900, StdDeviation   =        0.435]
#[Max     =        4.988, Total count    =      1098386]
#[Buckets =           27, SubBuckets     =         2048]
----------------------------------------------------------
  1196964 requests in 2.00m, 142.69MB read
Requests/sec:   9974.44
Transfer/sec:      1.19MB
