Running 2m test @ http://localhost:9002/api/v1/users
  4 threads and 128 connections
  Thread calibration: mean lat.: 2.008ms, rate sampling interval: 10ms
  Thread calibration: mean lat.: 2.042ms, rate sampling interval: 10ms
  Thread calibration: mean lat.: 2.010ms, rate sampling interval: 10ms
  Thread calibration: mean lat.: 1.982ms, rate sampling interval: 10ms
  Thread Stats   Avg      Stdev     Max   +/- Stdev
    Latency     2.08ms    1.30ms  48.61ms   96.71%
    Req/Sec     2.64k   238.88     4.67k    74.09%
  Latency Distribution (HdrHistogram - Recorded Latency)
 50.000%    1.92ms
 75.000%    2.34ms
 90.000%    2.79ms
 99.000%    4.79ms
 99.900%   22.99ms
 99.990%   37.76ms
 99.999%   44.35ms
100.000%   48.64ms

  Detailed Percentile spectrum:
       Value   Percentile   TotalCount 1/(1-Percentile)

       0.700     0.000000            1         1.00
       1.311     0.100000       109846         1.11
       1.498     0.200000       220224         1.25
       1.648     0.300000       329706         1.43
       1.787     0.400000       439924         1.67
       1.922     0.500000       549258         2.00
       1.993     0.550000       604550         2.22
       2.069     0.600000       660058         2.50
       2.149     0.650000       714664         2.86
       2.237     0.700000       769435         3.33
       2.337     0.750000       824680         4.00
       2.391     0.775000       851347         4.44
       2.453     0.800000       879292         5.00
       2.519     0.825000       906344         5.71
       2.597     0.850000       934206         6.67
       2.685     0.875000       961340         8.00
       2.735     0.887500       975005         8.89
       2.791     0.900000       988568        10.00
       2.855     0.912500      1002355        11.43
       2.931     0.925000      1016271        13.33
       3.021     0.937500      1029808        16.00
       3.075     0.943750      1036698        17.78
       3.137     0.950000      1043545        20.00
       3.211     0.956250      1050478        22.86
       3.297     0.962500      1057210        26.67
       3.411     0.968750      1064102        32.00
       3.483     0.971875      1067583        35.56
       3.569     0.975000      1070941        40.00
       3.681     0.978125      1074391        45.71
       3.829     0.981250      1077812        53.33
       4.049     0.984375      1081233        64.00
       4.195     0.985938      1082999        71.11
       4.375     0.987500      1084689        80.00
       4.607     0.989062      1086386        91.43
       4.927     0.990625      1088102       106.67
       5.355     0.992188      1089821       128.00
       5.655     0.992969      1090674       142.22
       6.043     0.993750      1091531       160.00
       6.587     0.994531      1092388       182.86
       7.359     0.995313      1093245       213.33
       8.615     0.996094      1094103       256.00
       9.319     0.996484      1094533       284.44
      10.223     0.996875      1094963       320.00
      11.151     0.997266      1095392       365.71
      12.519     0.997656      1095819       426.67
      14.447     0.998047      1096250       512.00
      15.863     0.998242      1096463       568.89
      17.359     0.998437      1096677       640.00
      19.151     0.998633      1096892       731.43
      20.927     0.998828      1097106       853.33
      23.247     0.999023      1097321      1024.00
      24.479     0.999121      1097430      1137.78
      25.743     0.999219      1097536      1280.00
      26.943     0.999316      1097644      1462.86
      28.191     0.999414      1097750      1706.67
      29.839     0.999512      1097857      2048.00
      30.719     0.999561      1097911      2275.56
      31.439     0.999609      1097964      2560.00
      32.047     0.999658      1098018      2925.71
      33.087     0.999707      1098072      3413.33
      34.175     0.999756      1098125      4096.00
      34.495     0.999780      1098154      4551.11
      35.071     0.999805      1098179      5120.00
      35.807     0.999829      1098208      5851.43
      36.447     0.999854      1098234      6826.67
      37.087     0.999878      1098261      8192.00
      37.343     0.999890      1098273      9102.22
      38.015     0.999902      1098286     10240.00
      38.431     0.999915      1098300     11702.86
      39.135     0.999927      1098313     13653.33
      39.775     0.999939      1098326     16384.00
      40.095     0.999945      1098333     18204.44
      40.415     0.999951      1098340     20480.00
      40.863     0.999957      1098348     23405.71
      41.247     0.999963      1098353     27306.67
      41.791     0.999969      1098360     32768.00
      41.887     0.999973      1098363     36408.89
      42.111     0.999976      1098367     40960.00
      42.559     0.999979      1098370     46811.43
      43.071     0.999982      1098373     54613.33
      43.743     0.999985      1098378     65536.00
      43.743     0.999986      1098378     72817.78
      44.063     0.999988      1098380     81920.00
      44.351     0.999989      1098382     93622.86
      44.639     0.999991      1098383    109226.67
      44.959     0.999992      1098385    131072.00
      45.311     0.999993      1098386    145635.56
      45.631     0.999994      1098387    163840.00
      46.079     0.999995      1098388    187245.71
      46.079     0.999995      1098388    218453.33
      46.335     0.999996      1098389    262144.00
      46.559     0.999997      1098390    291271.11
      46.559     0.999997      1098390    327680.00
      46.751     0.999997      1098391    374491.43
      46.751     0.999998      1098391    436906.67
      46.751     0.999998      1098391    524288.00
      48.191     0.999998      1098392    582542.22
      48.191     0.999998      1098392    655360.00
      48.191     0.999999      1098392    748982.86
      48.191     0.999999      1098392    873813.33
      48.191     0.999999      1098392   1048576.00
      48.639     0.999999      1098393   1165084.44
      48.639     1.000000      1098393          inf
#[Mean    =        2.077, StdDeviation   =        1.299]
#[Max     =       48.608, Total count    =      1098393]
#[Buckets =           27, SubBuckets     =         2048]
----------------------------------------------------------
  1199266 requests in 2.00m, 10.30GB read
Requests/sec:   9993.86
Transfer/sec:     87.86MB
