Running 2m test @ http://localhost:9000/api/v1/user?id=1
  4 threads and 128 connections
  Thread calibration: mean lat.: 0.801ms, rate sampling interval: 10ms
  Thread calibration: mean lat.: 0.805ms, rate sampling interval: 10ms
  Thread calibration: mean lat.: 0.803ms, rate sampling interval: 10ms
  Thread calibration: mean lat.: 0.802ms, rate sampling interval: 10ms
  Thread Stats   Avg      Stdev     Max   +/- Stdev
    Latency   797.79us  393.37us   7.49ms   62.41%
    Req/Sec     5.35k   296.20     7.00k    68.53%
  Latency Distribution (HdrHistogram - Recorded Latency)
 50.000%  787.00us
 75.000%    1.10ms
 90.000%    1.30ms
 99.000%    1.73ms
 99.900%    2.10ms
 99.990%    3.13ms
 99.999%    5.00ms
100.000%    7.49ms

  Detailed Percentile spectrum:
       Value   Percentile   TotalCount 1/(1-Percentile)

       0.065     0.000000            1         1.00
       0.275     0.100000       220506         1.11
       0.410     0.200000       439457         1.25
       0.538     0.300000       660657         1.43
       0.663     0.400000       879312         1.67
       0.787     0.500000      1099374         2.00
       0.849     0.550000      1209543         2.22
       0.911     0.600000      1318300         2.50
       0.974     0.650000      1428120         2.86
       1.039     0.700000      1538026         3.33
       1.104     0.750000      1649023         4.00
       1.135     0.775000      1702590         4.44
       1.168     0.800000      1758885         5.00
       1.201     0.825000      1813865         5.71
       1.233     0.850000      1868832         6.67
       1.265     0.875000      1923423         8.00
       1.282     0.887500      1950387         8.89
       1.300     0.900000      1977625        10.00
       1.320     0.912500      2005093        11.43
       1.344     0.925000      2033098        13.33
       1.373     0.937500      2060025        16.00
       1.391     0.943750      2073865        17.78
       1.412     0.950000      2087508        20.00
       1.436     0.956250      2100775        22.86
       1.465     0.962500      2114543        26.67
       1.502     0.968750      2128452        32.00
       1.522     0.971875      2135100        35.56
       1.546     0.975000      2142112        40.00
       1.572     0.978125      2148769        45.71
       1.603     0.981250      2155719        53.33
       1.639     0.984375      2162536        64.00
       1.659     0.985938      2165931        71.11
       1.683     0.987500      2169460        80.00
       1.710     0.989062      2172883        91.43
       1.740     0.990625      2176265       106.67
       1.776     0.992188      2179699       128.00
       1.796     0.992969      2181403       142.22
       1.820     0.993750      2183106       160.00
       1.845     0.994531      2184852       182.86
       1.872     0.995313      2186526       213.33
       1.904     0.996094      2188232       256.00
       1.922     0.996484      2189103       284.44
       1.942     0.996875      2189965       320.00
       1.962     0.997266      2190794       365.71
       1.987     0.997656      2191666       426.67
       2.012     0.998047      2192501       512.00
       2.027     0.998242      2192933       568.89
       2.043     0.998437      2193371       640.00
       2.061     0.998633      2193789       731.43
       2.083     0.998828      2194254       853.33
       2.109     0.999023      2194668      1024.00
       2.125     0.999121      2194884      1137.78
       2.141     0.999219      2195091      1280.00
       2.163     0.999316      2195297      1462.86
       2.191     0.999414      2195505      1706.67
       2.231     0.999512      2195720      2048.00
       2.259     0.999561      2195826      2275.56
       2.293     0.999609      2195937      2560.00
       2.349     0.999658      2196041      2925.71
       2.423     0.999707      2196148      3413.33
       2.515     0.999756      2196257      4096.00
       2.589     0.999780      2196310      4551.11
       2.681     0.999805      2196362      5120.00
       2.747     0.999829      2196416      5851.43
       2.863     0.999854      2196470      6826.67
       2.971     0.999878      2196523      8192.00
       3.049     0.999890      2196551      9102.22
       3.145     0.999902      2196577     10240.00
       3.247     0.999915      2196604     11702.86
       3.373     0.999927      2196631     13653.33
       3.513     0.999939      2196657     16384.00
       3.589     0.999945      2196671     18204.44
       3.665     0.999951      2196685     20480.00
       3.821     0.999957      2196698     23405.71
       3.943     0.999963      2196711     27306.67
       4.219     0.999969      2196724     32768.00
       4.263     0.999973      2196731     36408.89
       4.363     0.999976      2196738     40960.00
       4.415     0.999979      2196746     46811.43
       4.559     0.999982      2196751     54613.33
       4.771     0.999985      2196758     65536.00
       4.835     0.999986      2196761     72817.78
       4.863     0.999988      2196765     81920.00
       4.919     0.999989      2196768     93622.86
       5.067     0.999991      2196771    109226.67
       5.143     0.999992      2196775    131072.00
       5.219     0.999993      2196776    145635.56
       5.359     0.999994      2196778    163840.00
       5.543     0.999995      2196780    187245.71
       5.583     0.999995      2196782    218453.33
       5.611     0.999996      2196783    262144.00
       5.639     0.999997      2196784    291271.11
       5.655     0.999997      2196785    327680.00
       6.083     0.999997      2196786    374491.43
       6.083     0.999998      2196786    436906.67
       6.359     0.999998      2196787    524288.00
       6.551     0.999998      2196788    582542.22
       6.551     0.999998      2196788    655360.00
       6.619     0.999999      2196789    748982.86
       6.619     0.999999      2196789    873813.33
       6.619     0.999999      2196789   1048576.00
       6.643     0.999999      2196790   1165084.44
       6.643     0.999999      2196790   1310720.00
       6.643     0.999999      2196790   1497965.71
       6.643     0.999999      2196790   1747626.67
       6.643     1.000000      2196790   2097152.00
       7.495     1.000000      2196791   2330168.89
       7.495     1.000000      2196791          inf
#[Mean    =        0.798, StdDeviation   =        0.393]
#[Max     =        7.492, Total count    =      2196791]
#[Buckets =           27, SubBuckets     =         2048]
----------------------------------------------------------
  2398489 requests in 2.00m, 285.92MB read
Requests/sec:  19987.33
Transfer/sec:      2.38MB
