Running 2m test @ http://localhost:9002/api/v1/users
  4 threads and 128 connections
  Thread calibration: mean lat.: 1.717ms, rate sampling interval: 10ms
  Thread calibration: mean lat.: 1.726ms, rate sampling interval: 10ms
  Thread calibration: mean lat.: 1.720ms, rate sampling interval: 10ms
  Thread calibration: mean lat.: 1.711ms, rate sampling interval: 10ms
  Thread Stats   Avg      Stdev     Max   +/- Stdev
    Latency     1.71ms  696.03us  33.60ms   83.06%
    Req/Sec     1.58k   160.27     4.67k    66.60%
  Latency Distribution (HdrHistogram - Recorded Latency)
 50.000%    1.63ms
 75.000%    2.01ms
 90.000%    2.42ms
 99.000%    3.10ms
 99.900%    8.64ms
 99.990%   24.40ms
 99.999%   31.12ms
100.000%   33.63ms

  Detailed Percentile spectrum:
       Value   Percentile   TotalCount 1/(1-Percentile)

       0.649     0.000000            1         1.00
       1.078     0.100000        65985         1.11
       1.234     0.200000       131815         1.25
       1.370     0.300000       197901         1.43
       1.502     0.400000       263773         1.67
       1.632     0.500000       329940         2.00
       1.698     0.550000       362788         2.22
       1.766     0.600000       395732         2.50
       1.839     0.650000       428382         2.86
       1.918     0.700000       461368         3.33
       2.006     0.750000       494464         4.00
       2.055     0.775000       510880         4.44
       2.111     0.800000       527577         5.00
       2.173     0.825000       543862         5.71
       2.245     0.850000       560408         6.67
       2.325     0.875000       576691         8.00
       2.371     0.887500       585000         8.89
       2.419     0.900000       593194        10.00
       2.473     0.912500       601548        11.43
       2.529     0.925000       609701        13.33
       2.591     0.937500       618034        16.00
       2.625     0.943750       622177        17.78
       2.659     0.950000       626264        20.00
       2.695     0.956250       630232        22.86
       2.737     0.962500       634484        26.67
       2.783     0.968750       638559        32.00
       2.809     0.971875       640591        35.56
       2.839     0.975000       642608        40.00
       2.871     0.978125       644630        45.71
       2.911     0.981250       646767        53.33
       2.957     0.984375       648740        64.00
       2.985     0.985938       649769        71.11
       3.021     0.987500       650837        80.00
       3.063     0.989062       651836        91.43
       3.123     0.990625       652879       106.67
       3.201     0.992188       653889       128.00
       3.263     0.992969       654400       142.22
       3.347     0.993750       654914       160.00
       3.463     0.994531       655432       182.86
       3.627     0.995313       655947       213.33
       3.851     0.996094       656461       256.00
       3.973     0.996484       656719       284.44
       4.111     0.996875       656976       320.00
       4.283     0.997266       657239       365.71
       4.527     0.997656       657488       426.67
       4.867     0.998047       657745       512.00
       5.119     0.998242       657874       568.89
       5.587     0.998437       658003       640.00
       6.355     0.998633       658131       731.43
       7.303     0.998828       658260       853.33
       8.855     0.999023       658389      1024.00
       9.575     0.999121       658453      1137.78
      10.359     0.999219       658518      1280.00
      11.175     0.999316       658582      1462.86
      11.879     0.999414       658646      1706.67
      12.863     0.999512       658711      2048.00
      13.319     0.999561       658743      2275.56
      14.039     0.999609       658775      2560.00
      14.647     0.999658       658807      2925.71
      15.495     0.999707       658839      3413.33
      16.671     0.999756       658872      4096.00
      17.199     0.999780       658888      4551.11
      17.887     0.999805       658904      5120.00
      18.719     0.999829       658920      5851.43
      19.983     0.999854       658936      6826.67
      21.999     0.999878       658952      8192.00
      23.007     0.999890       658960      9102.22
      24.495     0.999902       658968     10240.00
      25.151     0.999915       658976     11702.86
      25.791     0.999927       658984     13653.33
      26.703     0.999939       658992     16384.00
      26.799     0.999945       658996     18204.44
      27.343     0.999951       659000     20480.00
      27.791     0.999957       659004     23405.71
      28.671     0.999963       659008     27306.67
      29.615     0.999969       659012     32768.00
      29.647     0.999973       659014     36408.89
      30.079     0.999976       659016     40960.00
      30.143     0.999979       659018     46811.43
      30.527     0.999982       659020     54613.33
      30.895     0.999985       659023     65536.00
      30.895     0.999986       659023     72817.78
      31.103     0.999988       659024     81920.00
      31.119     0.999989       659025     93622.86
      31.135     0.999991       659026    109226.67
      31.791     0.999992       659027    131072.00
      32.335     0.999993       659028    145635.56
      32.335     0.999994       659028    163840.00
      32.495     0.999995       659029    187245.71
      32.495     0.999995       659029    218453.33
      32.719     0.999996       659030    262144.00
      32.719     0.999997       659030    291271.11
      32.719     0.999997       659030    327680.00
      33.503     0.999997       659031    374491.43
      33.503     0.999998       659031    436906.67
      33.503     0.999998       659031    524288.00
      33.503     0.999998       659031    582542.22
      33.503     0.999998       659031    655360.00
      33.631     0.999999       659032    748982.86
      33.631     1.000000       659032          inf
#[Mean    =        1.710, StdDeviation   =        0.696]
#[Max     =       33.600, Total count    =       659032]
#[Buckets =           27, SubBuckets     =         2048]
----------------------------------------------------------
  719584 requests in 2.00m, 6.18GB read
Requests/sec:   5996.49
Transfer/sec:     52.72MB
