Running 2m test @ https://localhost:8080/api/v1/users
  4 threads and 128 connections
  Thread calibration: mean lat.: 6.307ms, rate sampling interval: 21ms
  Thread calibration: mean lat.: 11.622ms, rate sampling interval: 26ms
  Thread calibration: mean lat.: 9.674ms, rate sampling interval: 25ms
  Thread calibration: mean lat.: 11.482ms, rate sampling interval: 25ms
  Thread Stats   Avg      Stdev     Max   +/- Stdev
    Latency     8.48ms    3.42ms  30.26ms   65.41%
    Req/Sec     1.64k   328.00     2.67k    67.45%
  Latency Distribution (HdrHistogram - Recorded Latency)
 50.000%    9.03ms
 75.000%   11.16ms
 90.000%   12.41ms
 99.000%   14.73ms
 99.900%   17.10ms
 99.990%   19.45ms
 99.999%   23.90ms
100.000%   30.27ms

  Detailed Percentile spectrum:
       Value   Percentile   TotalCount 1/(1-Percentile)

       0.769     0.000000            1         1.00
       3.015     0.100000        70665         1.11
       5.243     0.200000       141324         1.25
       6.923     0.300000       211988         1.43
       8.039     0.400000       282704         1.67
       9.031     0.500000       353181         2.00
       9.503     0.550000       388663         2.22
       9.951     0.600000       424297         2.50
      10.367     0.650000       459250         2.86
      10.767     0.700000       494470         3.33
      11.159     0.750000       530291         4.00
      11.351     0.775000       547789         4.44
      11.543     0.800000       565307         5.00
      11.735     0.825000       582689         5.71
      11.943     0.850000       600335         6.67
      12.167     0.875000       618236         8.00
      12.287     0.887500       627009         8.89
      12.415     0.900000       635574        10.00
      12.559     0.912500       644585        11.43
      12.719     0.925000       653398        13.33
      12.903     0.937500       662189        16.00
      13.007     0.943750       666541        17.78
      13.119     0.950000       670913        20.00
      13.255     0.956250       675511        22.86
      13.407     0.962500       679802        26.67
      13.583     0.968750       684122        32.00
      13.687     0.971875       686381        35.56
      13.799     0.975000       688542        40.00
      13.935     0.978125       690792        45.71
      14.087     0.981250       692958        53.33
      14.279     0.984375       695194        64.00
      14.383     0.985938       696259        71.11
      14.511     0.987500       697400        80.00
      14.647     0.989062       698493        91.43
      14.799     0.990625       699587       106.67
      14.983     0.992188       700671       128.00
      15.095     0.992969       701236       142.22
      15.215     0.993750       701784       160.00
      15.367     0.994531       702339       182.86
      15.527     0.995313       702878       213.33
      15.711     0.996094       703428       256.00
      15.815     0.996484       703694       284.44
      15.943     0.996875       703975       320.00
      16.079     0.997266       704253       365.71
      16.247     0.997656       704523       426.67
      16.431     0.998047       704813       512.00
      16.543     0.998242       704939       568.89
      16.671     0.998437       705083       640.00
      16.783     0.998633       705212       731.43
      16.959     0.998828       705358       853.33
      17.135     0.999023       705489      1024.00
      17.247     0.999121       705556      1137.78
      17.375     0.999219       705623      1280.00
      17.535     0.999316       705699      1462.86
      17.679     0.999414       705765      1706.67
      17.855     0.999512       705832      2048.00
      17.935     0.999561       705866      2275.56
      18.031     0.999609       705899      2560.00
      18.159     0.999658       705933      2925.71
      18.287     0.999707       705968      3413.33
      18.463     0.999756       706003      4096.00
      18.575     0.999780       706019      4551.11
      18.687     0.999805       706037      5120.00
      18.815     0.999829       706055      5851.43
      18.959     0.999854       706072      6826.67
      19.119     0.999878       706088      8192.00
      19.359     0.999890       706097      9102.22
      19.839     0.999902       706106     10240.00
      20.063     0.999915       706114     11702.86
      20.287     0.999927       706123     13653.33
      20.815     0.999939       706131     16384.00
      21.119     0.999945       706136     18204.44
      21.375     0.999951       706140     20480.00
      21.791     0.999957       706144     23405.71
      22.127     0.999963       706149     27306.67
      22.335     0.999969       706153     32768.00
      22.463     0.999973       706155     36408.89
      22.895     0.999976       706157     40960.00
      23.215     0.999979       706159     46811.43
      23.423     0.999982       706162     54613.33
      23.519     0.999985       706164     65536.00
      23.535     0.999986       706165     72817.78
      23.695     0.999988       706166     81920.00
      23.903     0.999989       706167     93622.86
      24.095     0.999991       706168    109226.67
      24.815     0.999992       706169    131072.00
      26.399     0.999993       706170    145635.56
      26.399     0.999994       706170    163840.00
      26.415     0.999995       706171    187245.71
      26.415     0.999995       706171    218453.33
      27.311     0.999996       706172    262144.00
      27.311     0.999997       706172    291271.11
      27.311     0.999997       706172    327680.00
      27.935     0.999997       706173    374491.43
      27.935     0.999998       706173    436906.67
      27.935     0.999998       706173    524288.00
      27.935     0.999998       706173    582542.22
      27.935     0.999998       706173    655360.00
      30.271     0.999999       706174    748982.86
      30.271     1.000000       706174          inf
#[Mean    =        8.476, StdDeviation   =        3.422]
#[Max     =       30.256, Total count    =       706174]
#[Buckets =           27, SubBuckets     =         2048]
----------------------------------------------------------
  766591 requests in 2.00m, 6.58GB read
Requests/sec:   6387.53
Transfer/sec:     56.15MB
