Running 2m test @ http://localhost:9002/api/v1/users
  4 threads and 128 connections
  Thread calibration: mean lat.: 1.523ms, rate sampling interval: 10ms
  Thread calibration: mean lat.: 1.517ms, rate sampling interval: 10ms
  Thread calibration: mean lat.: 1.519ms, rate sampling interval: 10ms
  Thread calibration: mean lat.: 1.523ms, rate sampling interval: 10ms
  Thread Stats   Avg      Stdev     Max   +/- Stdev
    Latency     1.54ms  733.47us  35.20ms   89.74%
    Req/Sec     1.06k    95.07     4.22k    87.46%
  Latency Distribution (HdrHistogram - Recorded Latency)
 50.000%    1.48ms
 75.000%    1.82ms
 90.000%    2.20ms
 99.000%    2.69ms
 99.900%   11.29ms
 99.990%   25.69ms
 99.999%   32.65ms
100.000%   35.23ms

  Detailed Percentile spectrum:
       Value   Percentile   TotalCount 1/(1-Percentile)

       0.639     0.000000            1         1.00
       0.959     0.100000        44155         1.11
       1.099     0.200000        88061         1.25
       1.229     0.300000       132110         1.43
       1.352     0.400000       175983         1.67
       1.475     0.500000       219925         2.00
       1.536     0.550000       241701         2.22
       1.600     0.600000       263712         2.50
       1.667     0.650000       285801         2.86
       1.737     0.700000       307630         3.33
       1.815     0.750000       329614         4.00
       1.859     0.775000       340730         4.44
       1.906     0.800000       351508         5.00
       1.961     0.825000       362534         5.71
       2.025     0.850000       373572         6.67
       2.103     0.875000       384589         8.00
       2.149     0.887500       390161         8.89
       2.197     0.900000       395519        10.00
       2.251     0.912500       401088        11.43
       2.305     0.925000       406496        13.33
       2.361     0.937500       412066        16.00
       2.389     0.943750       414757        17.78
       2.417     0.950000       417418        20.00
       2.447     0.956250       420150        22.86
       2.479     0.962500       422916        26.67
       2.515     0.968750       425719        32.00
       2.533     0.971875       427059        35.56
       2.553     0.975000       428494        40.00
       2.573     0.978125       429780        45.71
       2.597     0.981250       431137        53.33
       2.625     0.984375       432557        64.00
       2.639     0.985938       433207        71.11
       2.657     0.987500       433948        80.00
       2.675     0.989062       434607        91.43
       2.695     0.990625       435263       106.67
       2.719     0.992188       435931       128.00
       2.735     0.992969       436299       142.22
       2.751     0.993750       436614       160.00
       2.771     0.994531       436961       182.86
       2.797     0.995313       437314       213.33
       2.835     0.996094       437656       256.00
       2.857     0.996484       437822       284.44
       2.885     0.996875       437990       320.00
       2.921     0.997266       438156       365.71
       2.995     0.997656       438328       426.67
       3.267     0.998047       438500       512.00
       3.505     0.998242       438585       568.89
       3.919     0.998437       438671       640.00
       6.107     0.998633       438757       731.43
       9.399     0.998828       438843       853.33
      11.447     0.999023       438929      1024.00
      12.375     0.999121       438972      1137.78
      13.367     0.999219       439014      1280.00
      14.535     0.999316       439057      1462.86
      15.959     0.999414       439100      1706.67
      17.327     0.999512       439143      2048.00
      17.775     0.999561       439164      2275.56
      18.767     0.999609       439186      2560.00
      19.503     0.999658       439208      2925.71
      20.511     0.999707       439230      3413.33
      21.439     0.999756       439250      4096.00
      21.983     0.999780       439263      4551.11
      22.767     0.999805       439272      5120.00
      23.295     0.999829       439283      5851.43
      24.207     0.999854       439293      6826.67
      24.991     0.999878       439304      8192.00
      25.439     0.999890       439309      9102.22
      26.047     0.999902       439315     10240.00
      26.703     0.999915       439320     11702.86
      27.391     0.999927       439325     13653.33
      27.807     0.999939       439331     16384.00
      27.823     0.999945       439333     18204.44
      28.207     0.999951       439336     20480.00
      28.991     0.999957       439339     23405.71
      29.199     0.999963       439341     27306.67
      29.647     0.999969       439344     32768.00
      29.839     0.999973       439345     36408.89
      30.239     0.999976       439347     40960.00
      30.655     0.999979       439348     46811.43
      31.679     0.999982       439349     54613.33
      32.063     0.999985       439351     65536.00
      32.063     0.999986       439351     72817.78
      32.159     0.999988       439352     81920.00
      32.655     0.999989       439353     93622.86
      32.655     0.999991       439353    109226.67
      33.119     0.999992       439354    131072.00
      33.119     0.999993       439354    145635.56
      33.279     0.999994       439355    163840.00
      33.279     0.999995       439355    187245.71
      33.279     0.999995       439355    218453.33
      33.407     0.999996       439356    262144.00
      33.407     0.999997       439356    291271.11
      33.407     0.999997       439356    327680.00
      33.407     0.999997       439356    374491.43
      33.407     0.999998       439356    436906.67
      35.231     0.999998       439357    524288.00
      35.231     1.000000       439357          inf
#[Mean    =        1.544, StdDeviation   =        0.733]
#[Max     =       35.200, Total count    =       439357]
#[Buckets =           27, SubBuckets     =         2048]
----------------------------------------------------------
  479748 requests in 2.00m, 4.12GB read
Requests/sec:   3997.88
Transfer/sec:     35.15MB
