Running 2m test @ http://localhost:9003/api/v1/users
  4 threads and 128 connections
  Thread calibration: mean lat.: 1.433ms, rate sampling interval: 10ms
  Thread calibration: mean lat.: 1.438ms, rate sampling interval: 10ms
  Thread calibration: mean lat.: 1.452ms, rate sampling interval: 10ms
  Thread calibration: mean lat.: 1.444ms, rate sampling interval: 10ms
  Thread Stats   Avg      Stdev     Max   +/- Stdev
    Latency     1.45ms  540.50us  30.30ms   71.39%
    Req/Sec     1.58k   127.64     4.78k    73.21%
  Latency Distribution (HdrHistogram - Recorded Latency)
 50.000%    1.39ms
 75.000%    1.77ms
 90.000%    2.14ms
 99.000%    2.57ms
 99.900%    3.41ms
 99.990%   17.90ms
 99.999%   25.53ms
100.000%   30.32ms

  Detailed Percentile spectrum:
       Value   Percentile   TotalCount 1/(1-Percentile)

       0.506     0.000000            1         1.00
       0.854     0.100000        65937         1.11
       0.999     0.200000       132008         1.25
       1.130     0.300000       197877         1.43
       1.259     0.400000       264154         1.67
       1.390     0.500000       329898         2.00
       1.460     0.550000       362848         2.22
       1.533     0.600000       395700         2.50
       1.608     0.650000       428706         2.86
       1.688     0.700000       461642         3.33
       1.774     0.750000       494277         4.00
       1.822     0.775000       510910         4.44
       1.874     0.800000       527287         5.00
       1.932     0.825000       543949         5.71
       1.994     0.850000       560311         6.67
       2.061     0.875000       576656         8.00
       2.099     0.887500       585215         8.89
       2.137     0.900000       593340        10.00
       2.177     0.912500       601621        11.43
       2.217     0.925000       609614        13.33
       2.261     0.937500       617894        16.00
       2.285     0.943750       622155        17.78
       2.309     0.950000       626385        20.00
       2.333     0.956250       630249        22.86
       2.361     0.962500       634449        26.67
       2.393     0.968750       638687        32.00
       2.409     0.971875       640601        35.56
       2.427     0.975000       642593        40.00
       2.449     0.978125       644727        45.71
       2.473     0.981250       646726        53.33
       2.501     0.984375       648827        64.00
       2.517     0.985938       649886        71.11
       2.535     0.987500       650902        80.00
       2.555     0.989062       651916        91.43
       2.575     0.990625       652876       106.67
       2.603     0.992188       653931       128.00
       2.619     0.992969       654430       142.22
       2.637     0.993750       654949       160.00
       2.657     0.994531       655448       182.86
       2.683     0.995313       655970       213.33
       2.717     0.996094       656471       256.00
       2.739     0.996484       656729       284.44
       2.767     0.996875       656983       320.00
       2.807     0.997266       657240       365.71
       2.857     0.997656       657496       426.67
       2.925     0.998047       657751       512.00
       2.975     0.998242       657878       568.89
       3.039     0.998437       658006       640.00
       3.123     0.998633       658134       731.43
       3.259     0.998828       658263       853.33
       3.427     0.999023       658394      1024.00
       3.515     0.999121       658456      1137.78
       3.595     0.999219       658522      1280.00
       3.695     0.999316       658585      1462.86
       3.835     0.999414       658650      1706.67
       4.009     0.999512       658715      2048.00
       4.085     0.999561       658746      2275.56
       4.275     0.999609       658778      2560.00
       4.471     0.999658       658810      2925.71
       4.675     0.999707       658843      3413.33
       5.475     0.999756       658875      4096.00
       7.651     0.999780       658891      4551.11
       9.671     0.999805       658907      5120.00
      10.759     0.999829       658923      5851.43
      13.503     0.999854       658939      6826.67
      16.527     0.999878       658955      8192.00
      17.439     0.999890       658964      9102.22
      18.095     0.999902       658971     10240.00
      19.183     0.999915       658979     11702.86
      19.999     0.999927       658987     13653.33
      21.279     0.999939       658995     16384.00
      21.695     0.999945       658999     18204.44
      22.303     0.999951       659003     20480.00
      22.847     0.999957       659007     23405.71
      23.151     0.999963       659011     27306.67
      23.327     0.999969       659015     32768.00
      23.439     0.999973       659017     36408.89
      23.663     0.999976       659019     40960.00
      23.775     0.999979       659022     46811.43
      23.855     0.999982       659023     54613.33
      25.343     0.999985       659025     65536.00
      25.439     0.999986       659026     72817.78
      25.471     0.999988       659027     81920.00
      25.535     0.999989       659028     93622.86
      25.679     0.999991       659029    109226.67
      28.591     0.999992       659030    131072.00
      29.055     0.999993       659031    145635.56
      29.055     0.999994       659031    163840.00
      29.663     0.999995       659032    187245.71
      29.663     0.999995       659032    218453.33
      30.015     0.999996       659033    262144.00
      30.015     0.999997       659033    291271.11
      30.015     0.999997       659033    327680.00
      30.095     0.999997       659034    374491.43
      30.095     0.999998       659034    436906.67
      30.095     0.999998       659034    524288.00
      30.095     0.999998       659034    582542.22
      30.095     0.999998       659034    655360.00
      30.319     0.999999       659035    748982.86
      30.319     1.000000       659035          inf
#[Mean    =        1.449, StdDeviation   =        0.541]
#[Max     =       30.304, Total count    =       659035]
#[Buckets =           27, SubBuckets     =         2048]
----------------------------------------------------------
  719590 requests in 2.00m, 6.18GB read
Requests/sec:   5996.55
Transfer/sec:     52.72MB
