Running 10m test @ https://localhost:8080/api/v1/users
  4 threads and 128 connections
  Thread calibration: mean lat.: 2.258ms, rate sampling interval: 10ms
  Thread calibration: mean lat.: 2.241ms, rate sampling interval: 10ms
  Thread calibration: mean lat.: 2.369ms, rate sampling interval: 10ms
  Thread calibration: mean lat.: 2.295ms, rate sampling interval: 10ms
  Thread Stats   Avg      Stdev     Max   +/- Stdev
    Latency     1.89ms    0.88ms  90.75ms   90.68%
    Req/Sec     1.58k   165.78     3.00k    64.78%
  Latency Distribution (HdrHistogram - Recorded Latency)
 50.000%    1.75ms
 75.000%    2.12ms
 90.000%    2.61ms
 99.000%    4.62ms
 99.900%   10.10ms
 99.990%   25.79ms
 99.999%   52.86ms
100.000%   90.82ms

  Detailed Percentile spectrum:
       Value   Percentile   TotalCount 1/(1-Percentile)

       0.712     0.000000            1         1.00
       1.209     0.100000       355026         1.11
       1.369     0.200000       708436         1.25
       1.507     0.300000      1062214         1.43
       1.631     0.400000      1416914         1.67
       1.751     0.500000      1771468         2.00
       1.814     0.550000      1949076         2.22
       1.880     0.600000      2124304         2.50
       1.951     0.650000      2300536         2.86
       2.031     0.700000      2479061         3.33
       2.123     0.750000      2655709         4.00
       2.177     0.775000      2745602         4.44
       2.237     0.800000      2833630         5.00
       2.305     0.825000      2920797         5.71
       2.389     0.850000      3009716         6.67
       2.489     0.875000      3097758         8.00
       2.547     0.887500      3141889         8.89
       2.611     0.900000      3186157        10.00
       2.681     0.912500      3229419        11.43
       2.769     0.925000      3273796        13.33
       2.871     0.937500      3317898        16.00
       2.935     0.943750      3340615        17.78
       3.007     0.950000      3362534        20.00
       3.093     0.956250      3384211        22.86
       3.203     0.962500      3406472        26.67
       3.345     0.968750      3428448        32.00
       3.435     0.971875      3439627        35.56
       3.543     0.975000      3450746        40.00
       3.675     0.978125      3461713        45.71
       3.837     0.981250      3472781        53.33
       4.053     0.984375      3483773        64.00
       4.175     0.985938      3489350        71.11
       4.327     0.987500      3494927        80.00
       4.495     0.989062      3500381        91.43
       4.711     0.990625      3505901       106.67
       4.967     0.992188      3511395       128.00
       5.131     0.992969      3514181       142.22
       5.319     0.993750      3516957       160.00
       5.531     0.994531      3519725       182.86
       5.799     0.995313      3522475       213.33
       6.139     0.996094      3525215       256.00
       6.343     0.996484      3526603       284.44
       6.579     0.996875      3527973       320.00
       6.871     0.997266      3529355       365.71
       7.239     0.997656      3530742       426.67
       7.727     0.998047      3532127       512.00
       8.023     0.998242      3532813       568.89
       8.391     0.998437      3533510       640.00
       8.855     0.998633      3534199       731.43
       9.463     0.998828      3534890       853.33
      10.183     0.999023      3535578      1024.00
      10.631     0.999121      3535922      1137.78
      11.175     0.999219      3536272      1280.00
      11.791     0.999316      3536613      1462.86
      12.591     0.999414      3536962      1706.67
      13.687     0.999512      3537304      2048.00
      14.479     0.999561      3537478      2275.56
      15.327     0.999609      3537652      2560.00
      16.183     0.999658      3537823      2925.71
      17.407     0.999707      3537996      3413.33
      18.927     0.999756      3538168      4096.00
      19.935     0.999780      3538256      4551.11
      20.895     0.999805      3538341      5120.00
      21.903     0.999829      3538430      5851.43
      23.183     0.999854      3538514      6826.67
      24.431     0.999878      3538600      8192.00
      25.327     0.999890      3538644      9102.22
      26.031     0.999902      3538687     10240.00
      27.359     0.999915      3538730     11702.86
      28.911     0.999927      3538773     13653.33
      30.623     0.999939      3538816     16384.00
      31.951     0.999945      3538838     18204.44
      33.439     0.999951      3538860     20480.00
      35.231     0.999957      3538881     23405.71
      36.959     0.999963      3538903     27306.67
      39.551     0.999969      3538924     32768.00
      41.759     0.999973      3538935     36408.89
      42.719     0.999976      3538946     40960.00
      43.743     0.999979      3538958     46811.43
      46.847     0.999982      3538968     54613.33
      48.191     0.999985      3538978     65536.00
      48.799     0.999986      3538984     72817.78
      50.431     0.999988      3538989     81920.00
      52.351     0.999989      3538995     93622.86
      54.495     0.999991      3539000    109226.67
      58.399     0.999992      3539005    131072.00
      59.711     0.999993      3539008    145635.56
      61.215     0.999994      3539011    163840.00
      63.519     0.999995      3539014    187245.71
      65.919     0.999995      3539016    218453.33
      70.207     0.999996      3539019    262144.00
      74.239     0.999997      3539020    291271.11
      76.159     0.999997      3539022    327680.00
      77.311     0.999997      3539023    374491.43
      77.375     0.999998      3539024    436906.67
      78.335     0.999998      3539026    524288.00
      78.335     0.999998      3539026    582542.22
      79.359     0.999998      3539027    655360.00
      79.423     0.999999      3539028    748982.86
      79.423     0.999999      3539028    873813.33
      86.271     0.999999      3539029   1048576.00
      86.271     0.999999      3539029   1165084.44
      88.703     0.999999      3539030   1310720.00
      88.703     0.999999      3539030   1497965.71
      88.703     0.999999      3539030   1747626.67
      89.023     1.000000      3539031   2097152.00
      89.023     1.000000      3539031   2330168.89
      89.023     1.000000      3539031   2621440.00
      89.023     1.000000      3539031   2995931.43
      89.023     1.000000      3539031   3495253.33
      90.815     1.000000      3539032   4194304.00
      90.815     1.000000      3539032          inf
#[Mean    =        1.887, StdDeviation   =        0.884]
#[Max     =       90.752, Total count    =      3539032]
#[Buckets =           27, SubBuckets     =         2048]
----------------------------------------------------------
  3599588 requests in 10.00m, 30.90GB read
Requests/sec:   5999.31
Transfer/sec:     52.74MB
