Running 2m test @ http://localhost:9006/api/v1/user?id=1
  4 threads and 128 connections
  Thread calibration: mean lat.: 9.902ms, rate sampling interval: 24ms
  Thread calibration: mean lat.: 9.597ms, rate sampling interval: 25ms
  Thread calibration: mean lat.: 9.469ms, rate sampling interval: 25ms
  Thread calibration: mean lat.: 11.080ms, rate sampling interval: 32ms
  Thread Stats   Avg      Stdev     Max   +/- Stdev
    Latency     1.78ms    0.99ms  33.70ms   79.86%
    Req/Sec    12.75k   427.29    15.08k    72.50%
  Latency Distribution (HdrHistogram - Recorded Latency)
 50.000%    1.62ms
 75.000%    2.18ms
 90.000%    2.83ms
 99.000%    5.00ms
 99.900%    9.81ms
 99.990%   18.61ms
 99.999%   31.26ms
100.000%   33.73ms

  Detailed Percentile spectrum:
       Value   Percentile   TotalCount 1/(1-Percentile)

       0.088     0.000000            1         1.00
       0.809     0.100000       550666         1.11
       1.060     0.200000      1099361         1.25
       1.261     0.300000      1648402         1.43
       1.443     0.400000      2197390         1.67
       1.625     0.500000      2748627         2.00
       1.719     0.550000      3022504         2.22
       1.819     0.600000      3297081         2.50
       1.927     0.650000      3570549         2.86
       2.049     0.700000      3847889         3.33
       2.185     0.750000      4120592         4.00
       2.263     0.775000      4258236         4.44
       2.347     0.800000      4393936         5.00
       2.443     0.825000      4532179         5.71
       2.551     0.850000      4669790         6.67
       2.677     0.875000      4807457         8.00
       2.749     0.887500      4875394         8.89
       2.831     0.900000      4943958        10.00
       2.925     0.912500      5012316        11.43
       3.035     0.925000      5080905        13.33
       3.167     0.937500      5149182        16.00
       3.245     0.943750      5183333        17.78
       3.337     0.950000      5218104        20.00
       3.441     0.956250      5251991        22.86
       3.565     0.962500      5286161        26.67
       3.721     0.968750      5320670        32.00
       3.813     0.971875      5337758        35.56
       3.921     0.975000      5354906        40.00
       4.049     0.978125      5371913        45.71
       4.211     0.981250      5389391        53.33
       4.415     0.984375      5406342        64.00
       4.543     0.985938      5414951        71.11
       4.695     0.987500      5423587        80.00
       4.875     0.989062      5432142        91.43
       5.095     0.990625      5440660       106.67
       5.375     0.992188      5449166       128.00
       5.551     0.992969      5453437       142.22
       5.751     0.993750      5457738       160.00
       5.995     0.994531      5462026       182.86
       6.287     0.995313      5466311       213.33
       6.639     0.996094      5470613       256.00
       6.847     0.996484      5472740       284.44
       7.091     0.996875      5474915       320.00
       7.359     0.997266      5477027       365.71
       7.703     0.997656      5479190       426.67
       8.111     0.998047      5481331       512.00
       8.351     0.998242      5482412       568.89
       8.615     0.998437      5483465       640.00
       8.927     0.998633      5484539       731.43
       9.351     0.998828      5485613       853.33
       9.871     0.999023      5486681      1024.00
      10.207     0.999121      5487232      1137.78
      10.567     0.999219      5487760      1280.00
      11.015     0.999316      5488290      1462.86
      11.575     0.999414      5488827      1706.67
      12.287     0.999512      5489366      2048.00
      12.711     0.999561      5489635      2275.56
      13.167     0.999609      5489900      2560.00
      13.703     0.999658      5490168      2925.71
      14.375     0.999707      5490436      3413.33
      15.055     0.999756      5490708      4096.00
      15.407     0.999780      5490841      4551.11
      15.839     0.999805      5490972      5120.00
      16.263     0.999829      5491106      5851.43
      16.991     0.999854      5491241      6826.67
      17.695     0.999878      5491376      8192.00
      18.175     0.999890      5491442      9102.22
      18.719     0.999902      5491508     10240.00
      19.471     0.999915      5491575     11702.86
      20.335     0.999927      5491642     13653.33
      21.311     0.999939      5491710     16384.00
      21.967     0.999945      5491743     18204.44
      22.831     0.999951      5491776     20480.00
      23.599     0.999957      5491810     23405.71
      24.543     0.999963      5491843     27306.67
      27.823     0.999969      5491877     32768.00
      29.263     0.999973      5491894     36408.89
      29.535     0.999976      5491910     40960.00
      29.871     0.999979      5491928     46811.43
      30.143     0.999982      5491945     54613.33
      30.351     0.999985      5491961     65536.00
      30.527     0.999986      5491969     72817.78
      30.687     0.999988      5491977     81920.00
      31.103     0.999989      5491986     93622.86
      31.407     0.999991      5491994    109226.67
      31.599     0.999992      5492004    131072.00
      31.743     0.999993      5492008    145635.56
      31.791     0.999994      5492012    163840.00
      32.031     0.999995      5492016    187245.71
      32.143     0.999995      5492019    218453.33
      32.287     0.999996      5492024    262144.00
      32.319     0.999997      5492026    291271.11
      32.383     0.999997      5492028    327680.00
      32.415     0.999997      5492030    374491.43
      32.623     0.999998      5492032    436906.67
      32.751     0.999998      5492034    524288.00
      32.799     0.999998      5492035    582542.22
      32.863     0.999998      5492037    655360.00
      32.863     0.999999      5492037    748982.86
      32.959     0.999999      5492038    873813.33
      33.183     0.999999      5492039   1048576.00
      33.247     0.999999      5492041   1165084.44
      33.247     0.999999      5492041   1310720.00
      33.247     0.999999      5492041   1497965.71
      33.247     0.999999      5492041   1747626.67
      33.343     1.000000      5492042   2097152.00
      33.343     1.000000      5492042   2330168.89
      33.343     1.000000      5492042   2621440.00
      33.375     1.000000      5492043   2995931.43
      33.375     1.000000      5492043   3495253.33
      33.375     1.000000      5492043   4194304.00
      33.375     1.000000      5492043   4660337.78
      33.375     1.000000      5492043   5242880.00
      33.727     1.000000      5492044   5991862.86
      33.727     1.000000      5492044          inf
#[Mean    =        1.777, StdDeviation   =        0.991]
#[Max     =       33.696, Total count    =      5492044]
#[Buckets =           27, SubBuckets     =         2048]
----------------------------------------------------------
  5996093 requests in 2.00m, 714.79MB read
Requests/sec:  49967.56
Transfer/sec:      5.96MB
