Running 2m test @ http://localhost:9002/api/v1/user?id=1
  4 threads and 128 connections
  Thread calibration: mean lat.: 2.088ms, rate sampling interval: 10ms
  Thread calibration: mean lat.: 2.054ms, rate sampling interval: 10ms
  Thread calibration: mean lat.: 2.041ms, rate sampling interval: 10ms
  Thread calibration: mean lat.: 2.045ms, rate sampling interval: 10ms
  Thread Stats   Avg      Stdev     Max   +/- Stdev
    Latency     1.60ms    1.01ms  21.46ms   88.90%
    Req/Sec     7.91k     0.87k   17.22k    87.31%
  Latency Distribution (HdrHistogram - Recorded Latency)
 50.000%    1.44ms
 75.000%    1.95ms
 90.000%    2.47ms
 99.000%    6.03ms
 99.900%   11.58ms
 99.990%   15.31ms
 99.999%   19.82ms
100.000%   21.47ms

  Detailed Percentile spectrum:
       Value   Percentile   TotalCount 1/(1-Percentile)

       0.156     0.000000            1         1.00
       0.767     0.100000       330942         1.11
       0.953     0.200000       660669         1.25
       1.114     0.300000       990148         1.43
       1.271     0.400000      1318337         1.67
       1.436     0.500000      1648898         2.00
       1.523     0.550000      1813489         2.22
       1.615     0.600000      1977599         2.50
       1.714     0.650000      2141986         2.86
       1.824     0.700000      2307341         3.33
       1.949     0.750000      2471861         4.00
       2.019     0.775000      2554882         4.44
       2.093     0.800000      2636358         5.00
       2.175     0.825000      2718827         5.71
       2.265     0.850000      2802279         6.67
       2.363     0.875000      2884585         8.00
       2.417     0.887500      2925801         8.89
       2.475     0.900000      2967070        10.00
       2.537     0.912500      3007547        11.43
       2.605     0.925000      3048153        13.33
       2.683     0.937500      3089620        16.00
       2.725     0.943750      3109895        17.78
       2.773     0.950000      3130503        20.00
       2.827     0.956250      3151381        22.86
       2.889     0.962500      3171980        26.67
       2.967     0.968750      3192546        32.00
       3.015     0.971875      3202620        35.56
       3.073     0.975000      3212919        40.00
       3.151     0.978125      3223251        45.71
       3.259     0.981250      3233521        53.33
       3.439     0.984375      3243724        64.00
       3.697     0.985938      3248862        71.11
       4.535     0.987500      3254006        80.00
       5.479     0.989062      3259159        91.43
       6.395     0.990625      3264310       106.67
       7.239     0.992188      3269456       128.00
       7.631     0.992969      3272029       142.22
       8.015     0.993750      3274621       160.00
       8.407     0.994531      3277203       182.86
       8.815     0.995313      3279784       213.33
       9.239     0.996094      3282342       256.00
       9.463     0.996484      3283620       284.44
       9.711     0.996875      3284909       320.00
       9.959     0.997266      3286184       365.71
      10.247     0.997656      3287474       426.67
      10.575     0.998047      3288776       512.00
      10.751     0.998242      3289422       568.89
      10.943     0.998437      3290050       640.00
      11.151     0.998633      3290702       731.43
      11.367     0.998828      3291345       853.33
      11.615     0.999023      3291976      1024.00
      11.743     0.999121      3292303      1137.78
      11.887     0.999219      3292630      1280.00
      12.047     0.999316      3292942      1462.86
      12.231     0.999414      3293265      1706.67
      12.439     0.999512      3293580      2048.00
      12.567     0.999561      3293744      2275.56
      12.703     0.999609      3293904      2560.00
      12.863     0.999658      3294064      2925.71
      13.063     0.999707      3294228      3413.33
      13.335     0.999756      3294383      4096.00
      13.487     0.999780      3294466      4551.11
      13.639     0.999805      3294545      5120.00
      13.847     0.999829      3294625      5851.43
      14.167     0.999854      3294705      6826.67
      14.711     0.999878      3294786      8192.00
      15.063     0.999890      3294825      9102.22
      15.407     0.999902      3294866     10240.00
      15.927     0.999915      3294906     11702.86
      16.559     0.999927      3294947     13653.33
      17.071     0.999939      3294987     16384.00
      17.359     0.999945      3295007     18204.44
      17.663     0.999951      3295029     20480.00
      17.903     0.999957      3295049     23405.71
      18.159     0.999963      3295069     27306.67
      18.511     0.999969      3295089     32768.00
      18.719     0.999973      3295099     36408.89
      18.895     0.999976      3295108     40960.00
      18.991     0.999979      3295118     46811.43
      19.071     0.999982      3295128     54613.33
      19.199     0.999985      3295138     65536.00
      19.423     0.999986      3295142     72817.78
      19.583     0.999988      3295147     81920.00
      19.807     0.999989      3295152     93622.86
      19.951     0.999991      3295157    109226.67
      20.031     0.999992      3295162    131072.00
      20.207     0.999993      3295166    145635.56
      20.271     0.999994      3295167    163840.00
      20.415     0.999995      3295170    187245.71
      20.431     0.999995      3295172    218453.33
      20.623     0.999996      3295175    262144.00
      20.639     0.999997      3295176    291271.11
      20.847     0.999997      3295177    327680.00
      20.879     0.999997      3295179    374491.43
      20.943     0.999998      3295180    436906.67
      20.975     0.999998      3295181    524288.00
      21.039     0.999998      3295182    582542.22
      21.039     0.999998      3295182    655360.00
      21.135     0.999999      3295183    748982.86
      21.215     0.999999      3295184    873813.33
      21.215     0.999999      3295184   1048576.00
      21.295     0.999999      3295185   1165084.44
      21.295     0.999999      3295185   1310720.00
      21.295     0.999999      3295185   1497965.71
      21.439     0.999999      3295186   1747626.67
      21.439     1.000000      3295186   2097152.00
      21.439     1.000000      3295186   2330168.89
      21.439     1.000000      3295186   2621440.00
      21.439     1.000000      3295186   2995931.43
      21.471     1.000000      3295187   3495253.33
      21.471     1.000000      3295187          inf
#[Mean    =        1.599, StdDeviation   =        1.010]
#[Max     =       21.456, Total count    =      3295187]
#[Buckets =           27, SubBuckets     =         2048]
----------------------------------------------------------
  3597680 requests in 2.00m, 394.57MB read
Requests/sec:  29980.44
Transfer/sec:      3.29MB
