Running 2m test @ http://localhost:9001/api/v1/user?id=1
  4 threads and 128 connections
  Thread calibration: mean lat.: 0.911ms, rate sampling interval: 10ms
  Thread calibration: mean lat.: 0.916ms, rate sampling interval: 10ms
  Thread calibration: mean lat.: 0.907ms, rate sampling interval: 10ms
  Thread calibration: mean lat.: 0.904ms, rate sampling interval: 10ms
  Thread Stats   Avg      Stdev     Max   +/- Stdev
    Latency     0.92ms  446.06us  26.78ms   71.66%
    Req/Sec     1.05k    78.42     3.44k    88.78%
  Latency Distribution (HdrHistogram - Recorded Latency)
 50.000%    0.92ms
 75.000%    1.19ms
 90.000%    1.41ms
 99.000%    1.89ms
 99.900%    2.19ms
 99.990%   14.84ms
 99.999%   23.60ms
100.000%   26.80ms

  Detailed Percentile spectrum:
       Value   Percentile   TotalCount 1/(1-Percentile)

       0.162     0.000000            2         1.00
       0.385     0.100000        44064         1.11
       0.535     0.200000        88181         1.25
       0.673     0.300000       132049         1.43
       0.799     0.400000       175845         1.67
       0.916     0.500000       219922         2.00
       0.972     0.550000       241955         2.22
       1.029     0.600000       263893         2.50
       1.084     0.650000       285825         2.86
       1.137     0.700000       307649         3.33
       1.193     0.750000       329572         4.00
       1.224     0.775000       340524         4.44
       1.257     0.800000       351571         5.00
       1.293     0.825000       362593         5.71
       1.332     0.850000       373546         6.67
       1.371     0.875000       384629         8.00
       1.390     0.887500       390222         8.89
       1.409     0.900000       395703        10.00
       1.429     0.912500       401131        11.43
       1.453     0.925000       406459        13.33
       1.487     0.937500       411959        16.00
       1.508     0.943750       414718        17.78
       1.534     0.950000       417468        20.00
       1.565     0.956250       420166        22.86
       1.603     0.962500       422912        26.67
       1.648     0.968750       425675        32.00
       1.675     0.971875       427042        35.56
       1.704     0.975000       428410        40.00
       1.735     0.978125       429752        45.71
       1.773     0.981250       431128        53.33
       1.816     0.984375       432520        64.00
       1.838     0.985938       433192        71.11
       1.858     0.987500       433897        80.00
       1.879     0.989062       434557        91.43
       1.906     0.990625       435268       106.67
       1.936     0.992188       435937       128.00
       1.951     0.992969       436277       142.22
       1.971     0.993750       436617       160.00
       1.994     0.994531       436969       182.86
       2.018     0.995313       437309       213.33
       2.044     0.996094       437652       256.00
       2.059     0.996484       437833       284.44
       2.073     0.996875       437996       320.00
       2.091     0.997266       438180       365.71
       2.107     0.997656       438342       426.67
       2.125     0.998047       438509       512.00
       2.135     0.998242       438601       568.89
       2.149     0.998437       438687       640.00
       2.161     0.998633       438771       731.43
       2.177     0.998828       438852       853.33
       2.193     0.999023       438934      1024.00
       2.205     0.999121       438984      1137.78
       2.217     0.999219       439024      1280.00
       2.231     0.999316       439063      1462.86
       2.249     0.999414       439106      1706.67
       2.293     0.999512       439149      2048.00
       2.361     0.999561       439169      2275.56
       2.517     0.999609       439191      2560.00
       2.769     0.999658       439212      2925.71
       2.999     0.999707       439234      3413.33
       3.663     0.999756       439255      4096.00
       4.267     0.999780       439266      4551.11
       5.431     0.999805       439277      5120.00
       7.387     0.999829       439287      5851.43
       9.807     0.999854       439298      6826.67
      12.687     0.999878       439309      8192.00
      13.799     0.999890       439314      9102.22
      15.207     0.999902       439320     10240.00
      16.047     0.999915       439325     11702.86
      17.711     0.999927       439330     13653.33
      19.039     0.999939       439336     16384.00
      19.663     0.999945       439338     18204.44
      20.031     0.999951       439341     20480.00
      21.247     0.999957       439344     23405.71
      21.583     0.999963       439346     27306.67
      22.175     0.999969       439349     32768.00
      22.223     0.999973       439350     36408.89
      22.527     0.999976       439352     40960.00
      22.607     0.999979       439353     46811.43
      22.911     0.999982       439354     54613.33
      23.503     0.999985       439356     65536.00
      23.503     0.999986       439356     72817.78
      23.535     0.999988       439357     81920.00
      23.599     0.999989       439358     93622.86
      23.599     0.999991       439358    109226.67
      23.951     0.999992       439359    131072.00
      23.951     0.999993       439359    145635.56
      23.967     0.999994       439360    163840.00
      23.967     0.999995       439360    187245.71
      23.967     0.999995       439360    218453.33
      24.063     0.999996       439361    262144.00
      24.063     0.999997       439361    291271.11
      24.063     0.999997       439361    327680.00
      24.063     0.999997       439361    374491.43
      24.063     0.999998       439361    436906.67
      26.799     0.999998       439362    524288.00
      26.799     1.000000       439362          inf
#[Mean    =        0.917, StdDeviation   =        0.446]
#[Max     =       26.784, Total count    =       439362]
#[Buckets =           27, SubBuckets     =         2048]
----------------------------------------------------------
  479753 requests in 2.00m, 148.78MB read
Requests/sec:   3997.89
Transfer/sec:      1.24MB
