Running 2m test @ http://localhost:9002/api/v1/user?id=1
  4 threads and 128 connections
  Thread calibration: mean lat.: 0.985ms, rate sampling interval: 10ms
  Thread calibration: mean lat.: 0.988ms, rate sampling interval: 10ms
  Thread calibration: mean lat.: 0.983ms, rate sampling interval: 10ms
  Thread calibration: mean lat.: 0.991ms, rate sampling interval: 10ms
  Thread Stats   Avg      Stdev     Max   +/- Stdev
    Latency     0.99ms  640.13us  30.98ms   86.94%
    Req/Sec     3.96k   277.02    13.00k    83.17%
  Latency Distribution (HdrHistogram - Recorded Latency)
 50.000%    0.96ms
 75.000%    1.29ms
 90.000%    1.52ms
 99.000%    2.05ms
 99.900%    6.90ms
 99.990%   24.00ms
 99.999%   30.06ms
100.000%   30.99ms

  Detailed Percentile spectrum:
       Value   Percentile   TotalCount 1/(1-Percentile)

       0.129     0.000000            1         1.00
       0.398     0.100000       165374         1.11
       0.547     0.200000       330445         1.25
       0.690     0.300000       494346         1.43
       0.831     0.400000       659827         1.67
       0.963     0.500000       824790         2.00
       1.027     0.550000       907049         2.22
       1.092     0.600000       989552         2.50
       1.157     0.650000      1071007         2.86
       1.224     0.700000      1153683         3.33
       1.292     0.750000      1236252         4.00
       1.327     0.775000      1278053         4.44
       1.362     0.800000      1319137         5.00
       1.397     0.825000      1359548         5.71
       1.434     0.850000      1401494         6.67
       1.473     0.875000      1441793         8.00
       1.497     0.887500      1463043         8.89
       1.522     0.900000      1482855        10.00
       1.552     0.912500      1503761        11.43
       1.586     0.925000      1524071        13.33
       1.628     0.937500      1544756        16.00
       1.653     0.943750      1555048        17.78
       1.682     0.950000      1565347        20.00
       1.715     0.956250      1575543        22.86
       1.754     0.962500      1585916        26.67
       1.800     0.968750      1596288        32.00
       1.825     0.971875      1601315        35.56
       1.853     0.975000      1606522        40.00
       1.884     0.978125      1611619        45.71
       1.919     0.981250      1616757        53.33
       1.960     0.984375      1621965        64.00
       1.981     0.985938      1624447        71.11
       2.006     0.987500      1627068        80.00
       2.034     0.989062      1629644        91.43
       2.067     0.990625      1632189       106.67
       2.105     0.992188      1634769       128.00
       2.129     0.992969      1636088       142.22
       2.157     0.993750      1637371       160.00
       2.191     0.994531      1638611       182.86
       2.239     0.995313      1639894       213.33
       2.331     0.996094      1641162       256.00
       2.507     0.996484      1641806       284.44
       3.047     0.996875      1642447       320.00
       3.591     0.997266      1643092       365.71
       4.183     0.997656      1643734       426.67
       4.919     0.998047      1644379       512.00
       5.311     0.998242      1644700       568.89
       5.755     0.998437      1645022       640.00
       6.175     0.998633      1645343       731.43
       6.559     0.998828      1645665       853.33
       6.939     0.999023      1645987      1024.00
       7.147     0.999121      1646146      1137.78
       7.375     0.999219      1646307      1280.00
       7.651     0.999316      1646468      1462.86
       8.079     0.999414      1646629      1706.67
       8.863     0.999512      1646791      2048.00
      10.199     0.999561      1646870      2275.56
      11.943     0.999609      1646951      2560.00
      14.831     0.999658      1647031      2925.71
      16.543     0.999707      1647113      3413.33
      18.127     0.999756      1647192      4096.00
      19.071     0.999780      1647232      4551.11
      20.463     0.999805      1647273      5120.00
      21.727     0.999829      1647313      5851.43
      22.671     0.999854      1647353      6826.67
      23.279     0.999878      1647393      8192.00
      23.615     0.999890      1647414      9102.22
      24.159     0.999902      1647434     10240.00
      24.607     0.999915      1647455     11702.86
      25.519     0.999927      1647475     13653.33
      26.575     0.999939      1647495     16384.00
      27.487     0.999945      1647504     18204.44
      28.127     0.999951      1647514     20480.00
      28.703     0.999957      1647524     23405.71
      28.943     0.999963      1647534     27306.67
      29.247     0.999969      1647545     32768.00
      29.423     0.999973      1647551     36408.89
      29.487     0.999976      1647554     40960.00
      29.615     0.999979      1647559     46811.43
      29.727     0.999982      1647565     54613.33
      29.807     0.999985      1647569     65536.00
      29.887     0.999986      1647572     72817.78
      29.919     0.999988      1647574     81920.00
      30.047     0.999989      1647577     93622.86
      30.175     0.999991      1647579    109226.67
      30.351     0.999992      1647582    131072.00
      30.383     0.999993      1647583    145635.56
      30.447     0.999994      1647584    163840.00
      30.495     0.999995      1647586    187245.71
      30.527     0.999995      1647587    218453.33
      30.591     0.999996      1647588    262144.00
      30.655     0.999997      1647589    291271.11
      30.655     0.999997      1647589    327680.00
      30.767     0.999997      1647590    374491.43
      30.815     0.999998      1647591    436906.67
      30.815     0.999998      1647591    524288.00
      30.863     0.999998      1647592    582542.22
      30.863     0.999998      1647592    655360.00
      30.863     0.999999      1647592    748982.86
      30.927     0.999999      1647593    873813.33
      30.927     0.999999      1647593   1048576.00
      30.927     0.999999      1647593   1165084.44
      30.927     0.999999      1647593   1310720.00
      30.927     0.999999      1647593   1497965.71
      30.991     0.999999      1647594   1747626.67
      30.991     1.000000      1647594          inf
#[Mean    =        0.988, StdDeviation   =        0.640]
#[Max     =       30.976, Total count    =      1647594]
#[Buckets =           27, SubBuckets     =         2048]
----------------------------------------------------------
  1798882 requests in 2.00m, 197.29MB read
Requests/sec:  14990.62
Transfer/sec:      1.64MB
