Running 2m test @ http://localhost:9003/api/v1/users
  4 threads and 128 connections
  Thread calibration: mean lat.: 1.394ms, rate sampling interval: 10ms
  Thread calibration: mean lat.: 1.379ms, rate sampling interval: 10ms
  Thread calibration: mean lat.: 1.386ms, rate sampling interval: 10ms
  Thread calibration: mean lat.: 1.383ms, rate sampling interval: 10ms
  Thread Stats   Avg      Stdev     Max   +/- Stdev
    Latency     1.37ms  455.76us   5.38ms   64.04%
    Req/Sec     1.06k    72.91     1.44k    90.07%
  Latency Distribution (HdrHistogram - Recorded Latency)
 50.000%    1.34ms
 75.000%    1.70ms
 90.000%    2.01ms
 99.000%    2.40ms
 99.900%    2.93ms
 99.990%    4.31ms
 99.999%    4.88ms
100.000%    5.38ms

  Detailed Percentile spectrum:
       Value   Percentile   TotalCount 1/(1-Percentile)

       0.512     0.000000            1         1.00
       0.795     0.100000        44076         1.11
       0.941     0.200000        88167         1.25
       1.070     0.300000       131927         1.43
       1.202     0.400000       175785         1.67
       1.338     0.500000       219753         2.00
       1.408     0.550000       241846         2.22
       1.476     0.600000       263794         2.50
       1.546     0.650000       285705         2.86
       1.619     0.700000       307804         3.33
       1.698     0.750000       329694         4.00
       1.741     0.775000       340755         4.44
       1.785     0.800000       351622         5.00
       1.833     0.825000       362549         5.71
       1.886     0.850000       373486         6.67
       1.944     0.875000       384607         8.00
       1.975     0.887500       389969         8.89
       2.009     0.900000       395553        10.00
       2.043     0.912500       401035        11.43
       2.079     0.925000       406686        13.33
       2.117     0.937500       412094        16.00
       2.137     0.943750       414849        17.78
       2.157     0.950000       417521        20.00
       2.179     0.956250       420186        22.86
       2.205     0.962500       422891        26.67
       2.237     0.968750       425705        32.00
       2.255     0.971875       427136        35.56
       2.273     0.975000       428466        40.00
       2.293     0.978125       429780        45.71
       2.317     0.981250       431179        53.33
       2.345     0.984375       432585        64.00
       2.359     0.985938       433238        71.11
       2.375     0.987500       433940        80.00
       2.391     0.989062       434554        91.43
       2.411     0.990625       435245       106.67
       2.435     0.992188       435971       128.00
       2.447     0.992969       436276       142.22
       2.463     0.993750       436633       160.00
       2.479     0.994531       436958       182.86
       2.499     0.995313       437310       213.33
       2.523     0.996094       437650       256.00
       2.539     0.996484       437828       284.44
       2.555     0.996875       437997       320.00
       2.573     0.997266       438158       365.71
       2.599     0.997656       438339       426.67
       2.629     0.998047       438503       512.00
       2.651     0.998242       438594       568.89
       2.675     0.998437       438673       640.00
       2.709     0.998633       438759       731.43
       2.775     0.998828       438844       853.33
       2.957     0.999023       438929      1024.00
       3.045     0.999121       438974      1137.78
       3.169     0.999219       439015      1280.00
       3.269     0.999316       439058      1462.86
       3.417     0.999414       439101      1706.67
       3.537     0.999512       439144      2048.00
       3.643     0.999561       439165      2275.56
       3.693     0.999609       439187      2560.00
       3.821     0.999658       439208      2925.71
       3.865     0.999707       439230      3413.33
       3.957     0.999756       439251      4096.00
       4.033     0.999780       439263      4551.11
       4.067     0.999805       439273      5120.00
       4.103     0.999829       439283      5851.43
       4.151     0.999854       439294      6826.67
       4.239     0.999878       439305      8192.00
       4.283     0.999890       439311      9102.22
       4.311     0.999902       439316     10240.00
       4.355     0.999915       439321     11702.86
       4.431     0.999927       439326     13653.33
       4.547     0.999939       439332     16384.00
       4.555     0.999945       439334     18204.44
       4.587     0.999951       439337     20480.00
       4.611     0.999957       439340     23405.71
       4.623     0.999963       439342     27306.67
       4.655     0.999969       439346     32768.00
       4.655     0.999973       439346     36408.89
       4.711     0.999976       439348     40960.00
       4.739     0.999979       439349     46811.43
       4.763     0.999982       439350     54613.33
       4.779     0.999985       439352     65536.00
       4.779     0.999986       439352     72817.78
       4.803     0.999988       439353     81920.00
       4.879     0.999989       439354     93622.86
       4.879     0.999991       439354    109226.67
       4.919     0.999992       439355    131072.00
       4.919     0.999993       439355    145635.56
       4.987     0.999994       439356    163840.00
       4.987     0.999995       439356    187245.71
       4.987     0.999995       439356    218453.33
       5.027     0.999996       439357    262144.00
       5.027     0.999997       439357    291271.11
       5.027     0.999997       439357    327680.00
       5.027     0.999997       439357    374491.43
       5.027     0.999998       439357    436906.67
       5.383     0.999998       439358    524288.00
       5.383     1.000000       439358          inf
#[Mean    =        1.372, StdDeviation   =        0.456]
#[Max     =        5.380, Total count    =       439358]
#[Buckets =           27, SubBuckets     =         2048]
----------------------------------------------------------
  479750 requests in 2.00m, 4.12GB read
Requests/sec:   3997.87
Transfer/sec:     35.15MB
