Running 2m test @ http://localhost:9002/api/v1/users
  4 threads and 128 connections
  Thread calibration: mean lat.: 1.518ms, rate sampling interval: 10ms
  Thread calibration: mean lat.: 1.483ms, rate sampling interval: 10ms
  Thread calibration: mean lat.: 1.503ms, rate sampling interval: 10ms
  Thread calibration: mean lat.: 1.446ms, rate sampling interval: 10ms
  Thread Stats   Avg      Stdev     Max   +/- Stdev
    Latency     1.48ms  433.85us   4.62ms   66.52%
    Req/Sec   524.97    110.16     0.89k    53.92%
  Latency Distribution (HdrHistogram - Recorded Latency)
 50.000%    1.44ms
 75.000%    1.76ms
 90.000%    2.07ms
 99.000%    2.55ms
 99.900%    2.97ms
 99.990%    3.85ms
 99.999%    4.29ms
100.000%    4.62ms

  Detailed Percentile spectrum:
       Value   Percentile   TotalCount 1/(1-Percentile)

       0.643     0.000000            1         1.00
       0.932     0.100000        22062         1.11
       1.077     0.200000        44001         1.25
       1.202     0.300000        66042         1.43
       1.319     0.400000        88032         1.67
       1.436     0.500000       109853         2.00
       1.496     0.550000       120853         2.22
       1.559     0.600000       131933         2.50
       1.623     0.650000       142789         2.86
       1.690     0.700000       153869         3.33
       1.757     0.750000       164796         4.00
       1.795     0.775000       170326         4.44
       1.837     0.800000       175815         5.00
       1.882     0.825000       181260         5.71
       1.936     0.850000       186793         6.67
       1.998     0.875000       192238         8.00
       2.034     0.887500       195014         8.89
       2.073     0.900000       197808        10.00
       2.115     0.912500       200550        11.43
       2.161     0.925000       203222        13.33
       2.215     0.937500       205947        16.00
       2.245     0.943750       207371        17.78
       2.275     0.950000       208767        20.00
       2.307     0.956250       210124        22.86
       2.341     0.962500       211471        26.67
       2.377     0.968750       212846        32.00
       2.395     0.971875       213553        35.56
       2.415     0.975000       214215        40.00
       2.435     0.978125       214883        45.71
       2.459     0.981250       215567        53.33
       2.487     0.984375       216272        64.00
       2.501     0.985938       216593        71.11
       2.519     0.987500       216929        80.00
       2.539     0.989062       217288        91.43
       2.561     0.990625       217658       106.67
       2.583     0.992188       217972       128.00
       2.595     0.992969       218140       142.22
       2.611     0.993750       218306       160.00
       2.627     0.994531       218472       182.86
       2.647     0.995313       218652       213.33
       2.669     0.996094       218823       256.00
       2.681     0.996484       218902       284.44
       2.699     0.996875       218991       320.00
       2.713     0.997266       219072       365.71
       2.737     0.997656       219160       426.67
       2.767     0.998047       219246       512.00
       2.793     0.998242       219287       568.89
       2.823     0.998437       219329       640.00
       2.873     0.998633       219372       731.43
       2.913     0.998828       219416       853.33
       2.985     0.999023       219458      1024.00
       3.037     0.999121       219479      1137.78
       3.089     0.999219       219501      1280.00
       3.171     0.999316       219522      1462.86
       3.237     0.999414       219544      1706.67
       3.337     0.999512       219565      2048.00
       3.375     0.999561       219577      2275.56
       3.423     0.999609       219588      2560.00
       3.457     0.999658       219597      2925.71
       3.509     0.999707       219608      3413.33
       3.637     0.999756       219619      4096.00
       3.675     0.999780       219624      4551.11
       3.701     0.999805       219630      5120.00
       3.735     0.999829       219635      5851.43
       3.751     0.999854       219640      6826.67
       3.813     0.999878       219647      8192.00
       3.839     0.999890       219648      9102.22
       3.897     0.999902       219651     10240.00
       3.913     0.999915       219654     11702.86
       3.949     0.999927       219656     13653.33
       4.011     0.999939       219659     16384.00
       4.077     0.999945       219660     18204.44
       4.095     0.999951       219662     20480.00
       4.143     0.999957       219663     23405.71
       4.147     0.999963       219664     27306.67
       4.183     0.999969       219666     32768.00
       4.183     0.999973       219666     36408.89
       4.207     0.999976       219667     40960.00
       4.251     0.999979       219668     46811.43
       4.251     0.999982       219668     54613.33
       4.255     0.999985       219669     65536.00
       4.255     0.999986       219669     72817.78
       4.287     0.999988       219670     81920.00
       4.287     0.999989       219670     93622.86
       4.287     0.999991       219670    109226.67
       4.367     0.999992       219671    131072.00
       4.367     0.999993       219671    145635.56
       4.367     0.999994       219671    163840.00
       4.367     0.999995       219671    187245.71
       4.367     0.999995       219671    218453.33
       4.623     0.999996       219672    262144.00
       4.623     1.000000       219672          inf
#[Mean    =        1.475, StdDeviation   =        0.434]
#[Max     =        4.620, Total count    =       219672]
#[Buckets =           27, SubBuckets     =         2048]
----------------------------------------------------------
  239904 requests in 2.00m, 2.06GB read
Requests/sec:   1999.16
Transfer/sec:     17.57MB
