Running 2m test @ http://localhost:9000/api/v1/user?id=1
  4 threads and 128 connections
  Thread calibration: mean lat.: 1.088ms, rate sampling interval: 10ms
  Thread calibration: mean lat.: 1.094ms, rate sampling interval: 10ms
  Thread calibration: mean lat.: 1.083ms, rate sampling interval: 10ms
  Thread calibration: mean lat.: 1.076ms, rate sampling interval: 10ms
  Thread Stats   Avg      Stdev     Max   +/- Stdev
    Latency     1.00ms  480.30us   6.05ms   64.52%
    Req/Sec     7.90k   446.33     9.89k    70.03%
  Latency Distribution (HdrHistogram - Recorded Latency)
 50.000%    0.97ms
 75.000%    1.34ms
 90.000%    1.64ms
 99.000%    2.17ms
 99.900%    2.55ms
 99.990%    3.33ms
 99.999%    4.31ms
100.000%    6.05ms

  Detailed Percentile spectrum:
       Value   Percentile   TotalCount 1/(1-Percentile)

       0.066     0.000000            1         1.00
       0.383     0.100000       330543         1.11
       0.539     0.200000       659724         1.25
       0.683     0.300000       988597         1.43
       0.826     0.400000      1319806         1.67
       0.969     0.500000      1648795         2.00
       1.041     0.550000      1813482         2.22
       1.114     0.600000      1977561         2.50
       1.188     0.650000      2142162         2.86
       1.264     0.700000      2307802         3.33
       1.341     0.750000      2471947         4.00
       1.381     0.775000      2554991         4.44
       1.423     0.800000      2636588         5.00
       1.469     0.825000      2719635         5.71
       1.519     0.850000      2801092         6.67
       1.577     0.875000      2884392         8.00
       1.608     0.887500      2924746         8.89
       1.643     0.900000      2966331        10.00
       1.681     0.912500      3007430        11.43
       1.723     0.925000      3048158        13.33
       1.772     0.937500      3090036        16.00
       1.798     0.943750      3109991        17.78
       1.827     0.950000      3130467        20.00
       1.860     0.956250      3151514        22.86
       1.897     0.962500      3171996        26.67
       1.938     0.968750      3192337        32.00
       1.962     0.971875      3202715        35.56
       1.988     0.975000      3213036        40.00
       2.016     0.978125      3223200        45.71
       2.049     0.981250      3233970        53.33
       2.085     0.984375      3244203        64.00
       2.105     0.985938      3249229        71.11
       2.127     0.987500      3254258        80.00
       2.153     0.989062      3259507        91.43
       2.181     0.990625      3264560       106.67
       2.213     0.992188      3269599       128.00
       2.231     0.992969      3272043       142.22
       2.253     0.993750      3274865       160.00
       2.273     0.994531      3277212       182.86
       2.299     0.995313      3279857       213.33
       2.329     0.996094      3282446       256.00
       2.345     0.996484      3283686       284.44
       2.363     0.996875      3284914       320.00
       2.385     0.997266      3286279       365.71
       2.409     0.997656      3287499       426.67
       2.439     0.998047      3288780       512.00
       2.457     0.998242      3289452       568.89
       2.475     0.998437      3290082       640.00
       2.497     0.998633      3290731       731.43
       2.521     0.998828      3291379       853.33
       2.551     0.999023      3292003      1024.00
       2.569     0.999121      3292321      1137.78
       2.593     0.999219      3292648      1280.00
       2.619     0.999316      3292961      1462.86
       2.649     0.999414      3293280      1706.67
       2.695     0.999512      3293593      2048.00
       2.723     0.999561      3293752      2275.56
       2.757     0.999609      3293915      2560.00
       2.801     0.999658      3294078      2925.71
       2.851     0.999707      3294235      3413.33
       2.925     0.999756      3294396      4096.00
       2.971     0.999780      3294479      4551.11
       3.021     0.999805      3294556      5120.00
       3.085     0.999829      3294639      5851.43
       3.149     0.999854      3294719      6826.67
       3.243     0.999878      3294797      8192.00
       3.289     0.999890      3294837      9102.22
       3.347     0.999902      3294880     10240.00
       3.393     0.999915      3294918     11702.86
       3.491     0.999927      3294960     13653.33
       3.573     0.999939      3294999     16384.00
       3.607     0.999945      3295019     18204.44
       3.661     0.999951      3295040     20480.00
       3.697     0.999957      3295059     23405.71
       3.751     0.999963      3295079     27306.67
       3.857     0.999969      3295100     32768.00
       3.911     0.999973      3295109     36408.89
       3.957     0.999976      3295121     40960.00
       4.033     0.999979      3295129     46811.43
       4.081     0.999982      3295140     54613.33
       4.143     0.999985      3295149     65536.00
       4.187     0.999986      3295154     72817.78
       4.239     0.999988      3295159     81920.00
       4.295     0.999989      3295164     93622.86
       4.335     0.999991      3295169    109226.67
       4.379     0.999992      3295175    131072.00
       4.391     0.999993      3295177    145635.56
       4.455     0.999994      3295179    163840.00
       4.515     0.999995      3295182    187245.71
       4.563     0.999995      3295184    218453.33
       4.643     0.999996      3295187    262144.00
       4.655     0.999997      3295188    291271.11
       4.675     0.999997      3295189    327680.00
       4.971     0.999997      3295191    374491.43
       5.079     0.999998      3295192    436906.67
       5.107     0.999998      3295193    524288.00
       5.167     0.999998      3295194    582542.22
       5.167     0.999998      3295194    655360.00
       5.183     0.999999      3295195    748982.86
       5.683     0.999999      3295196    873813.33
       5.683     0.999999      3295196   1048576.00
       5.743     0.999999      3295197   1165084.44
       5.743     0.999999      3295197   1310720.00
       5.743     0.999999      3295197   1497965.71
       5.759     0.999999      3295198   1747626.67
       5.759     1.000000      3295198   2097152.00
       5.759     1.000000      3295198   2330168.89
       5.759     1.000000      3295198   2621440.00
       5.759     1.000000      3295198   2995931.43
       6.051     1.000000      3295199   3495253.33
       6.051     1.000000      3295199          inf
#[Mean    =        0.999, StdDeviation   =        0.480]
#[Max     =        6.048, Total count    =      3295199]
#[Buckets =           27, SubBuckets     =         2048]
----------------------------------------------------------
  3597706 requests in 2.00m, 428.88MB read
Requests/sec:  29980.94
Transfer/sec:      3.57MB
