Running 2m test @ http://localhost:9003/api/v1/user?id=1
  4 threads and 128 connections
  Thread calibration: mean lat.: 846.508ms, rate sampling interval: 3823ms
  Thread calibration: mean lat.: 876.813ms, rate sampling interval: 3913ms
  Thread calibration: mean lat.: 883.038ms, rate sampling interval: 3792ms
  Thread calibration: mean lat.: 832.767ms, rate sampling interval: 3811ms
  Thread Stats   Avg      Stdev     Max   +/- Stdev
    Latency    30.33s    16.08s    0.97m    57.58%
    Req/Sec     3.09k    45.55     3.17k    66.07%
  Latency Distribution (HdrHistogram - Recorded Latency)
 50.000%   30.29s 
 75.000%   44.27s 
 90.000%    0.88m 
 99.000%    0.96m 
 99.900%    0.97m 
 99.990%    0.97m 
 99.999%    0.97m 
100.000%    0.97m 

  Detailed Percentile spectrum:
       Value   Percentile   TotalCount 1/(1-Percentile)

    2543.615     0.000000            1         1.00
    8126.463     0.100000       135749         1.11
   13557.759     0.200000       271464         1.25
   19021.823     0.300000       407364         1.43
   24821.759     0.400000       542922         1.67
   30294.015     0.500000       679007         2.00
   33177.599     0.550000       746852         2.22
   35913.727     0.600000       814461         2.50
   38699.007     0.650000       882929         2.86
   41484.287     0.700000       950748         3.33
   44269.567     0.750000      1018260         4.00
   45678.591     0.775000      1052407         4.44
   47054.847     0.800000      1086240         5.00
   48398.335     0.825000      1120102         5.71
   49840.127     0.850000      1154244         6.67
   51216.383     0.875000      1187920         8.00
   51904.511     0.887500      1204556         8.89
   52592.639     0.900000      1221600        10.00
   53313.535     0.912500      1238996        11.43
   54034.431     0.925000      1256179        13.33
   54755.327     0.937500      1272899        16.00
   55115.775     0.943750      1281587        17.78
   55443.455     0.950000      1289752        20.00
   55803.903     0.956250      1298192        22.86
   56164.351     0.962500      1306516        26.67
   56524.799     0.968750      1315141        32.00
   56688.639     0.971875      1319347        35.56
   56852.479     0.975000      1323590        40.00
   57016.319     0.978125      1327631        45.71
   57212.927     0.981250      1332397        53.33
   57376.767     0.984375      1336313        64.00
   57475.071     0.985938      1338833        71.11
   57540.607     0.987500      1340475        80.00
   57638.911     0.989062      1342912        91.43
   57704.447     0.990625      1344585       106.67
   57802.751     0.992188      1346979       128.00
   57835.519     0.992969      1347791       142.22
   57901.055     0.993750      1349384       160.00
   57933.823     0.994531      1350183       182.86
   57966.591     0.995313      1350980       213.33
   58032.127     0.996094      1352605       256.00
   58032.127     0.996484      1352605       284.44
   58064.895     0.996875      1353394       320.00
   58097.663     0.997266      1354180       365.71
   58097.663     0.997656      1354180       426.67
   58130.431     0.998047      1354796       512.00
   58130.431     0.998242      1354796       568.89
   58163.199     0.998437      1355266       640.00
   58195.967     0.998633      1355712       731.43
   58195.967     0.998828      1355712       853.33
   58228.735     0.999023      1356130      1024.00
   58228.735     0.999121      1356130      1137.78
   58228.735     0.999219      1356130      1280.00
   58261.503     0.999316      1356490      1462.86
   58261.503     0.999414      1356490      1706.67
   58294.271     0.999512      1356869      2048.00
   58294.271     0.999561      1356869      2275.56
   58294.271     0.999609      1356869      2560.00
   58294.271     0.999658      1356869      2925.71
   58294.271     0.999707      1356869      3413.33
   58294.271     0.999756      1356869      4096.00
   58327.039     0.999780      1357040      4551.11
   58327.039     0.999805      1357040      5120.00
   58327.039     0.999829      1357040      5851.43
   58327.039     0.999854      1357040      6826.67
   58327.039     0.999878      1357040      8192.00
   58327.039     0.999890      1357040      9102.22
   58327.039     0.999902      1357040     10240.00
   58359.807     0.999915      1357106     11702.86
   58359.807     0.999927      1357106     13653.33
   58359.807     0.999939      1357106     16384.00
   58359.807     0.999945      1357106     18204.44
   58359.807     0.999951      1357106     20480.00
   58392.575     0.999957      1357154     23405.71
   58392.575     0.999963      1357154     27306.67
   58392.575     0.999969      1357154     32768.00
   58392.575     0.999973      1357154     36408.89
   58392.575     0.999976      1357154     40960.00
   58392.575     0.999979      1357154     46811.43
   58392.575     0.999982      1357154     54613.33
   58392.575     0.999985      1357154     65536.00
   58392.575     0.999986      1357154     72817.78
   58425.343     0.999988      1357172     81920.00
   58425.343     1.000000      1357172          inf
#[Mean    =    30325.350, StdDeviation   =    16075.834]
#[Max     =    58392.576, Total count    =      1357172]
#[Buckets =           27, SubBuckets     =         2048]
----------------------------------------------------------
  1542655 requests in 2.00m, 169.19MB read
Requests/sec:  12855.44
Transfer/sec:      1.41MB
