Running 2m test @ http://localhost:9000/api/v1/user?id=1
  4 threads and 128 connections
  Thread calibration: mean lat.: 0.919ms, rate sampling interval: 10ms
  Thread calibration: mean lat.: 0.915ms, rate sampling interval: 10ms
  Thread calibration: mean lat.: 0.922ms, rate sampling interval: 10ms
  Thread calibration: mean lat.: 0.920ms, rate sampling interval: 10ms
  Thread Stats   Avg      Stdev     Max   +/- Stdev
    Latency     0.92ms  412.84us   5.88ms   65.29%
    Req/Sec     3.18k   166.43     3.89k    64.21%
  Latency Distribution (HdrHistogram - Recorded Latency)
 50.000%    0.92ms
 75.000%    1.21ms
 90.000%    1.49ms
 99.000%    1.78ms
 99.900%    1.99ms
 99.990%    2.43ms
 99.999%    4.06ms
100.000%    5.88ms

  Detailed Percentile spectrum:
       Value   Percentile   TotalCount 1/(1-Percentile)

       0.070     0.000000            1         1.00
       0.354     0.100000       132135         1.11
       0.547     0.200000       264524         1.25
       0.678     0.300000       396064         1.43
       0.797     0.400000       527729         1.67
       0.916     0.500000       659510         2.00
       0.973     0.550000       725001         2.22
       1.032     0.600000       791213         2.50
       1.091     0.650000       856991         2.86
       1.152     0.700000       923815         3.33
       1.212     0.750000       988699         4.00
       1.244     0.775000      1022396         4.44
       1.279     0.800000      1054581         5.00
       1.326     0.825000      1087652         5.71
       1.378     0.850000      1120693         6.67
       1.433     0.875000      1153839         8.00
       1.461     0.887500      1170239         8.89
       1.490     0.900000      1186627        10.00
       1.520     0.912500      1203321        11.43
       1.550     0.925000      1219403        13.33
       1.582     0.937500      1236027        16.00
       1.598     0.943750      1244012        17.78
       1.615     0.950000      1252448        20.00
       1.632     0.956250      1260417        22.86
       1.652     0.962500      1268870        26.67
       1.674     0.968750      1277039        32.00
       1.686     0.971875      1281115        35.56
       1.699     0.975000      1285330        40.00
       1.712     0.978125      1289411        45.71
       1.727     0.981250      1293519        53.33
       1.744     0.984375      1297557        64.00
       1.754     0.985938      1299627        71.11
       1.765     0.987500      1301717        80.00
       1.776     0.989062      1303662        91.43
       1.790     0.990625      1305731       106.67
       1.807     0.992188      1307900       128.00
       1.816     0.992969      1308896       142.22
       1.826     0.993750      1309883       160.00
       1.837     0.994531      1310877       182.86
       1.851     0.995313      1311948       213.33
       1.868     0.996094      1312981       256.00
       1.877     0.996484      1313472       284.44
       1.887     0.996875      1313967       320.00
       1.899     0.997266      1314506       365.71
       1.913     0.997656      1314998       426.67
       1.928     0.998047      1315505       512.00
       1.936     0.998242      1315771       568.89
       1.946     0.998437      1316039       640.00
       1.958     0.998633      1316293       731.43
       1.970     0.998828      1316538       853.33
       1.987     0.999023      1316801      1024.00
       1.996     0.999121      1316933      1137.78
       2.007     0.999219      1317053      1280.00
       2.020     0.999316      1317182      1462.86
       2.035     0.999414      1317315      1706.67
       2.055     0.999512      1317445      2048.00
       2.069     0.999561      1317501      2275.56
       2.083     0.999609      1317568      2560.00
       2.099     0.999658      1317632      2925.71
       2.119     0.999707      1317692      3413.33
       2.147     0.999756      1317759      4096.00
       2.171     0.999780      1317790      4551.11
       2.189     0.999805      1317822      5120.00
       2.211     0.999829      1317853      5851.43
       2.251     0.999854      1317885      6826.67
       2.337     0.999878      1317918      8192.00
       2.389     0.999890      1317934      9102.22
       2.437     0.999902      1317950     10240.00
       2.493     0.999915      1317966     11702.86
       2.585     0.999927      1317983     13653.33
       2.657     0.999939      1317998     16384.00
       2.711     0.999945      1318006     18204.44
       2.797     0.999951      1318014     20480.00
       2.911     0.999957      1318022     23405.71
       3.019     0.999963      1318030     27306.67
       3.127     0.999969      1318038     32768.00
       3.167     0.999973      1318042     36408.89
       3.295     0.999976      1318046     40960.00
       3.363     0.999979      1318050     46811.43
       3.459     0.999982      1318054     54613.33
       3.633     0.999985      1318058     65536.00
       3.783     0.999986      1318060     72817.78
       3.943     0.999988      1318062     81920.00
       4.049     0.999989      1318064     93622.86
       4.103     0.999991      1318066    109226.67
       4.223     0.999992      1318068    131072.00
       4.251     0.999993      1318069    145635.56
       4.263     0.999994      1318070    163840.00
       4.507     0.999995      1318071    187245.71
       4.515     0.999995      1318072    218453.33
       4.551     0.999996      1318073    262144.00
       4.815     0.999997      1318074    291271.11
       4.815     0.999997      1318074    327680.00
       4.859     0.999997      1318075    374491.43
       4.859     0.999998      1318075    436906.67
       4.879     0.999998      1318076    524288.00
       4.879     0.999998      1318076    582542.22
       4.879     0.999998      1318076    655360.00
       4.947     0.999999      1318077    748982.86
       4.947     0.999999      1318077    873813.33
       4.947     0.999999      1318077   1048576.00
       4.947     0.999999      1318077   1165084.44
       4.947     0.999999      1318077   1310720.00
       5.883     0.999999      1318078   1497965.71
       5.883     1.000000      1318078          inf
#[Mean    =        0.919, StdDeviation   =        0.413]
#[Max     =        5.880, Total count    =      1318078]
#[Buckets =           27, SubBuckets     =         2048]
----------------------------------------------------------
  1439122 requests in 2.00m, 171.56MB read
Requests/sec:  11992.61
Transfer/sec:      1.43MB
