Running 2m test @ http://localhost:9000/api/v1/users
  4 threads and 128 connections
  Thread calibration: mean lat.: 2.230ms, rate sampling interval: 10ms
  Thread calibration: mean lat.: 2.264ms, rate sampling interval: 10ms
  Thread calibration: mean lat.: 2.264ms, rate sampling interval: 10ms
  Thread calibration: mean lat.: 4.274ms, rate sampling interval: 11ms
  Thread Stats   Avg      Stdev     Max   +/- Stdev
    Latency     3.06ms    1.90ms  47.58ms   77.20%
    Req/Sec     2.10k   606.42     4.11k    73.85%
  Latency Distribution (HdrHistogram - Recorded Latency)
 50.000%    2.53ms
 75.000%    4.16ms
 90.000%    5.55ms
 99.000%    7.49ms
 99.900%   21.73ms
 99.990%   36.16ms
 99.999%   43.49ms
100.000%   47.62ms

  Detailed Percentile spectrum:
       Value   Percentile   TotalCount 1/(1-Percentile)

       0.634     0.000000            1         1.00
       1.268     0.100000        88014         1.11
       1.602     0.200000       175945         1.25
       1.838     0.300000       263973         1.43
       2.101     0.400000       351865         1.67
       2.525     0.500000       439431         2.00
       2.765     0.550000       483421         2.22
       3.051     0.600000       527373         2.50
       3.399     0.650000       571387         2.86
       3.767     0.700000       615113         3.33
       4.155     0.750000       659346         4.00
       4.355     0.775000       681012         4.44
       4.567     0.800000       703072         5.00
       4.787     0.825000       725128         5.71
       5.023     0.850000       747077         6.67
       5.271     0.875000       768892         8.00
       5.407     0.887500       779928         8.89
       5.547     0.900000       790961        10.00
       5.699     0.912500       802005        11.43
       5.859     0.925000       812896        13.33
       6.039     0.937500       823849        16.00
       6.139     0.943750       829459        17.78
       6.243     0.950000       834840        20.00
       6.355     0.956250       840304        22.86
       6.487     0.962500       845904        26.67
       6.631     0.968750       851330        32.00
       6.711     0.971875       854117        35.56
       6.799     0.975000       856818        40.00
       6.899     0.978125       859535        45.71
       7.007     0.981250       862243        53.33
       7.143     0.984375       865038        64.00
       7.219     0.985938       866355        71.11
       7.311     0.987500       867782        80.00
       7.415     0.989062       869139        91.43
       7.543     0.990625       870501       106.67
       7.699     0.992188       871872       128.00
       7.799     0.992969       872550       142.22
       7.915     0.993750       873227       160.00
       8.071     0.994531       873911       182.86
       8.287     0.995313       874607       213.33
       8.623     0.996094       875281       256.00
       8.871     0.996484       875625       284.44
       9.271     0.996875       875965       320.00
       9.975     0.997266       876308       365.71
      11.295     0.997656       876652       426.67
      13.335     0.998047       876994       512.00
      14.615     0.998242       877165       568.89
      16.335     0.998437       877337       640.00
      17.951     0.998633       877508       731.43
      19.791     0.998828       877681       853.33
      21.999     0.999023       877851      1024.00
      23.119     0.999121       877937      1137.78
      24.207     0.999219       878026      1280.00
      25.183     0.999316       878110      1462.86
      26.431     0.999414       878196      1706.67
      27.583     0.999512       878280      2048.00
      28.159     0.999561       878323      2275.56
      28.959     0.999609       878366      2560.00
      29.967     0.999658       878410      2925.71
      31.087     0.999707       878452      3413.33
      32.159     0.999756       878496      4096.00
      32.543     0.999780       878516      4551.11
      33.311     0.999805       878538      5120.00
      33.951     0.999829       878560      5851.43
      34.623     0.999854       878581      6826.67
      35.135     0.999878       878602      8192.00
      35.903     0.999890       878613      9102.22
      36.319     0.999902       878625     10240.00
      36.735     0.999915       878634     11702.86
      37.471     0.999927       878646     13653.33
      38.143     0.999939       878656     16384.00
      38.527     0.999945       878661     18204.44
      38.975     0.999951       878667     20480.00
      39.839     0.999957       878672     23405.71
      40.191     0.999963       878677     27306.67
      40.927     0.999969       878683     32768.00
      41.119     0.999973       878685     36408.89
      41.919     0.999976       878688     40960.00
      42.175     0.999979       878691     46811.43
      42.271     0.999982       878694     54613.33
      42.975     0.999985       878696     65536.00
      43.039     0.999986       878697     72817.78
      43.327     0.999988       878699     81920.00
      43.487     0.999989       878700     93622.86
      43.647     0.999991       878701    109226.67
      44.031     0.999992       878703    131072.00
      44.031     0.999993       878703    145635.56
      44.511     0.999994       878704    163840.00
      44.639     0.999995       878705    187245.71
      44.639     0.999995       878705    218453.33
      44.863     0.999996       878706    262144.00
      44.863     0.999997       878706    291271.11
      45.183     0.999997       878707    327680.00
      45.183     0.999997       878707    374491.43
      45.183     0.999998       878707    436906.67
      45.439     0.999998       878708    524288.00
      45.439     0.999998       878708    582542.22
      45.439     0.999998       878708    655360.00
      45.439     0.999999       878708    748982.86
      45.439     0.999999       878708    873813.33
      47.615     0.999999       878709   1048576.00
      47.615     1.000000       878709          inf
#[Mean    =        3.061, StdDeviation   =        1.904]
#[Max     =       47.584, Total count    =       878709]
#[Buckets =           27, SubBuckets     =         2048]
----------------------------------------------------------
  957581 requests in 2.00m, 8.21GB read
Requests/sec:   7979.19
Transfer/sec:     70.02MB
