Running 2m test @ http://localhost:9002/api/v1/user?id=1
  4 threads and 128 connections
  Thread calibration: mean lat.: 0.968ms, rate sampling interval: 10ms
  Thread calibration: mean lat.: 0.968ms, rate sampling interval: 10ms
  Thread calibration: mean lat.: 0.962ms, rate sampling interval: 10ms
  Thread calibration: mean lat.: 0.967ms, rate sampling interval: 10ms
  Thread Stats   Avg      Stdev     Max   +/- Stdev
    Latency     0.97ms  448.95us   9.50ms   68.83%
    Req/Sec     2.61k   172.30     4.22k    73.97%
  Latency Distribution (HdrHistogram - Recorded Latency)
 50.000%    0.96ms
 75.000%    1.27ms
 90.000%    1.50ms
 99.000%    1.92ms
 99.900%    4.35ms
 99.990%    7.61ms
 99.999%    8.58ms
100.000%    9.50ms

  Detailed Percentile spectrum:
       Value   Percentile   TotalCount 1/(1-Percentile)

       0.119     0.000000            1         1.00
       0.401     0.100000       110035         1.11
       0.565     0.200000       219926         1.25
       0.705     0.300000       329928         1.43
       0.834     0.400000       439888         1.67
       0.959     0.500000       550079         2.00
       1.021     0.550000       604972         2.22
       1.083     0.600000       659683         2.50
       1.146     0.650000       714665         2.86
       1.208     0.700000       769109         3.33
       1.272     0.750000       824506         4.00
       1.304     0.775000       851388         4.44
       1.338     0.800000       879352         5.00
       1.372     0.825000       906820         5.71
       1.407     0.850000       934312         6.67
       1.447     0.875000       961567         8.00
       1.470     0.887500       975099         8.89
       1.497     0.900000       988995        10.00
       1.527     0.912500      1002519        11.43
       1.562     0.925000      1016165        13.33
       1.602     0.937500      1029903        16.00
       1.624     0.943750      1036681        17.78
       1.649     0.950000      1043734        20.00
       1.676     0.956250      1050524        22.86
       1.706     0.962500      1057271        26.67
       1.741     0.968750      1064248        32.00
       1.759     0.971875      1067517        35.56
       1.780     0.975000      1071004        40.00
       1.802     0.978125      1074373        45.71
       1.826     0.981250      1077848        53.33
       1.854     0.984375      1081334        64.00
       1.870     0.985938      1083020        71.11
       1.888     0.987500      1084755        80.00
       1.907     0.989062      1086470        91.43
       1.928     0.990625      1088129       106.67
       1.956     0.992188      1089860       128.00
       1.971     0.992969      1090722       142.22
       1.987     0.993750      1091575       160.00
       2.004     0.994531      1092419       182.86
       2.025     0.995313      1093253       213.33
       2.053     0.996094      1094158       256.00
       2.069     0.996484      1094569       284.44
       2.089     0.996875      1094995       320.00
       2.115     0.997266      1095424       365.71
       2.149     0.997656      1095841       426.67
       2.209     0.998047      1096255       512.00
       2.283     0.998242      1096475       568.89
       2.771     0.998437      1096685       640.00
       3.339     0.998633      1096899       731.43
       3.847     0.998828      1097114       853.33
       4.475     0.999023      1097329      1024.00
       4.851     0.999121      1097437      1137.78
       5.195     0.999219      1097542      1280.00
       5.491     0.999316      1097652      1462.86
       5.799     0.999414      1097757      1706.67
       6.115     0.999512      1097866      2048.00
       6.263     0.999561      1097919      2275.56
       6.427     0.999609      1097972      2560.00
       6.607     0.999658      1098026      2925.71
       6.727     0.999707      1098079      3413.33
       6.927     0.999756      1098133      4096.00
       7.047     0.999780      1098160      4551.11
       7.155     0.999805      1098186      5120.00
       7.259     0.999829      1098213      5851.43
       7.351     0.999854      1098241      6826.67
       7.451     0.999878      1098266      8192.00
       7.559     0.999890      1098280      9102.22
       7.619     0.999902      1098293     10240.00
       7.703     0.999915      1098307     11702.86
       7.803     0.999927      1098321     13653.33
       7.911     0.999939      1098333     16384.00
       7.979     0.999945      1098341     18204.44
       8.031     0.999951      1098347     20480.00
       8.067     0.999957      1098355     23405.71
       8.167     0.999963      1098361     27306.67
       8.215     0.999969      1098367     32768.00
       8.231     0.999973      1098370     36408.89
       8.287     0.999976      1098375     40960.00
       8.351     0.999979      1098377     46811.43
       8.391     0.999982      1098381     54613.33
       8.447     0.999985      1098384     65536.00
       8.455     0.999986      1098385     72817.78
       8.487     0.999988      1098387     81920.00
       8.583     0.999989      1098389     93622.86
       8.623     0.999991      1098392    109226.67
       8.623     0.999992      1098392    131072.00
       8.711     0.999993      1098393    145635.56
       8.759     0.999994      1098394    163840.00
       8.791     0.999995      1098395    187245.71
       8.791     0.999995      1098395    218453.33
       8.799     0.999996      1098396    262144.00
       8.863     0.999997      1098397    291271.11
       8.863     0.999997      1098397    327680.00
       9.055     0.999997      1098398    374491.43
       9.055     0.999998      1098398    436906.67
       9.055     0.999998      1098398    524288.00
       9.359     0.999998      1098399    582542.22
       9.359     0.999998      1098399    655360.00
       9.359     0.999999      1098399    748982.86
       9.359     0.999999      1098399    873813.33
       9.359     0.999999      1098399   1048576.00
       9.503     0.999999      1098400   1165084.44
       9.503     1.000000      1098400          inf
#[Mean    =        0.968, StdDeviation   =        0.449]
#[Max     =        9.496, Total count    =      1098400]
#[Buckets =           27, SubBuckets     =         2048]
----------------------------------------------------------
  1199276 requests in 2.00m, 131.53MB read
Requests/sec:   9993.90
Transfer/sec:      1.10MB
