Running 2m test @ http://localhost:9003/api/v1/users
  4 threads and 128 connections
  Thread calibration: mean lat.: 5.720ms, rate sampling interval: 13ms
  Thread calibration: mean lat.: 2.343ms, rate sampling interval: 10ms
  Thread calibration: mean lat.: 2.377ms, rate sampling interval: 10ms
  Thread calibration: mean lat.: 5.415ms, rate sampling interval: 14ms
  Thread Stats   Avg      Stdev     Max   +/- Stdev
    Latency     4.03ms    2.30ms  42.62ms   56.39%
    Req/Sec     2.09k   558.68     4.78k    68.24%
  Latency Distribution (HdrHistogram - Recorded Latency)
 50.000%    4.30ms
 75.000%    6.03ms
 90.000%    6.85ms
 99.000%    8.08ms
 99.900%   10.66ms
 99.990%   31.41ms
 99.999%   38.49ms
100.000%   42.65ms

  Detailed Percentile spectrum:
       Value   Percentile   TotalCount 1/(1-Percentile)

       0.520     0.000000            2         1.00
       1.168     0.100000        87894         1.11
       1.537     0.200000       175936         1.25
       1.986     0.300000       263628         1.43
       2.863     0.400000       351531         1.67
       4.295     0.500000       439599         2.00
       4.767     0.550000       483314         2.22
       5.147     0.600000       527502         2.50
       5.471     0.650000       571717         2.86
       5.759     0.700000       615167         3.33
       6.027     0.750000       659054         4.00
       6.159     0.775000       681564         4.44
       6.287     0.800000       703654         5.00
       6.415     0.825000       725396         5.71
       6.551     0.850000       747533         6.67
       6.691     0.875000       769246         8.00
       6.767     0.887500       780018         8.89
       6.851     0.900000       791203        10.00
       6.939     0.912500       802271        11.43
       7.035     0.925000       813045        13.33
       7.143     0.937500       824145        16.00
       7.203     0.943750       829612        17.78
       7.267     0.950000       834880        20.00
       7.339     0.956250       840460        22.86
       7.423     0.962500       845947        26.67
       7.519     0.968750       851389        32.00
       7.575     0.971875       854165        35.56
       7.635     0.975000       856852        40.00
       7.699     0.978125       859497        45.71
       7.775     0.981250       862320        53.33
       7.863     0.984375       865018        64.00
       7.915     0.985938       866407        71.11
       7.971     0.987500       867805        80.00
       8.035     0.989062       869120        91.43
       8.111     0.990625       870517       106.67
       8.199     0.992188       871863       128.00
       8.255     0.992969       872565       142.22
       8.319     0.993750       873254       160.00
       8.399     0.994531       873929       182.86
       8.495     0.995313       874600       213.33
       8.647     0.996094       875295       256.00
       8.743     0.996484       875639       284.44
       8.863     0.996875       875990       320.00
       9.007     0.997266       876322       365.71
       9.191     0.997656       876668       426.67
       9.447     0.998047       877002       512.00
       9.615     0.998242       877176       568.89
       9.815     0.998437       877347       640.00
      10.031     0.998633       877519       731.43
      10.359     0.998828       877690       853.33
      10.719     0.999023       877861      1024.00
      11.063     0.999121       877946      1137.78
      11.583     0.999219       878031      1280.00
      12.431     0.999316       878117      1462.86
      14.047     0.999414       878204      1706.67
      17.055     0.999512       878288      2048.00
      18.703     0.999561       878331      2275.56
      20.719     0.999609       878374      2560.00
      23.279     0.999658       878419      2925.71
      24.623     0.999707       878461      3413.33
      25.951     0.999756       878504      4096.00
      27.023     0.999780       878524      4551.11
      27.935     0.999805       878546      5120.00
      29.263     0.999829       878567      5851.43
      30.175     0.999854       878589      6826.67
      30.687     0.999878       878610      8192.00
      31.087     0.999890       878621      9102.22
      31.503     0.999902       878632     10240.00
      32.143     0.999915       878642     11702.86
      32.623     0.999927       878654     13653.33
      33.823     0.999939       878664     16384.00
      34.623     0.999945       878669     18204.44
      35.391     0.999951       878675     20480.00
      35.807     0.999957       878680     23405.71
      36.127     0.999963       878685     27306.67
      36.575     0.999969       878691     32768.00
      36.895     0.999973       878693     36408.89
      37.343     0.999976       878696     40960.00
      37.599     0.999979       878699     46811.43
      37.919     0.999982       878701     54613.33
      38.111     0.999985       878704     65536.00
      38.175     0.999986       878705     72817.78
      38.463     0.999988       878707     81920.00
      38.495     0.999989       878708     93622.86
      38.911     0.999991       878709    109226.67
      39.967     0.999992       878711    131072.00
      39.967     0.999993       878711    145635.56
      40.991     0.999994       878712    163840.00
      41.919     0.999995       878713    187245.71
      41.919     0.999995       878713    218453.33
      42.111     0.999996       878714    262144.00
      42.111     0.999997       878714    291271.11
      42.303     0.999997       878715    327680.00
      42.303     0.999997       878715    374491.43
      42.303     0.999998       878715    436906.67
      42.367     0.999998       878716    524288.00
      42.367     0.999998       878716    582542.22
      42.367     0.999998       878716    655360.00
      42.367     0.999999       878716    748982.86
      42.367     0.999999       878716    873813.33
      42.655     0.999999       878717   1048576.00
      42.655     1.000000       878717          inf
#[Mean    =        4.031, StdDeviation   =        2.301]
#[Max     =       42.624, Total count    =       878717]
#[Buckets =           27, SubBuckets     =         2048]
----------------------------------------------------------
  955749 requests in 2.00m, 8.21GB read
Requests/sec:   7963.78
Transfer/sec:     70.01MB
