Running 2m test @ http://localhost:9002/api/v1/user?id=1
  4 threads and 128 connections
  Thread calibration: mean lat.: 1.078ms, rate sampling interval: 10ms
  Thread calibration: mean lat.: 1.077ms, rate sampling interval: 10ms
  Thread calibration: mean lat.: 1.074ms, rate sampling interval: 10ms
  Thread calibration: mean lat.: 1.080ms, rate sampling interval: 10ms
  Thread Stats   Avg      Stdev     Max   +/- Stdev
    Latency     1.08ms  611.87us  23.12ms   80.69%
    Req/Sec     5.25k   371.90    14.78k    83.84%
  Latency Distribution (HdrHistogram - Recorded Latency)
 50.000%    1.04ms
 75.000%    1.41ms
 90.000%    1.67ms
 99.000%    2.19ms
 99.900%    7.37ms
 99.990%   18.21ms
 99.999%   22.19ms
100.000%   23.14ms

  Detailed Percentile spectrum:
       Value   Percentile   TotalCount 1/(1-Percentile)

       0.139     0.000000            1         1.00
       0.464     0.100000       219799         1.11
       0.617     0.200000       439937         1.25
       0.760     0.300000       659614         1.43
       0.902     0.400000       879463         1.67
       1.041     0.500000      1099552         2.00
       1.110     0.550000      1208482         2.22
       1.182     0.600000      1318902         2.50
       1.256     0.650000      1428987         2.86
       1.331     0.700000      1538238         3.33
       1.408     0.750000      1648639         4.00
       1.446     0.775000      1702715         4.44
       1.485     0.800000      1757696         5.00
       1.526     0.825000      1813193         5.71
       1.569     0.850000      1868116         6.67
       1.616     0.875000      1922782         8.00
       1.642     0.887500      1950423         8.89
       1.670     0.900000      1977451        10.00
       1.703     0.912500      2005265        11.43
       1.740     0.925000      2032360        13.33
       1.783     0.937500      2059972        16.00
       1.807     0.943750      2073604        17.78
       1.833     0.950000      2087006        20.00
       1.862     0.956250      2100917        22.86
       1.895     0.962500      2114605        26.67
       1.934     0.968750      2128366        32.00
       1.956     0.971875      2135150        35.56
       1.981     0.975000      2142015        40.00
       2.010     0.978125      2148864        45.71
       2.043     0.981250      2155676        53.33
       2.083     0.984375      2162491        64.00
       2.109     0.985938      2166170        71.11
       2.135     0.987500      2169455        80.00
       2.167     0.989062      2172919        91.43
       2.205     0.990625      2176267       106.67
       2.257     0.992188      2179662       128.00
       2.293     0.992969      2181366       142.22
       2.341     0.993750      2183079       160.00
       2.431     0.994531      2184804       182.86
       2.825     0.995313      2186507       213.33
       3.555     0.996094      2188224       256.00
       3.947     0.996484      2189081       284.44
       4.375     0.996875      2189940       320.00
       4.863     0.997266      2190798       365.71
       5.399     0.997656      2191659       426.67
       6.007     0.998047      2192519       512.00
       6.319     0.998242      2192947       568.89
       6.607     0.998437      2193373       640.00
       6.875     0.998633      2193803       731.43
       7.139     0.998828      2194238       853.33
       7.411     0.999023      2194663      1024.00
       7.571     0.999121      2194873      1137.78
       7.723     0.999219      2195087      1280.00
       7.911     0.999316      2195303      1462.86
       8.167     0.999414      2195518      1706.67
       8.471     0.999512      2195734      2048.00
       8.687     0.999561      2195841      2275.56
       8.959     0.999609      2195947      2560.00
       9.607     0.999658      2196055      2925.71
      11.079     0.999707      2196160      3413.33
      13.079     0.999756      2196267      4096.00
      14.095     0.999780      2196322      4551.11
      14.871     0.999805      2196374      5120.00
      15.735     0.999829      2196428      5851.43
      16.623     0.999854      2196482      6826.67
      17.551     0.999878      2196537      8192.00
      17.903     0.999890      2196562      9102.22
      18.287     0.999902      2196592     10240.00
      18.815     0.999915      2196617     11702.86
      19.295     0.999927      2196643     13653.33
      19.711     0.999939      2196669     16384.00
      19.871     0.999945      2196683     18204.44
      20.063     0.999951      2196697     20480.00
      20.287     0.999957      2196710     23405.71
      20.511     0.999963      2196723     27306.67
      20.847     0.999969      2196737     32768.00
      20.975     0.999973      2196743     36408.89
      21.199     0.999976      2196750     40960.00
      21.343     0.999979      2196757     46811.43
      21.615     0.999982      2196765     54613.33
      21.711     0.999985      2196770     65536.00
      21.855     0.999986      2196773     72817.78
      22.015     0.999988      2196777     81920.00
      22.095     0.999989      2196780     93622.86
      22.271     0.999991      2196783    109226.67
      22.399     0.999992      2196787    131072.00
      22.447     0.999993      2196789    145635.56
      22.479     0.999994      2196791    163840.00
      22.527     0.999995      2196792    187245.71
      22.591     0.999995      2196793    218453.33
      22.703     0.999996      2196795    262144.00
      22.751     0.999997      2196796    291271.11
      22.831     0.999997      2196797    327680.00
      22.895     0.999997      2196798    374491.43
      22.895     0.999998      2196798    436906.67
      22.927     0.999998      2196799    524288.00
      22.991     0.999998      2196800    582542.22
      22.991     0.999998      2196800    655360.00
      23.103     0.999999      2196801    748982.86
      23.103     0.999999      2196801    873813.33
      23.103     0.999999      2196801   1048576.00
      23.119     0.999999      2196802   1165084.44
      23.119     0.999999      2196802   1310720.00
      23.119     0.999999      2196802   1497965.71
      23.119     0.999999      2196802   1747626.67
      23.119     1.000000      2196802   2097152.00
      23.135     1.000000      2196803   2330168.89
      23.135     1.000000      2196803          inf
#[Mean    =        1.081, StdDeviation   =        0.612]
#[Max     =       23.120, Total count    =      2196803]
#[Buckets =           27, SubBuckets     =         2048]
----------------------------------------------------------
  2398488 requests in 2.00m, 263.05MB read
Requests/sec:  19987.43
Transfer/sec:      2.19MB
