Running 2m test @ http://localhost:9000/api/v1/user?id=1
  4 threads and 128 connections
  Thread calibration: mean lat.: 0.768ms, rate sampling interval: 10ms
  Thread calibration: mean lat.: 0.780ms, rate sampling interval: 10ms
  Thread calibration: mean lat.: 0.790ms, rate sampling interval: 10ms
  Thread calibration: mean lat.: 1.074ms, rate sampling interval: 10ms
  Thread Stats   Avg      Stdev     Max   +/- Stdev
    Latency     0.85ms  428.34us   6.37ms   65.21%
    Req/Sec     1.30k   822.41     3.56k    75.91%
  Latency Distribution (HdrHistogram - Recorded Latency)
 50.000%  847.00us
 75.000%    1.15ms
 90.000%    1.43ms
 99.000%    1.87ms
 99.900%    2.05ms
 99.990%    2.48ms
 99.999%    3.99ms
100.000%    6.38ms

  Detailed Percentile spectrum:
       Value   Percentile   TotalCount 1/(1-Percentile)

       0.073     0.000000            2         1.00
       0.279     0.100000        55177         1.11
       0.431     0.200000       110049         1.25
       0.579     0.300000       164938         1.43
       0.719     0.400000       219861         1.67
       0.847     0.500000       274660         2.00
       0.910     0.550000       302126         2.22
       0.971     0.600000       329665         2.50
       1.030     0.650000       357172         2.86
       1.087     0.700000       384615         3.33
       1.146     0.750000       412286         4.00
       1.176     0.775000       425655         4.44
       1.208     0.800000       439539         5.00
       1.242     0.825000       453123         5.71
       1.290     0.850000       466926         6.67
       1.356     0.875000       480602         8.00
       1.392     0.887500       487527         8.89
       1.429     0.900000       494386        10.00
       1.468     0.912500       501170        11.43
       1.509     0.925000       508143        13.33
       1.553     0.937500       515037        16.00
       1.577     0.943750       518346        17.78
       1.604     0.950000       521809        20.00
       1.631     0.956250       525193        22.86
       1.663     0.962500       528623        26.67
       1.698     0.968750       532089        32.00
       1.718     0.971875       533833        35.56
       1.740     0.975000       535557        40.00
       1.762     0.978125       537209        45.71
       1.787     0.981250       538943        53.33
       1.814     0.984375       540648        64.00
       1.829     0.985938       541500        71.11
       1.844     0.987500       542359        80.00
       1.862     0.989062       543258        91.43
       1.879     0.990625       544066       106.67
       1.897     0.992188       544943       128.00
       1.906     0.992969       545389       142.22
       1.917     0.993750       545784       160.00
       1.929     0.994531       546232       182.86
       1.942     0.995313       546652       213.33
       1.956     0.996094       547079       256.00
       1.964     0.996484       547299       284.44
       1.973     0.996875       547502       320.00
       1.983     0.997266       547722       365.71
       1.993     0.997656       547939       426.67
       2.006     0.998047       548145       512.00
       2.013     0.998242       548257       568.89
       2.021     0.998437       548362       640.00
       2.029     0.998633       548472       731.43
       2.038     0.998828       548580       853.33
       2.049     0.999023       548676      1024.00
       2.057     0.999121       548745      1137.78
       2.061     0.999219       548785      1280.00
       2.069     0.999316       548841      1462.86
       2.081     0.999414       548898      1706.67
       2.089     0.999512       548950      2048.00
       2.097     0.999561       548981      2275.56
       2.103     0.999609       549001      2560.00
       2.113     0.999658       549034      2925.71
       2.123     0.999707       549053      3413.33
       2.139     0.999756       549079      4096.00
       2.151     0.999780       549092      4551.11
       2.161     0.999805       549105      5120.00
       2.213     0.999829       549119      5851.43
       2.277     0.999854       549132      6826.67
       2.419     0.999878       549145      8192.00
       2.443     0.999890       549152      9102.22
       2.493     0.999902       549159     10240.00
       2.553     0.999915       549166     11702.86
       2.597     0.999927       549172     13653.33
       2.703     0.999939       549179     16384.00
       2.761     0.999945       549182     18204.44
       2.905     0.999951       549186     20480.00
       3.319     0.999957       549189     23405.71
       3.715     0.999963       549192     27306.67
       3.811     0.999969       549196     32768.00
       3.821     0.999973       549198     36408.89
       3.845     0.999976       549199     40960.00
       3.879     0.999979       549201     46811.43
       3.891     0.999982       549202     54613.33
       3.941     0.999985       549204     65536.00
       3.955     0.999986       549205     72817.78
       3.975     0.999988       549206     81920.00
       3.991     0.999989       549207     93622.86
       3.991     0.999991       549207    109226.67
       4.107     0.999992       549208    131072.00
       4.199     0.999993       549209    145635.56
       4.199     0.999994       549209    163840.00
       4.251     0.999995       549210    187245.71
       4.251     0.999995       549210    218453.33
       4.251     0.999996       549210    262144.00
       4.583     0.999997       549211    291271.11
       4.583     0.999997       549211    327680.00
       4.583     0.999997       549211    374491.43
       4.583     0.999998       549211    436906.67
       4.583     0.999998       549211    524288.00
       6.375     0.999998       549212    582542.22
       6.375     1.000000       549212          inf
#[Mean    =        0.851, StdDeviation   =        0.428]
#[Max     =        6.372, Total count    =       549212]
#[Buckets =           27, SubBuckets     =         2048]
----------------------------------------------------------
  598534 requests in 2.00m, 71.35MB read
Requests/sec:   4987.17
Transfer/sec:    608.79KB
