Running 2m test @ http://localhost:9003/api/v1/users
  4 threads and 128 connections
  Thread calibration: mean lat.: 1.799ms, rate sampling interval: 10ms
  Thread calibration: mean lat.: 1.794ms, rate sampling interval: 10ms
  Thread calibration: mean lat.: 1.816ms, rate sampling interval: 10ms
  Thread calibration: mean lat.: 1.822ms, rate sampling interval: 10ms
  Thread Stats   Avg      Stdev     Max   +/- Stdev
    Latency     1.80ms    1.14ms  43.42ms   95.63%
    Req/Sec     2.64k   244.22     4.78k    73.99%
  Latency Distribution (HdrHistogram - Recorded Latency)
 50.000%    1.66ms
 75.000%    2.11ms
 90.000%    2.58ms
 99.000%    3.96ms
 99.900%   20.66ms
 99.990%   36.35ms
 99.999%   40.54ms
100.000%   43.46ms

  Detailed Percentile spectrum:
       Value   Percentile   TotalCount 1/(1-Percentile)

       0.540     0.000000            1         1.00
       1.054     0.100000       110310         1.11
       1.231     0.200000       219944         1.25
       1.380     0.300000       329846         1.43
       1.519     0.400000       439614         1.67
       1.659     0.500000       549316         2.00
       1.734     0.550000       604584         2.22
       1.814     0.600000       659654         2.50
       1.900     0.650000       714138         2.86
       1.997     0.700000       769000         3.33
       2.109     0.750000       824023         4.00
       2.173     0.775000       852047         4.44
       2.241     0.800000       879396         5.00
       2.315     0.825000       906771         5.71
       2.395     0.850000       934191         6.67
       2.483     0.875000       961664         8.00
       2.531     0.887500       975017         8.89
       2.583     0.900000       988816        10.00
       2.639     0.912500      1002582        11.43
       2.703     0.925000      1016350        13.33
       2.775     0.937500      1029743        16.00
       2.819     0.943750      1036711        17.78
       2.869     0.950000      1043585        20.00
       2.929     0.956250      1050545        22.86
       2.999     0.962500      1057394        26.67
       3.083     0.968750      1064168        32.00
       3.135     0.971875      1067545        35.56
       3.197     0.975000      1070941        40.00
       3.273     0.978125      1074399        45.71
       3.373     0.981250      1077864        53.33
       3.507     0.984375      1081230        64.00
       3.595     0.985938      1082946        71.11
       3.713     0.987500      1084682        80.00
       3.851     0.989062      1086387        91.43
       4.053     0.990625      1088107       106.67
       4.319     0.992188      1089812       128.00
       4.495     0.992969      1090668       142.22
       4.715     0.993750      1091531       160.00
       4.979     0.994531      1092393       182.86
       5.287     0.995313      1093249       213.33
       5.703     0.996094      1094105       256.00
       5.963     0.996484      1094534       284.44
       6.267     0.996875      1094960       320.00
       6.631     0.997266      1095388       365.71
       7.143     0.997656      1095818       426.67
       7.967     0.998047      1096248       512.00
       8.719     0.998242      1096461       568.89
      10.215     0.998437      1096675       640.00
      13.287     0.998633      1096892       731.43
      17.343     0.998828      1097104       853.33
      21.055     0.999023      1097320      1024.00
      22.591     0.999121      1097426      1137.78
      24.143     0.999219      1097533      1280.00
      25.615     0.999316      1097641      1462.86
      26.895     0.999414      1097750      1706.67
      28.415     0.999512      1097857      2048.00
      29.103     0.999561      1097909      2275.56
      29.663     0.999609      1097963      2560.00
      30.479     0.999658      1098016      2925.71
      31.327     0.999707      1098070      3413.33
      32.399     0.999756      1098124      4096.00
      32.719     0.999780      1098150      4551.11
      33.503     0.999805      1098180      5120.00
      34.015     0.999829      1098204      5851.43
      34.719     0.999854      1098231      6826.67
      35.583     0.999878      1098258      8192.00
      36.095     0.999890      1098271      9102.22
      36.383     0.999902      1098284     10240.00
      36.895     0.999915      1098298     11702.86
      37.343     0.999927      1098312     13653.33
      37.887     0.999939      1098324     16384.00
      38.175     0.999945      1098331     18204.44
      38.303     0.999951      1098339     20480.00
      38.751     0.999957      1098345     23405.71
      38.943     0.999963      1098351     27306.67
      39.135     0.999969      1098358     32768.00
      39.295     0.999973      1098362     36408.89
      39.327     0.999976      1098366     40960.00
      39.455     0.999979      1098368     46811.43
      39.679     0.999982      1098371     54613.33
      39.807     0.999985      1098375     65536.00
      39.839     0.999986      1098376     72817.78
      40.095     0.999988      1098378     81920.00
      40.543     0.999989      1098380     93622.86
      40.575     0.999991      1098381    109226.67
      40.735     0.999992      1098383    131072.00
      40.863     0.999993      1098384    145635.56
      41.119     0.999994      1098385    163840.00
      41.151     0.999995      1098386    187245.71
      41.151     0.999995      1098386    218453.33
      41.279     0.999996      1098387    262144.00
      41.311     0.999997      1098388    291271.11
      41.311     0.999997      1098388    327680.00
      41.663     0.999997      1098389    374491.43
      41.663     0.999998      1098389    436906.67
      41.663     0.999998      1098389    524288.00
      42.591     0.999998      1098390    582542.22
      42.591     0.999998      1098390    655360.00
      42.591     0.999999      1098390    748982.86
      42.591     0.999999      1098390    873813.33
      42.591     0.999999      1098390   1048576.00
      43.455     0.999999      1098391   1165084.44
      43.455     1.000000      1098391          inf
#[Mean    =        1.801, StdDeviation   =        1.141]
#[Max     =       43.424, Total count    =      1098391]
#[Buckets =           27, SubBuckets     =         2048]
----------------------------------------------------------
  1199268 requests in 2.00m, 10.30GB read
Requests/sec:   9993.84
Transfer/sec:     87.86MB
