Running 2m test @ http://localhost:9001/api/v1/users
  4 threads and 128 connections
  Thread calibration: mean lat.: 2.368ms, rate sampling interval: 10ms
  Thread calibration: mean lat.: 2.394ms, rate sampling interval: 10ms
  Thread calibration: mean lat.: 2.383ms, rate sampling interval: 10ms
  Thread calibration: mean lat.: 7.867ms, rate sampling interval: 21ms
  Thread Stats   Avg      Stdev     Max   +/- Stdev
    Latency     3.80ms    2.99ms  30.02ms   78.94%
    Req/Sec   315.90    240.56     1.60k    86.22%
  Latency Distribution (HdrHistogram - Recorded Latency)
 50.000%    2.20ms
 75.000%    5.86ms
 90.000%    8.89ms
 99.000%   11.52ms
 99.900%   13.92ms
 99.990%   28.29ms
 99.999%   29.63ms
100.000%   30.03ms

  Detailed Percentile spectrum:
       Value   Percentile   TotalCount 1/(1-Percentile)

       0.990     0.000000            1         1.00
       1.445     0.100000        13189         1.11
       1.670     0.200000        26434         1.25
       1.858     0.300000        39589         1.43
       2.025     0.400000        52798         1.67
       2.201     0.500000        65906         2.00
       2.323     0.550000        72497         2.22
       2.515     0.600000        79123         2.50
       2.915     0.650000        85685         2.86
       4.207     0.700000        92276         3.33
       5.859     0.750000        98871         4.00
       6.487     0.775000       102167         4.44
       7.007     0.800000       105459         5.00
       7.515     0.825000       108749         5.71
       8.007     0.850000       112047         6.67
       8.463     0.875000       115350         8.00
       8.679     0.887500       117011         8.89
       8.887     0.900000       118683        10.00
       9.095     0.912500       120308        11.43
       9.311     0.925000       121937        13.33
       9.551     0.937500       123593        16.00
       9.679     0.943750       124405        17.78
       9.847     0.950000       125232        20.00
      10.015     0.956250       126049        22.86
      10.191     0.962500       126879        26.67
      10.391     0.968750       127708        32.00
      10.495     0.971875       128104        35.56
      10.623     0.975000       128518        40.00
      10.767     0.978125       128937        45.71
      10.911     0.981250       129341        53.33
      11.087     0.984375       129749        64.00
      11.183     0.985938       129963        71.11
      11.303     0.987500       130165        80.00
      11.431     0.989062       130371        91.43
      11.583     0.990625       130577       106.67
      11.735     0.992188       130779       128.00
      11.839     0.992969       130882       142.22
      11.959     0.993750       130987       160.00
      12.087     0.994531       131089       182.86
      12.255     0.995313       131196       213.33
      12.415     0.996094       131294       256.00
      12.535     0.996484       131350       284.44
      12.647     0.996875       131400       320.00
      12.791     0.997266       131449       365.71
      12.943     0.997656       131503       426.67
      13.207     0.998047       131551       512.00
      13.383     0.998242       131579       568.89
      13.527     0.998437       131604       640.00
      13.647     0.998633       131629       731.43
      13.751     0.998828       131654       853.33
      13.967     0.999023       131681      1024.00
      14.127     0.999121       131693      1137.78
      14.295     0.999219       131706      1280.00
      14.471     0.999316       131718      1462.86
      14.807     0.999414       131731      1706.67
      15.359     0.999512       131744      2048.00
      15.495     0.999561       131751      2275.56
      18.255     0.999609       131757      2560.00
      20.415     0.999658       131763      2925.71
      22.351     0.999707       131770      3413.33
      23.247     0.999756       131776      4096.00
      24.079     0.999780       131780      4551.11
      24.719     0.999805       131783      5120.00
      26.479     0.999829       131786      5851.43
      27.199     0.999854       131789      6826.67
      27.935     0.999878       131792      8192.00
      28.079     0.999890       131794      9102.22
      28.351     0.999902       131796     10240.00
      28.575     0.999915       131799     11702.86
      28.575     0.999927       131799     13653.33
      28.863     0.999939       131800     16384.00
      28.975     0.999945       131801     18204.44
      29.055     0.999951       131802     20480.00
      29.151     0.999957       131803     23405.71
      29.343     0.999963       131804     27306.67
      29.343     0.999969       131804     32768.00
      29.375     0.999973       131805     36408.89
      29.375     0.999976       131805     40960.00
      29.551     0.999979       131806     46811.43
      29.551     0.999982       131806     54613.33
      29.551     0.999985       131806     65536.00
      29.631     0.999986       131807     72817.78
      29.631     0.999988       131807     81920.00
      29.631     0.999989       131807     93622.86
      29.631     0.999991       131807    109226.67
      29.631     0.999992       131807    131072.00
      30.031     0.999993       131808    145635.56
      30.031     1.000000       131808          inf
#[Mean    =        3.798, StdDeviation   =        2.989]
#[Max     =       30.016, Total count    =       131808]
#[Buckets =           27, SubBuckets     =         2048]
----------------------------------------------------------
  143683 requests in 2.00m, 1.26GB read
Requests/sec:   1196.91
Transfer/sec:     10.74MB
