Running 2m test @ http://localhost:9000/api/v1/users
  4 threads and 128 connections
  Thread calibration: mean lat.: 1.405ms, rate sampling interval: 10ms
  Thread calibration: mean lat.: 1.401ms, rate sampling interval: 10ms
  Thread calibration: mean lat.: 1.419ms, rate sampling interval: 10ms
  Thread calibration: mean lat.: 1.421ms, rate sampling interval: 10ms
  Thread Stats   Avg      Stdev     Max   +/- Stdev
    Latency     1.50ms    0.89ms  46.05ms   95.69%
    Req/Sec     1.05k    96.26     4.67k    87.34%
  Latency Distribution (HdrHistogram - Recorded Latency)
 50.000%    1.42ms
 75.000%    1.75ms
 90.000%    2.10ms
 99.000%    2.66ms
 99.900%   10.14ms
 99.990%   36.86ms
 99.999%   44.29ms
100.000%   46.08ms

  Detailed Percentile spectrum:
       Value   Percentile   TotalCount 1/(1-Percentile)

       0.584     0.000000            1         1.00
       0.928     0.100000        43984         1.11
       1.065     0.200000        88147         1.25
       1.188     0.300000       132145         1.43
       1.307     0.400000       176060         1.67
       1.424     0.500000       219819         2.00
       1.484     0.550000       241704         2.22
       1.547     0.600000       263946         2.50
       1.611     0.650000       285825         2.86
       1.679     0.700000       307683         3.33
       1.753     0.750000       329674         4.00
       1.793     0.775000       340531         4.44
       1.840     0.800000       351668         5.00
       1.891     0.825000       362633         5.71
       1.950     0.850000       373591         6.67
       2.016     0.875000       384531         8.00
       2.055     0.887500       389979         8.89
       2.099     0.900000       395585        10.00
       2.149     0.912500       401029        11.43
       2.207     0.925000       406586        13.33
       2.267     0.937500       411956        16.00
       2.303     0.943750       414727        17.78
       2.343     0.950000       417520        20.00
       2.381     0.956250       420187        22.86
       2.419     0.962500       422916        26.67
       2.461     0.968750       425699        32.00
       2.483     0.971875       427070        35.56
       2.507     0.975000       428436        40.00
       2.533     0.978125       429788        45.71
       2.561     0.981250       431128        53.33
       2.591     0.984375       432560        64.00
       2.607     0.985938       433192        71.11
       2.627     0.987500       433900        80.00
       2.649     0.989062       434597        91.43
       2.673     0.990625       435277       106.67
       2.703     0.992188       435958       128.00
       2.717     0.992969       436277       142.22
       2.735     0.993750       436627       160.00
       2.757     0.994531       436977       182.86
       2.779     0.995313       437312       213.33
       2.807     0.996094       437654       256.00
       2.827     0.996484       437831       284.44
       2.847     0.996875       437999       320.00
       2.875     0.997266       438161       365.71
       2.915     0.997656       438328       426.67
       3.003     0.998047       438499       512.00
       3.125     0.998242       438585       568.89
       3.361     0.998437       438671       640.00
       4.007     0.998633       438757       731.43
       7.091     0.998828       438843       853.33
      10.383     0.999023       438928      1024.00
      11.847     0.999121       438971      1137.78
      13.799     0.999219       439014      1280.00
      16.399     0.999316       439057      1462.86
      19.791     0.999414       439100      1706.67
      23.135     0.999512       439143      2048.00
      25.055     0.999561       439164      2275.56
      26.319     0.999609       439186      2560.00
      27.775     0.999658       439207      2925.71
      29.967     0.999707       439229      3413.33
      31.439     0.999756       439251      4096.00
      32.511     0.999780       439261      4551.11
      33.567     0.999805       439272      5120.00
      34.079     0.999829       439282      5851.43
      34.687     0.999854       439293      6826.67
      35.871     0.999878       439304      8192.00
      36.447     0.999890       439309      9102.22
      36.927     0.999902       439315     10240.00
      37.599     0.999915       439320     11702.86
      37.919     0.999927       439325     13653.33
      38.623     0.999939       439331     16384.00
      38.879     0.999945       439333     18204.44
      39.231     0.999951       439336     20480.00
      40.031     0.999957       439339     23405.71
      40.287     0.999963       439341     27306.67
      40.863     0.999969       439345     32768.00
      40.863     0.999973       439345     36408.89
      41.087     0.999976       439347     40960.00
      42.463     0.999979       439348     46811.43
      43.039     0.999982       439349     54613.33
      43.583     0.999985       439351     65536.00
      43.583     0.999986       439351     72817.78
      44.095     0.999988       439352     81920.00
      44.287     0.999989       439353     93622.86
      44.287     0.999991       439353    109226.67
      45.119     0.999992       439354    131072.00
      45.119     0.999993       439354    145635.56
      45.311     0.999994       439355    163840.00
      45.311     0.999995       439355    187245.71
      45.311     0.999995       439355    218453.33
      45.663     0.999996       439356    262144.00
      45.663     0.999997       439356    291271.11
      45.663     0.999997       439356    327680.00
      45.663     0.999997       439356    374491.43
      45.663     0.999998       439356    436906.67
      46.079     0.999998       439357    524288.00
      46.079     1.000000       439357          inf
#[Mean    =        1.497, StdDeviation   =        0.886]
#[Max     =       46.048, Total count    =       439357]
#[Buckets =           27, SubBuckets     =         2048]
----------------------------------------------------------
  479749 requests in 2.00m, 4.11GB read
Requests/sec:   3997.89
Transfer/sec:     35.08MB
