Running 2m test @ http://localhost:9002/api/v1/users
  4 threads and 128 connections
  Thread calibration: mean lat.: 1.486ms, rate sampling interval: 10ms
  Thread calibration: mean lat.: 1.439ms, rate sampling interval: 10ms
  Thread calibration: mean lat.: 1.478ms, rate sampling interval: 10ms
  Thread calibration: mean lat.: 1.470ms, rate sampling interval: 10ms
  Thread Stats   Avg      Stdev     Max   +/- Stdev
    Latency     1.46ms  442.03us   8.34ms   67.29%
    Req/Sec   525.56    111.04     1.00k    54.03%
  Latency Distribution (HdrHistogram - Recorded Latency)
 50.000%    1.42ms
 75.000%    1.74ms
 90.000%    2.07ms
 99.000%    2.57ms
 99.900%    3.14ms
 99.990%    4.58ms
 99.999%    8.03ms
100.000%    8.35ms

  Detailed Percentile spectrum:
       Value   Percentile   TotalCount 1/(1-Percentile)

       0.635     0.000000            1         1.00
       0.917     0.100000        22042         1.11
       1.060     0.200000        43939         1.25
       1.187     0.300000        66010         1.43
       1.305     0.400000        87966         1.67
       1.423     0.500000       109910         2.00
       1.483     0.550000       120926         2.22
       1.544     0.600000       131945         2.50
       1.607     0.650000       142922         2.86
       1.671     0.700000       153815         3.33
       1.736     0.750000       164773         4.00
       1.774     0.775000       170343         4.44
       1.816     0.800000       175788         5.00
       1.866     0.825000       181291         5.71
       1.922     0.850000       186729         6.67
       1.990     0.875000       192223         8.00
       2.026     0.887500       194962         8.89
       2.069     0.900000       197815        10.00
       2.115     0.912500       200558        11.43
       2.163     0.925000       203276        13.33
       2.219     0.937500       205994        16.00
       2.251     0.943750       207371        17.78
       2.285     0.950000       208723        20.00
       2.321     0.956250       210093        22.86
       2.359     0.962500       211511        26.67
       2.395     0.968750       212851        32.00
       2.413     0.971875       213495        35.56
       2.435     0.975000       214222        40.00
       2.457     0.978125       214890        45.71
       2.481     0.981250       215567        53.33
       2.509     0.984375       216283        64.00
       2.523     0.985938       216597        71.11
       2.541     0.987500       216962        80.00
       2.559     0.989062       217292        91.43
       2.579     0.990625       217620       106.67
       2.605     0.992188       217980       128.00
       2.617     0.992969       218130       142.22
       2.635     0.993750       218311       160.00
       2.655     0.994531       218483       182.86
       2.677     0.995313       218646       213.33
       2.701     0.996094       218813       256.00
       2.717     0.996484       218907       284.44
       2.735     0.996875       218989       320.00
       2.753     0.997266       219082       365.71
       2.777     0.997656       219164       426.67
       2.813     0.998047       219242       512.00
       2.845     0.998242       219285       568.89
       2.879     0.998437       219329       640.00
       2.921     0.998633       219371       731.43
       3.033     0.998828       219416       853.33
       3.159     0.999023       219457      1024.00
       3.209     0.999121       219478      1137.78
       3.287     0.999219       219500      1280.00
       3.387     0.999316       219521      1462.86
       3.479     0.999414       219543      1706.67
       3.591     0.999512       219564      2048.00
       3.651     0.999561       219575      2275.56
       3.717     0.999609       219586      2560.00
       3.761     0.999658       219596      2925.71
       3.893     0.999707       219608      3413.33
       4.015     0.999756       219618      4096.00
       4.091     0.999780       219623      4551.11
       4.175     0.999805       219629      5120.00
       4.223     0.999829       219635      5851.43
       4.303     0.999854       219639      6826.67
       4.467     0.999878       219645      8192.00
       4.515     0.999890       219647      9102.22
       4.643     0.999902       219650     10240.00
       4.903     0.999915       219653     11702.86
       5.127     0.999927       219655     13653.33
       5.351     0.999939       219658     16384.00
       5.635     0.999945       219659     18204.44
       6.035     0.999951       219661     20480.00
       6.499     0.999957       219662     23405.71
       6.687     0.999963       219663     27306.67
       6.755     0.999969       219665     32768.00
       6.755     0.999973       219665     36408.89
       7.479     0.999976       219666     40960.00
       7.695     0.999979       219667     46811.43
       7.695     0.999982       219667     54613.33
       7.891     0.999985       219668     65536.00
       7.891     0.999986       219668     72817.78
       8.031     0.999988       219669     81920.00
       8.031     0.999989       219669     93622.86
       8.031     0.999991       219669    109226.67
       8.083     0.999992       219670    131072.00
       8.083     0.999993       219670    145635.56
       8.083     0.999994       219670    163840.00
       8.083     0.999995       219670    187245.71
       8.083     0.999995       219670    218453.33
       8.351     0.999996       219671    262144.00
       8.351     1.000000       219671          inf
#[Mean    =        1.463, StdDeviation   =        0.442]
#[Max     =        8.344, Total count    =       219671]
#[Buckets =           27, SubBuckets     =         2048]
----------------------------------------------------------
  239903 requests in 2.00m, 2.06GB read
Requests/sec:   1999.16
Transfer/sec:     17.57MB
