Running 2m test @ http://localhost:9000/api/v1/users
  4 threads and 128 connections
  Thread calibration: mean lat.: 1.859ms, rate sampling interval: 10ms
  Thread calibration: mean lat.: 1.908ms, rate sampling interval: 10ms
  Thread calibration: mean lat.: 1.903ms, rate sampling interval: 10ms
  Thread calibration: mean lat.: 1.906ms, rate sampling interval: 10ms
  Thread Stats   Avg      Stdev     Max   +/- Stdev
    Latency     1.79ms    1.32ms  42.62ms   98.31%
    Req/Sec     2.11k   178.61     4.11k    70.81%
  Latency Distribution (HdrHistogram - Recorded Latency)
 50.000%    1.66ms
 75.000%    1.99ms
 90.000%    2.36ms
 99.000%    3.37ms
 99.900%   26.51ms
 99.990%   36.77ms
 99.999%   40.70ms
100.000%   42.65ms

  Detailed Percentile spectrum:
       Value   Percentile   TotalCount 1/(1-Percentile)

       0.694     0.000000            2         1.00
       1.182     0.100000        88048         1.11
       1.321     0.200000       175752         1.25
       1.440     0.300000       264066         1.43
       1.552     0.400000       351544         1.67
       1.665     0.500000       439762         2.00
       1.723     0.550000       484053         2.22
       1.782     0.600000       527628         2.50
       1.845     0.650000       571593         2.86
       1.912     0.700000       615314         3.33
       1.985     0.750000       659179         4.00
       2.027     0.775000       681204         4.44
       2.073     0.800000       702992         5.00
       2.129     0.825000       725398         5.71
       2.193     0.850000       747247         6.67
       2.267     0.875000       769424         8.00
       2.309     0.887500       780220         8.89
       2.357     0.900000       791044        10.00
       2.415     0.912500       801942        11.43
       2.485     0.925000       813057        13.33
       2.567     0.937500       823997        16.00
       2.615     0.943750       829428        17.78
       2.667     0.950000       834836        20.00
       2.727     0.956250       840400        22.86
       2.793     0.962500       845838        26.67
       2.869     0.968750       851289        32.00
       2.913     0.971875       854085        35.56
       2.957     0.975000       856764        40.00
       3.009     0.978125       859564        45.71
       3.067     0.981250       862250        53.33
       3.149     0.984375       865025        64.00
       3.197     0.985938       866386        71.11
       3.255     0.987500       867784        80.00
       3.317     0.989062       869139        91.43
       3.401     0.990625       870507       106.67
       3.517     0.992188       871859       128.00
       3.595     0.992969       872544       142.22
       3.681     0.993750       873226       160.00
       3.809     0.994531       873914       182.86
       4.037     0.995313       874601       213.33
       4.651     0.996094       875285       256.00
       5.791     0.996484       875628       284.44
       8.147     0.996875       875972       320.00
      11.455     0.997266       876315       365.71
      14.871     0.997656       876658       426.67
      18.671     0.998047       877002       512.00
      20.415     0.998242       877174       568.89
      21.935     0.998437       877345       640.00
      23.551     0.998633       877517       731.43
      25.071     0.998828       877689       853.33
      26.639     0.999023       877860      1024.00
      27.391     0.999121       877945      1137.78
      28.191     0.999219       878031      1280.00
      29.167     0.999316       878117      1462.86
      30.191     0.999414       878206      1706.67
      31.183     0.999512       878290      2048.00
      31.727     0.999561       878331      2275.56
      32.271     0.999609       878374      2560.00
      32.831     0.999658       878419      2925.71
      33.311     0.999707       878460      3413.33
      34.079     0.999756       878503      4096.00
      34.463     0.999780       878525      4551.11
      34.943     0.999805       878546      5120.00
      35.359     0.999829       878567      5851.43
      35.839     0.999854       878589      6826.67
      36.287     0.999878       878610      8192.00
      36.607     0.999890       878622      9102.22
      36.895     0.999902       878632     10240.00
      37.151     0.999915       878642     11702.86
      37.439     0.999927       878653     13653.33
      37.855     0.999939       878664     16384.00
      37.951     0.999945       878669     18204.44
      38.335     0.999951       878675     20480.00
      38.655     0.999957       878680     23405.71
      39.103     0.999963       878685     27306.67
      39.263     0.999969       878691     32768.00
      39.295     0.999973       878694     36408.89
      39.423     0.999976       878696     40960.00
      39.711     0.999979       878699     46811.43
      39.775     0.999982       878701     54613.33
      40.351     0.999985       878704     65536.00
      40.543     0.999986       878705     72817.78
      40.639     0.999988       878707     81920.00
      40.703     0.999989       878708     93622.86
      40.927     0.999991       878709    109226.67
      41.055     0.999992       878711    131072.00
      41.055     0.999993       878711    145635.56
      41.151     0.999994       878712    163840.00
      41.279     0.999995       878713    187245.71
      41.279     0.999995       878713    218453.33
      41.567     0.999996       878714    262144.00
      41.567     0.999997       878714    291271.11
      41.599     0.999997       878715    327680.00
      41.599     0.999997       878715    374491.43
      41.599     0.999998       878715    436906.67
      41.855     0.999998       878716    524288.00
      41.855     0.999998       878716    582542.22
      41.855     0.999998       878716    655360.00
      41.855     0.999999       878716    748982.86
      41.855     0.999999       878716    873813.33
      42.655     0.999999       878717   1048576.00
      42.655     1.000000       878717          inf
#[Mean    =        1.795, StdDeviation   =        1.315]
#[Max     =       42.624, Total count    =       878717]
#[Buckets =           27, SubBuckets     =         2048]
----------------------------------------------------------
  959434 requests in 2.00m, 8.22GB read
Requests/sec:   7995.16
Transfer/sec:     70.16MB
