Running 2m test @ http://localhost:9000/api/v1/users
  4 threads and 128 connections
  Thread calibration: mean lat.: 3.098ms, rate sampling interval: 10ms
  Thread calibration: mean lat.: 1.485ms, rate sampling interval: 10ms
  Thread calibration: mean lat.: 1.477ms, rate sampling interval: 10ms
  Thread calibration: mean lat.: 1.489ms, rate sampling interval: 10ms
  Thread Stats   Avg      Stdev     Max   +/- Stdev
    Latency     1.93ms    1.00ms  10.07ms   71.35%
    Req/Sec   526.50    575.60     3.56k    95.71%
  Latency Distribution (HdrHistogram - Recorded Latency)
 50.000%    1.63ms
 75.000%    2.35ms
 90.000%    3.56ms
 99.000%    4.75ms
 99.900%    5.41ms
 99.990%    7.55ms
 99.999%    9.31ms
100.000%   10.08ms

  Detailed Percentile spectrum:
       Value   Percentile   TotalCount 1/(1-Percentile)

       0.584     0.000000            2         1.00
       0.901     0.100000        22018         1.11
       1.103     0.200000        43983         1.25
       1.286     0.300000        66005         1.43
       1.461     0.400000        87880         1.67
       1.629     0.500000       109872         2.00
       1.722     0.550000       120875         2.22
       1.848     0.600000       131861         2.50
       2.004     0.650000       142828         2.86
       2.161     0.700000       153867         3.33
       2.351     0.750000       164828         4.00
       2.491     0.775000       170279         4.44
       2.703     0.800000       175745         5.00
       2.935     0.825000       181272         5.71
       3.147     0.850000       186746         6.67
       3.359     0.875000       192215         8.00
       3.461     0.887500       194963         8.89
       3.561     0.900000       197703        10.00
       3.667     0.912500       200458        11.43
       3.775     0.925000       203230        13.33
       3.883     0.937500       205948        16.00
       3.943     0.943750       207310        17.78
       4.013     0.950000       208717        20.00
       4.083     0.956250       210091        22.86
       4.159     0.962500       211460        26.67
       4.247     0.968750       212836        32.00
       4.303     0.971875       213532        35.56
       4.355     0.975000       214197        40.00
       4.415     0.978125       214876        45.71
       4.487     0.981250       215558        53.33
       4.567     0.984375       216251        64.00
       4.615     0.985938       216606        71.11
       4.663     0.987500       216937        80.00
       4.715     0.989062       217265        91.43
       4.779     0.990625       217612       106.67
       4.847     0.992188       217954       128.00
       4.883     0.992969       218124       142.22
       4.923     0.993750       218301       160.00
       4.971     0.994531       218470       182.86
       5.015     0.995313       218641       213.33
       5.075     0.996094       218815       256.00
       5.107     0.996484       218904       284.44
       5.139     0.996875       218981       320.00
       5.171     0.997266       219066       365.71
       5.203     0.997656       219155       426.67
       5.247     0.998047       219239       512.00
       5.275     0.998242       219282       568.89
       5.295     0.998437       219324       640.00
       5.331     0.998633       219367       731.43
       5.367     0.998828       219411       853.33
       5.419     0.999023       219453      1024.00
       5.475     0.999121       219475      1137.78
       5.555     0.999219       219496      1280.00
       5.643     0.999316       219516      1462.86
       5.795     0.999414       219538      1706.67
       6.023     0.999512       219559      2048.00
       6.335     0.999561       219571      2275.56
       6.523     0.999609       219581      2560.00
       6.703     0.999658       219591      2925.71
       6.819     0.999707       219602      3413.33
       6.955     0.999756       219613      4096.00
       7.019     0.999780       219618      4551.11
       7.127     0.999805       219624      5120.00
       7.199     0.999829       219629      5851.43
       7.343     0.999854       219634      6826.67
       7.415     0.999878       219640      8192.00
       7.431     0.999890       219642      9102.22
       7.555     0.999902       219645     10240.00
       7.631     0.999915       219648     11702.86
       7.787     0.999927       219650     13653.33
       7.839     0.999939       219653     16384.00
       7.843     0.999945       219654     18204.44
       7.895     0.999951       219656     20480.00
       7.903     0.999957       219657     23405.71
       8.167     0.999963       219658     27306.67
       8.263     0.999969       219660     32768.00
       8.263     0.999973       219660     36408.89
       8.287     0.999976       219661     40960.00
       8.567     0.999979       219662     46811.43
       8.567     0.999982       219662     54613.33
       8.679     0.999985       219663     65536.00
       8.679     0.999986       219663     72817.78
       9.311     0.999988       219664     81920.00
       9.311     0.999989       219664     93622.86
       9.311     0.999991       219664    109226.67
       9.503     0.999992       219665    131072.00
       9.503     0.999993       219665    145635.56
       9.503     0.999994       219665    163840.00
       9.503     0.999995       219665    187245.71
       9.503     0.999995       219665    218453.33
      10.079     0.999996       219666    262144.00
      10.079     1.000000       219666          inf
#[Mean    =        1.928, StdDeviation   =        1.002]
#[Max     =       10.072, Total count    =       219666]
#[Buckets =           27, SubBuckets     =         2048]
----------------------------------------------------------
  239449 requests in 2.00m, 2.05GB read
Requests/sec:   1994.72
Transfer/sec:     17.51MB
