Running 2m test @ http://localhost:9002/api/v1/users
  4 threads and 128 connections
  Thread calibration: mean lat.: 1.718ms, rate sampling interval: 10ms
  Thread calibration: mean lat.: 1.731ms, rate sampling interval: 10ms
  Thread calibration: mean lat.: 1.716ms, rate sampling interval: 10ms
  Thread calibration: mean lat.: 1.744ms, rate sampling interval: 10ms
  Thread Stats   Avg      Stdev     Max   +/- Stdev
    Latency     1.76ms    0.96ms  46.18ms   93.40%
    Req/Sec     2.11k   178.29     4.33k    68.85%
  Latency Distribution (HdrHistogram - Recorded Latency)
 50.000%    1.65ms
 75.000%    2.02ms
 90.000%    2.50ms
 99.000%    3.37ms
 99.900%   13.65ms
 99.990%   33.98ms
 99.999%   41.09ms
100.000%   46.21ms

  Detailed Percentile spectrum:
       Value   Percentile   TotalCount 1/(1-Percentile)

       0.674     0.000000            1         1.00
       1.103     0.100000        88323         1.11
       1.244     0.200000       176025         1.25
       1.379     0.300000       264119         1.43
       1.515     0.400000       352097         1.67
       1.652     0.500000       439387         2.00
       1.719     0.550000       483915         2.22
       1.787     0.600000       527696         2.50
       1.858     0.650000       571276         2.86
       1.933     0.700000       615450         3.33
       2.016     0.750000       659345         4.00
       2.065     0.775000       681418         4.44
       2.123     0.800000       703232         5.00
       2.191     0.825000       725307         5.71
       2.271     0.850000       747180         6.67
       2.371     0.875000       769237         8.00
       2.429     0.887500       779964         8.89
       2.497     0.900000       791031        10.00
       2.571     0.912500       802015        11.43
       2.649     0.925000       813083        13.33
       2.731     0.937500       824073        16.00
       2.773     0.943750       829375        17.78
       2.819     0.950000       834856        20.00
       2.865     0.956250       840455        22.86
       2.913     0.962500       845763        26.67
       2.971     0.968750       851382        32.00
       3.003     0.971875       854049        35.56
       3.043     0.975000       856840        40.00
       3.089     0.978125       859545        45.71
       3.147     0.981250       862295        53.33
       3.211     0.984375       864982        64.00
       3.247     0.985938       866370        71.11
       3.289     0.987500       867775        80.00
       3.337     0.989062       869132        91.43
       3.393     0.990625       870492       106.67
       3.465     0.992188       871848       128.00
       3.513     0.992969       872534       142.22
       3.573     0.993750       873226       160.00
       3.649     0.994531       873902       182.86
       3.739     0.995313       874601       213.33
       3.879     0.996094       875279       256.00
       3.981     0.996484       875621       284.44
       4.099     0.996875       875962       320.00
       4.259     0.997266       876309       365.71
       4.483     0.997656       876650       426.67
       4.775     0.998047       876991       512.00
       5.067     0.998242       877163       568.89
       5.523     0.998437       877335       640.00
       6.759     0.998633       877506       731.43
       9.631     0.998828       877678       853.33
      14.263     0.999023       877849      1024.00
      16.815     0.999121       877936      1137.78
      19.503     0.999219       878023      1280.00
      21.263     0.999316       878107      1462.86
      23.375     0.999414       878193      1706.67
      24.911     0.999512       878280      2048.00
      25.871     0.999561       878321      2275.56
      26.831     0.999609       878365      2560.00
      27.919     0.999658       878408      2925.71
      28.815     0.999707       878450      3413.33
      29.903     0.999756       878493      4096.00
      30.559     0.999780       878514      4551.11
      31.199     0.999805       878537      5120.00
      31.807     0.999829       878557      5851.43
      32.415     0.999854       878579      6826.67
      33.087     0.999878       878601      8192.00
      33.663     0.999890       878612      9102.22
      34.111     0.999902       878622     10240.00
      34.719     0.999915       878632     11702.86
      35.007     0.999927       878643     13653.33
      35.711     0.999939       878656     16384.00
      35.935     0.999945       878661     18204.44
      36.415     0.999951       878665     20480.00
      36.703     0.999957       878671     23405.71
      37.151     0.999963       878675     27306.67
      37.919     0.999969       878681     32768.00
      37.951     0.999973       878683     36408.89
      38.239     0.999976       878686     40960.00
      38.591     0.999979       878689     46811.43
      39.103     0.999982       878691     54613.33
      40.095     0.999985       878695     65536.00
      40.095     0.999986       878695     72817.78
      40.735     0.999988       878697     81920.00
      41.087     0.999989       878698     93622.86
      41.215     0.999991       878699    109226.67
      41.663     0.999992       878701    131072.00
      41.663     0.999993       878701    145635.56
      42.111     0.999994       878702    163840.00
      43.519     0.999995       878703    187245.71
      43.519     0.999995       878703    218453.33
      43.615     0.999996       878704    262144.00
      43.615     0.999997       878704    291271.11
      43.871     0.999997       878705    327680.00
      43.871     0.999997       878705    374491.43
      43.871     0.999998       878705    436906.67
      44.575     0.999998       878706    524288.00
      44.575     0.999998       878706    582542.22
      44.575     0.999998       878706    655360.00
      44.575     0.999999       878706    748982.86
      44.575     0.999999       878706    873813.33
      46.207     0.999999       878707   1048576.00
      46.207     1.000000       878707          inf
#[Mean    =        1.755, StdDeviation   =        0.958]
#[Max     =       46.176, Total count    =       878707]
#[Buckets =           27, SubBuckets     =         2048]
----------------------------------------------------------
  959419 requests in 2.00m, 8.24GB read
Requests/sec:   7995.14
Transfer/sec:     70.29MB
