Running 2m test @ http://localhost:9000/api/v1/user?id=1
  4 threads and 128 connections
  Thread calibration: mean lat.: 0.871ms, rate sampling interval: 10ms
  Thread calibration: mean lat.: 0.873ms, rate sampling interval: 10ms
  Thread calibration: mean lat.: 0.874ms, rate sampling interval: 10ms
  Thread calibration: mean lat.: 0.878ms, rate sampling interval: 10ms
  Thread Stats   Avg      Stdev     Max   +/- Stdev
    Latency     0.88ms  413.89us  12.95ms   64.95%
    Req/Sec     1.54k   122.71     2.22k    56.17%
  Latency Distribution (HdrHistogram - Recorded Latency)
 50.000%    0.88ms
 75.000%    1.16ms
 90.000%    1.46ms
 99.000%    1.76ms
 99.900%    1.92ms
 99.990%    2.07ms
 99.999%    2.54ms
100.000%   12.96ms

  Detailed Percentile spectrum:
       Value   Percentile   TotalCount 1/(1-Percentile)

       0.069     0.000000            1         1.00
       0.303     0.100000        65990         1.11
       0.492     0.200000       132002         1.25
       0.638     0.300000       197916         1.43
       0.762     0.400000       263878         1.67
       0.881     0.500000       329843         2.00
       0.937     0.550000       362471         2.22
       0.993     0.600000       395489         2.50
       1.049     0.650000       428626         2.86
       1.108     0.700000       461817         3.33
       1.165     0.750000       494496         4.00
       1.197     0.775000       511068         4.44
       1.230     0.800000       527575         5.00
       1.276     0.825000       543745         5.71
       1.335     0.850000       560460         6.67
       1.395     0.875000       576788         8.00
       1.424     0.887500       585072         8.89
       1.455     0.900000       593286        10.00
       1.487     0.912500       601482        11.43
       1.519     0.925000       609729        13.33
       1.552     0.937500       617921        16.00
       1.570     0.943750       622164        17.78
       1.587     0.950000       626138        20.00
       1.607     0.956250       630230        22.86
       1.628     0.962500       634338        26.67
       1.652     0.968750       638525        32.00
       1.664     0.971875       640524        35.56
       1.677     0.975000       642655        40.00
       1.691     0.978125       644681        45.71
       1.707     0.981250       646799        53.33
       1.724     0.984375       648809        64.00
       1.734     0.985938       649791        71.11
       1.745     0.987500       650863        80.00
       1.757     0.989062       651857        91.43
       1.771     0.990625       652912       106.67
       1.786     0.992188       653928       128.00
       1.793     0.992969       654419       142.22
       1.802     0.993750       654970       160.00
       1.810     0.994531       655453       182.86
       1.820     0.995313       655950       213.33
       1.832     0.996094       656471       256.00
       1.839     0.996484       656754       284.44
       1.845     0.996875       656979       320.00
       1.854     0.997266       657255       365.71
       1.865     0.997656       657505       426.67
       1.878     0.998047       657752       512.00
       1.885     0.998242       657884       568.89
       1.894     0.998437       658024       640.00
       1.901     0.998633       658138       731.43
       1.911     0.998828       658267       853.33
       1.923     0.999023       658397      1024.00
       1.929     0.999121       658463      1137.78
       1.936     0.999219       658529      1280.00
       1.943     0.999316       658593      1462.86
       1.952     0.999414       658657      1706.67
       1.964     0.999512       658721      2048.00
       1.971     0.999561       658754      2275.56
       1.977     0.999609       658782      2560.00
       1.984     0.999658       658813      2925.71
       1.994     0.999707       658846      3413.33
       2.003     0.999756       658878      4096.00
       2.009     0.999780       658896      4551.11
       2.015     0.999805       658910      5120.00
       2.022     0.999829       658927      5851.43
       2.031     0.999854       658942      6826.67
       2.049     0.999878       658958      8192.00
       2.055     0.999890       658966      9102.22
       2.071     0.999902       658974     10240.00
       2.093     0.999915       658982     11702.86
       2.119     0.999927       658991     13653.33
       2.147     0.999939       658998     16384.00
       2.159     0.999945       659002     18204.44
       2.195     0.999951       659006     20480.00
       2.237     0.999957       659010     23405.71
       2.273     0.999963       659014     27306.67
       2.327     0.999969       659018     32768.00
       2.351     0.999973       659020     36408.89
       2.411     0.999976       659022     40960.00
       2.421     0.999979       659024     46811.43
       2.439     0.999982       659026     54613.33
       2.503     0.999985       659028     65536.00
       2.517     0.999986       659029     72817.78
       2.531     0.999988       659030     81920.00
       2.535     0.999989       659031     93622.86
       2.547     0.999991       659032    109226.67
       2.571     0.999992       659033    131072.00
       2.577     0.999993       659034    145635.56
       2.577     0.999994       659034    163840.00
       2.651     0.999995       659035    187245.71
       2.651     0.999995       659035    218453.33
       2.673     0.999996       659036    262144.00
       2.673     0.999997       659036    291271.11
       2.673     0.999997       659036    327680.00
       2.677     0.999997       659037    374491.43
       2.677     0.999998       659037    436906.67
       2.677     0.999998       659037    524288.00
       2.677     0.999998       659037    582542.22
       2.677     0.999998       659037    655360.00
      12.959     0.999999       659038    748982.86
      12.959     1.000000       659038          inf
#[Mean    =        0.879, StdDeviation   =        0.414]
#[Max     =       12.952, Total count    =       659038]
#[Buckets =           27, SubBuckets     =         2048]
----------------------------------------------------------
  719594 requests in 2.00m, 85.78MB read
Requests/sec:   5996.60
Transfer/sec:    732.01KB
