Running 2m test @ http://localhost:9003/api/v1/users
  4 threads and 128 connections
  Thread calibration: mean lat.: 1.615ms, rate sampling interval: 10ms
  Thread calibration: mean lat.: 1.587ms, rate sampling interval: 10ms
  Thread calibration: mean lat.: 3.251ms, rate sampling interval: 10ms
  Thread calibration: mean lat.: 1.600ms, rate sampling interval: 10ms
  Thread Stats   Avg      Stdev     Max   +/- Stdev
    Latency     2.02ms    1.09ms  35.33ms   70.89%
    Req/Sec     1.58k   782.10     5.22k    77.45%
  Latency Distribution (HdrHistogram - Recorded Latency)
 50.000%    1.72ms
 75.000%    2.63ms
 90.000%    3.65ms
 99.000%    4.70ms
 99.900%    6.30ms
 99.990%   23.22ms
 99.999%   30.78ms
100.000%   35.36ms

  Detailed Percentile spectrum:
       Value   Percentile   TotalCount 1/(1-Percentile)

       0.512     0.000000            1         1.00
       0.910     0.100000        66042         1.11
       1.115     0.200000       132056         1.25
       1.308     0.300000       197994         1.43
       1.506     0.400000       263649         1.67
       1.722     0.500000       329629         2.00
       1.847     0.550000       362566         2.22
       1.990     0.600000       395607         2.50
       2.151     0.650000       428646         2.86
       2.345     0.700000       461485         3.33
       2.633     0.750000       494386         4.00
       2.817     0.775000       510779         4.44
       2.997     0.800000       527234         5.00
       3.169     0.825000       543783         5.71
       3.329     0.850000       560194         6.67
       3.489     0.875000       576809         8.00
       3.567     0.887500       584955         8.89
       3.651     0.900000       593275        10.00
       3.735     0.912500       601392        11.43
       3.827     0.925000       609711        13.33
       3.927     0.937500       617877        16.00
       3.981     0.943750       622042        17.78
       4.037     0.950000       626111        20.00
       4.099     0.956250       630190        22.86
       4.167     0.962500       634350        26.67
       4.247     0.968750       638549        32.00
       4.291     0.971875       640584        35.56
       4.339     0.975000       642698        40.00
       4.391     0.978125       644642        45.71
       4.455     0.981250       646751        53.33
       4.527     0.984375       648777        64.00
       4.567     0.985938       649763        71.11
       4.615     0.987500       650853        80.00
       4.667     0.989062       651831        91.43
       4.731     0.990625       652892       106.67
       4.807     0.992188       653914       128.00
       4.851     0.992969       654413       142.22
       4.903     0.993750       654918       160.00
       4.963     0.994531       655416       182.86
       5.035     0.995313       655927       213.33
       5.131     0.996094       656449       256.00
       5.191     0.996484       656708       284.44
       5.263     0.996875       656972       320.00
       5.343     0.997266       657215       365.71
       5.463     0.997656       657476       426.67
       5.599     0.998047       657733       512.00
       5.695     0.998242       657857       568.89
       5.823     0.998437       657987       640.00
       5.955     0.998633       658115       731.43
       6.115     0.998828       658243       853.33
       6.331     0.999023       658374      1024.00
       6.491     0.999121       658436      1137.78
       6.623     0.999219       658501      1280.00
       6.843     0.999316       658565      1462.86
       7.159     0.999414       658628      1706.67
       7.811     0.999512       658693      2048.00
       8.263     0.999561       658725      2275.56
       9.591     0.999609       658757      2560.00
      10.767     0.999658       658789      2925.71
      12.407     0.999707       658821      3413.33
      13.735     0.999756       658854      4096.00
      14.815     0.999780       658870      4551.11
      15.511     0.999805       658886      5120.00
      16.991     0.999829       658902      5851.43
      18.767     0.999854       658918      6826.67
      21.183     0.999878       658934      8192.00
      22.559     0.999890       658942      9102.22
      23.567     0.999902       658950     10240.00
      24.079     0.999915       658958     11702.86
      25.055     0.999927       658966     13653.33
      25.871     0.999939       658974     16384.00
      26.159     0.999945       658978     18204.44
      26.319     0.999951       658982     20480.00
      26.479     0.999957       658986     23405.71
      27.263     0.999963       658990     27306.67
      28.015     0.999969       658994     32768.00
      28.223     0.999973       658996     36408.89
      28.639     0.999976       658998     40960.00
      29.327     0.999979       659000     46811.43
      29.375     0.999982       659002     54613.33
      29.663     0.999985       659004     65536.00
      29.903     0.999986       659005     72817.78
      30.159     0.999988       659006     81920.00
      30.783     0.999989       659008     93622.86
      30.783     0.999991       659008    109226.67
      30.975     0.999992       659009    131072.00
      31.247     0.999993       659010    145635.56
      31.247     0.999994       659010    163840.00
      31.535     0.999995       659011    187245.71
      31.535     0.999995       659011    218453.33
      31.887     0.999996       659012    262144.00
      31.887     0.999997       659012    291271.11
      31.887     0.999997       659012    327680.00
      32.191     0.999997       659013    374491.43
      32.191     0.999998       659013    436906.67
      32.191     0.999998       659013    524288.00
      32.191     0.999998       659013    582542.22
      32.191     0.999998       659013    655360.00
      35.359     0.999999       659014    748982.86
      35.359     1.000000       659014          inf
#[Mean    =        2.020, StdDeviation   =        1.091]
#[Max     =       35.328, Total count    =       659014]
#[Buckets =           27, SubBuckets     =         2048]
----------------------------------------------------------
  718190 requests in 2.00m, 6.17GB read
Requests/sec:   5984.90
Transfer/sec:     52.61MB
