Running 2m test @ http://localhost:9001/api/v1/users
  4 threads and 128 connections
  Thread calibration: mean lat.: 2.150ms, rate sampling interval: 10ms
  Thread calibration: mean lat.: 2.145ms, rate sampling interval: 10ms
  Thread calibration: mean lat.: 2.159ms, rate sampling interval: 10ms
  Thread calibration: mean lat.: 2.136ms, rate sampling interval: 10ms
  Thread Stats   Avg      Stdev     Max   +/- Stdev
    Latency     2.12ms  524.12us  18.86ms   73.88%
    Req/Sec   631.23     64.16     1.11k    60.54%
  Latency Distribution (HdrHistogram - Recorded Latency)
 50.000%    2.08ms
 75.000%    2.40ms
 90.000%    2.71ms
 99.000%    3.56ms
 99.900%    5.41ms
 99.990%   11.53ms
 99.999%   17.44ms
100.000%   18.88ms

  Detailed Percentile spectrum:
       Value   Percentile   TotalCount 1/(1-Percentile)

       1.013     0.000000            1         1.00
       1.523     0.100000        26417         1.11
       1.691     0.200000        52787         1.25
       1.829     0.300000        79148         1.43
       1.955     0.400000       105449         1.67
       2.077     0.500000       131826         2.00
       2.137     0.550000       145243         2.22
       2.197     0.600000       158376         2.50
       2.259     0.650000       171621         2.86
       2.325     0.700000       184732         3.33
       2.397     0.750000       197878         4.00
       2.437     0.775000       204482         4.44
       2.481     0.800000       211130         5.00
       2.527     0.825000       217551         5.71
       2.579     0.850000       224090         6.67
       2.641     0.875000       230785         8.00
       2.675     0.887500       234006         8.89
       2.713     0.900000       237314        10.00
       2.755     0.912500       240590        11.43
       2.805     0.925000       243905        13.33
       2.863     0.937500       247189        16.00
       2.897     0.943750       248846        17.78
       2.935     0.950000       250518        20.00
       2.977     0.956250       252137        22.86
       3.025     0.962500       253771        26.67
       3.083     0.968750       255390        32.00
       3.119     0.971875       256213        35.56
       3.159     0.975000       257029        40.00
       3.207     0.978125       257866        45.71
       3.265     0.981250       258681        53.33
       3.337     0.984375       259503        64.00
       3.379     0.985938       259916        71.11
       3.437     0.987500       260324        80.00
       3.507     0.989062       260738        91.43
       3.597     0.990625       261150       106.67
       3.707     0.992188       261557       128.00
       3.771     0.992969       261763       142.22
       3.849     0.993750       261969       160.00
       3.927     0.994531       262175       182.86
       4.041     0.995313       262384       213.33
       4.167     0.996094       262589       256.00
       4.247     0.996484       262693       284.44
       4.335     0.996875       262795       320.00
       4.431     0.997266       262898       365.71
       4.531     0.997656       263001       426.67
       4.691     0.998047       263102       512.00
       4.783     0.998242       263153       568.89
       4.911     0.998437       263205       640.00
       5.051     0.998633       263258       731.43
       5.223     0.998828       263308       853.33
       5.455     0.999023       263359      1024.00
       5.631     0.999121       263385      1137.78
       5.819     0.999219       263411      1280.00
       6.147     0.999316       263437      1462.86
       6.511     0.999414       263462      1706.67
       6.871     0.999512       263489      2048.00
       7.071     0.999561       263501      2275.56
       7.395     0.999609       263514      2560.00
       7.703     0.999658       263526      2925.71
       7.947     0.999707       263539      3413.33
       8.391     0.999756       263552      4096.00
       8.631     0.999780       263560      4551.11
       9.047     0.999805       263565      5120.00
       9.335     0.999829       263571      5851.43
      10.247     0.999854       263578      6826.67
      10.511     0.999878       263584      8192.00
      11.015     0.999890       263588      9102.22
      11.655     0.999902       263591     10240.00
      12.535     0.999915       263594     11702.86
      13.199     0.999927       263597     13653.33
      14.023     0.999939       263600     16384.00
      14.263     0.999945       263602     18204.44
      15.367     0.999951       263604     20480.00
      15.527     0.999957       263605     23405.71
      16.087     0.999963       263607     27306.67
      16.479     0.999969       263608     32768.00
      16.783     0.999973       263609     36408.89
      17.039     0.999976       263610     40960.00
      17.279     0.999979       263611     46811.43
      17.343     0.999982       263612     54613.33
      17.343     0.999985       263612     65536.00
      17.439     0.999986       263613     72817.78
      17.439     0.999988       263613     81920.00
      17.983     0.999989       263614     93622.86
      17.983     0.999991       263614    109226.67
      17.983     0.999992       263614    131072.00
      18.255     0.999993       263615    145635.56
      18.255     0.999994       263615    163840.00
      18.255     0.999995       263615    187245.71
      18.255     0.999995       263615    218453.33
      18.255     0.999996       263615    262144.00
      18.879     0.999997       263616    291271.11
      18.879     1.000000       263616          inf
#[Mean    =        2.116, StdDeviation   =        0.524]
#[Max     =       18.864, Total count    =       263616]
#[Buckets =           27, SubBuckets     =         2048]
----------------------------------------------------------
  287876 requests in 2.00m, 2.52GB read
Requests/sec:   2398.92
Transfer/sec:     21.53MB
