Running 2m test @ http://localhost:9000/api/v1/user?id=1
  4 threads and 128 connections
  Thread calibration: mean lat.: 0.861ms, rate sampling interval: 10ms
  Thread calibration: mean lat.: 0.860ms, rate sampling interval: 10ms
  Thread calibration: mean lat.: 0.860ms, rate sampling interval: 10ms
  Thread calibration: mean lat.: 0.860ms, rate sampling interval: 10ms
  Thread Stats   Avg      Stdev     Max   +/- Stdev
    Latency     0.87ms  450.67us  22.02ms   73.69%
    Req/Sec     4.01k   204.25    11.11k    71.91%
  Latency Distribution (HdrHistogram - Recorded Latency)
 50.000%    0.86ms
 75.000%    1.16ms
 90.000%    1.37ms
 99.000%    1.62ms
 99.900%    2.01ms
 99.990%   14.63ms
 99.999%   18.72ms
100.000%   22.03ms

  Detailed Percentile spectrum:
       Value   Percentile   TotalCount 1/(1-Percentile)

       0.072     0.000000            1         1.00
       0.370     0.100000       165057         1.11
       0.499     0.200000       330309         1.25
       0.620     0.300000       494783         1.43
       0.740     0.400000       660094         1.67
       0.860     0.500000       824519         2.00
       0.920     0.550000       907221         2.22
       0.980     0.600000       989864         2.50
       1.039     0.650000      1071110         2.86
       1.100     0.700000      1154235         3.33
       1.160     0.750000      1236190         4.00
       1.190     0.775000      1277296         4.44
       1.221     0.800000      1318543         5.00
       1.253     0.825000      1360378         5.71
       1.287     0.850000      1401084         6.67
       1.326     0.875000      1441950         8.00
       1.347     0.887500      1462544         8.89
       1.370     0.900000      1483235        10.00
       1.393     0.912500      1503602        11.43
       1.416     0.925000      1524060        13.33
       1.441     0.937500      1544872        16.00
       1.454     0.943750      1555061        17.78
       1.467     0.950000      1565234        20.00
       1.482     0.956250      1576146        22.86
       1.497     0.962500      1585981        26.67
       1.515     0.968750      1596344        32.00
       1.525     0.971875      1601629        35.56
       1.535     0.975000      1606464        40.00
       1.547     0.978125      1611749        45.71
       1.561     0.981250      1616755        53.33
       1.579     0.984375      1622022        64.00
       1.589     0.985938      1624615        71.11
       1.600     0.987500      1627068        80.00
       1.613     0.989062      1629645        91.43
       1.629     0.990625      1632202       106.67
       1.649     0.992188      1634760       128.00
       1.661     0.992969      1636027       142.22
       1.675     0.993750      1637352       160.00
       1.690     0.994531      1638623       182.86
       1.708     0.995313      1639907       213.33
       1.730     0.996094      1641171       256.00
       1.744     0.996484      1641823       284.44
       1.759     0.996875      1642454       320.00
       1.779     0.997266      1643127       365.71
       1.801     0.997656      1643744       426.67
       1.833     0.998047      1644394       512.00
       1.851     0.998242      1644704       568.89
       1.874     0.998437      1645029       640.00
       1.904     0.998633      1645353       731.43
       1.946     0.998828      1645678       853.33
       2.022     0.999023      1645993      1024.00
       2.101     0.999121      1646151      1137.78
       2.467     0.999219      1646312      1280.00
       3.627     0.999316      1646473      1462.86
       5.175     0.999414      1646635      1706.67
       6.591     0.999512      1646796      2048.00
       7.191     0.999561      1646875      2275.56
       7.859     0.999609      1646956      2560.00
       8.583     0.999658      1647036      2925.71
       9.671     0.999707      1647117      3413.33
      10.575     0.999756      1647198      4096.00
      11.047     0.999780      1647237      4551.11
      11.799     0.999805      1647279      5120.00
      12.391     0.999829      1647318      5851.43
      13.191     0.999854      1647358      6826.67
      13.975     0.999878      1647398      8192.00
      14.247     0.999890      1647418      9102.22
      14.695     0.999902      1647439     10240.00
      15.007     0.999915      1647459     11702.86
      15.591     0.999927      1647479     13653.33
      16.183     0.999939      1647499     16384.00
      16.511     0.999945      1647509     18204.44
      16.927     0.999951      1647519     20480.00
      17.295     0.999957      1647529     23405.71
      17.471     0.999963      1647540     27306.67
      17.599     0.999969      1647549     32768.00
      17.679     0.999973      1647554     36408.89
      17.855     0.999976      1647559     40960.00
      18.111     0.999979      1647564     46811.43
      18.191     0.999982      1647569     54613.33
      18.351     0.999985      1647574     65536.00
      18.447     0.999986      1647577     72817.78
      18.495     0.999988      1647579     81920.00
      18.719     0.999989      1647583     93622.86
      18.847     0.999991      1647584    109226.67
      18.991     0.999992      1647587    131072.00
      19.071     0.999993      1647588    145635.56
      19.215     0.999994      1647589    163840.00
      19.343     0.999995      1647591    187245.71
      19.695     0.999995      1647592    218453.33
      19.727     0.999996      1647593    262144.00
      19.919     0.999997      1647594    291271.11
      19.919     0.999997      1647594    327680.00
      19.999     0.999997      1647595    374491.43
      20.559     0.999998      1647596    436906.67
      20.559     0.999998      1647596    524288.00
      20.991     0.999998      1647597    582542.22
      20.991     0.999998      1647597    655360.00
      20.991     0.999999      1647597    748982.86
      21.871     0.999999      1647598    873813.33
      21.871     0.999999      1647598   1048576.00
      21.871     0.999999      1647598   1165084.44
      21.871     0.999999      1647598   1310720.00
      21.871     0.999999      1647598   1497965.71
      22.031     0.999999      1647599   1747626.67
      22.031     1.000000      1647599          inf
#[Mean    =        0.869, StdDeviation   =        0.451]
#[Max     =       22.016, Total count    =      1647599]
#[Buckets =           27, SubBuckets     =         2048]
----------------------------------------------------------
  1798885 requests in 2.00m, 214.44MB read
Requests/sec:  14990.63
Transfer/sec:      1.79MB
