Running 2m test @ http://localhost:9003/api/v1/user?id=1
  4 threads and 128 connections
  Thread calibration: mean lat.: 0.907ms, rate sampling interval: 10ms
  Thread calibration: mean lat.: 0.928ms, rate sampling interval: 10ms
  Thread calibration: mean lat.: 0.916ms, rate sampling interval: 10ms
  Thread calibration: mean lat.: 0.922ms, rate sampling interval: 10ms
  Thread Stats   Avg      Stdev     Max   +/- Stdev
    Latency     0.92ms  493.28us  14.51ms   74.73%
    Req/Sec     1.61k   139.66     3.89k    68.27%
  Latency Distribution (HdrHistogram - Recorded Latency)
 50.000%    0.90ms
 75.000%    1.21ms
 90.000%    1.45ms
 99.000%    1.88ms
 99.900%    5.76ms
 99.990%   12.12ms
 99.999%   13.81ms
100.000%   14.52ms

  Detailed Percentile spectrum:
       Value   Percentile   TotalCount 1/(1-Percentile)

       0.112     0.000000            1         1.00
       0.358     0.100000        66200         1.11
       0.515     0.200000       131833         1.25
       0.657     0.300000       197732         1.43
       0.784     0.400000       263947         1.67
       0.903     0.500000       329776         2.00
       0.963     0.550000       362567         2.22
       1.024     0.600000       395835         2.50
       1.084     0.650000       428616         2.86
       1.145     0.700000       461866         3.33
       1.207     0.750000       494340         4.00
       1.240     0.775000       510870         4.44
       1.275     0.800000       527710         5.00
       1.309     0.825000       543984         5.71
       1.344     0.850000       560418         6.67
       1.388     0.875000       576955         8.00
       1.415     0.887500       584909         8.89
       1.448     0.900000       593361        10.00
       1.483     0.912500       601493        11.43
       1.524     0.925000       609712        13.33
       1.569     0.937500       617946        16.00
       1.593     0.943750       621982        17.78
       1.620     0.950000       626154        20.00
       1.648     0.956250       630327        22.86
       1.678     0.962500       634448        26.67
       1.711     0.968750       638494        32.00
       1.729     0.971875       640521        35.56
       1.750     0.975000       642627        40.00
       1.773     0.978125       644693        45.71
       1.797     0.981250       646746        53.33
       1.824     0.984375       648738        64.00
       1.840     0.985938       649803        71.11
       1.856     0.987500       650828        80.00
       1.874     0.989062       651887        91.43
       1.894     0.990625       652876       106.67
       1.918     0.992188       653897       128.00
       1.932     0.992969       654405       142.22
       1.947     0.993750       654925       160.00
       1.965     0.994531       655456       182.86
       1.983     0.995313       655955       213.33
       2.006     0.996094       656473       256.00
       2.021     0.996484       656731       284.44
       2.036     0.996875       656983       320.00
       2.057     0.997266       657236       365.71
       2.089     0.997656       657497       426.67
       2.137     0.998047       657751       512.00
       2.187     0.998242       657878       568.89
       2.591     0.998437       658006       640.00
       3.659     0.998633       658134       731.43
       4.707     0.998828       658265       853.33
       5.859     0.999023       658393      1024.00
       6.379     0.999121       658456      1137.78
       7.007     0.999219       658521      1280.00
       7.575     0.999316       658585      1462.86
       8.135     0.999414       658649      1706.67
       8.687     0.999512       658715      2048.00
       8.991     0.999561       658746      2275.56
       9.343     0.999609       658778      2560.00
       9.887     0.999658       658812      2925.71
      10.303     0.999707       658842      3413.33
      10.671     0.999756       658875      4096.00
      10.855     0.999780       658891      4551.11
      11.047     0.999805       658908      5120.00
      11.327     0.999829       658923      5851.43
      11.631     0.999854       658939      6826.67
      11.887     0.999878       658955      8192.00
      12.047     0.999890       658963      9102.22
      12.143     0.999902       658971     10240.00
      12.231     0.999915       658979     11702.86
      12.455     0.999927       658987     13653.33
      12.583     0.999939       658995     16384.00
      12.639     0.999945       658999     18204.44
      12.743     0.999951       659003     20480.00
      12.847     0.999957       659007     23405.71
      13.175     0.999963       659011     27306.67
      13.271     0.999969       659015     32768.00
      13.295     0.999973       659017     36408.89
      13.335     0.999976       659019     40960.00
      13.367     0.999979       659021     46811.43
      13.487     0.999982       659023     54613.33
      13.607     0.999985       659025     65536.00
      13.711     0.999986       659026     72817.78
      13.799     0.999988       659027     81920.00
      13.815     0.999989       659028     93622.86
      13.895     0.999991       659029    109226.67
      13.959     0.999992       659030    131072.00
      13.975     0.999993       659031    145635.56
      13.975     0.999994       659031    163840.00
      14.103     0.999995       659032    187245.71
      14.103     0.999995       659032    218453.33
      14.167     0.999996       659033    262144.00
      14.167     0.999997       659033    291271.11
      14.167     0.999997       659033    327680.00
      14.407     0.999997       659034    374491.43
      14.407     0.999998       659034    436906.67
      14.407     0.999998       659034    524288.00
      14.407     0.999998       659034    582542.22
      14.407     0.999998       659034    655360.00
      14.519     0.999999       659035    748982.86
      14.519     1.000000       659035          inf
#[Mean    =        0.919, StdDeviation   =        0.493]
#[Max     =       14.512, Total count    =       659035]
#[Buckets =           27, SubBuckets     =         2048]
----------------------------------------------------------
  719590 requests in 2.00m, 78.92MB read
Requests/sec:   5996.54
Transfer/sec:    673.44KB
