Running 2m test @ http://localhost:9000/api/v1/users
  4 threads and 128 connections
  Thread calibration: mean lat.: 1.793ms, rate sampling interval: 10ms
  Thread calibration: mean lat.: 1.755ms, rate sampling interval: 10ms
  Thread calibration: mean lat.: 1.748ms, rate sampling interval: 10ms
  Thread calibration: mean lat.: 1.793ms, rate sampling interval: 10ms
  Thread Stats   Avg      Stdev     Max   +/- Stdev
    Latency     1.79ms    1.45ms  49.09ms   98.49%
    Req/Sec     2.11k   192.44     4.22k    72.94%
  Latency Distribution (HdrHistogram - Recorded Latency)
 50.000%    1.64ms
 75.000%    2.03ms
 90.000%    2.48ms
 99.000%    3.46ms
 99.900%   28.21ms
 99.990%   39.84ms
 99.999%   44.26ms
100.000%   49.12ms

  Detailed Percentile spectrum:
       Value   Percentile   TotalCount 1/(1-Percentile)

       0.675     0.000000            1         1.00
       1.084     0.100000        88070         1.11
       1.219     0.200000       175790         1.25
       1.353     0.300000       263975         1.43
       1.492     0.400000       351552         1.67
       1.637     0.500000       439575         2.00
       1.711     0.550000       483330         2.22
       1.790     0.600000       527571         2.50
       1.869     0.650000       571223         2.86
       1.948     0.700000       615145         3.33
       2.031     0.750000       659416         4.00
       2.081     0.775000       681776         4.44
       2.135     0.800000       703074         5.00
       2.201     0.825000       725388         5.71
       2.277     0.850000       746996         6.67
       2.369     0.875000       768947         8.00
       2.423     0.887500       780199         8.89
       2.481     0.900000       790952        10.00
       2.547     0.912500       802034        11.43
       2.619     0.925000       813107        13.33
       2.695     0.937500       823944        16.00
       2.739     0.943750       829485        17.78
       2.787     0.950000       834920        20.00
       2.839     0.956250       840313        22.86
       2.895     0.962500       845854        26.67
       2.955     0.968750       851396        32.00
       2.989     0.971875       854058        35.56
       3.029     0.975000       856783        40.00
       3.081     0.978125       859598        45.71
       3.147     0.981250       862243        53.33
       3.229     0.984375       865049        64.00
       3.277     0.985938       866385        71.11
       3.333     0.987500       867755        80.00
       3.405     0.989062       869137        91.43
       3.503     0.990625       870478       106.67
       3.639     0.992188       871858       128.00
       3.731     0.992969       872542       142.22
       3.871     0.993750       873234       160.00
       4.083     0.994531       873910       182.86
       4.487     0.995313       874598       213.33
       6.159     0.996094       875283       256.00
       8.463     0.996484       875625       284.44
      11.295     0.996875       875969       320.00
      14.191     0.997266       876314       365.71
      17.167     0.997656       876658       426.67
      20.255     0.998047       876998       512.00
      21.887     0.998242       877172       568.89
      23.455     0.998437       877344       640.00
      25.023     0.998633       877515       731.43
      26.623     0.998828       877687       853.33
      28.367     0.999023       877857      1024.00
      29.247     0.999121       877943      1137.78
      30.271     0.999219       878028      1280.00
      31.183     0.999316       878117      1462.86
      32.239     0.999414       878200      1706.67
      33.311     0.999512       878288      2048.00
      33.887     0.999561       878329      2275.56
      34.399     0.999609       878371      2560.00
      35.039     0.999658       878418      2925.71
      35.615     0.999707       878457      3413.33
      36.383     0.999756       878500      4096.00
      36.831     0.999780       878523      4551.11
      37.439     0.999805       878547      5120.00
      37.759     0.999829       878564      5851.43
      38.495     0.999854       878586      6826.67
      39.135     0.999878       878607      8192.00
      39.551     0.999890       878618      9102.22
      39.999     0.999902       878629     10240.00
      40.479     0.999915       878639     11702.86
      40.671     0.999927       878650     13653.33
      41.055     0.999939       878661     16384.00
      41.247     0.999945       878666     18204.44
      41.631     0.999951       878672     20480.00
      42.015     0.999957       878677     23405.71
      42.431     0.999963       878682     27306.67
      42.687     0.999969       878688     32768.00
      42.783     0.999973       878690     36408.89
      42.975     0.999976       878693     40960.00
      43.423     0.999979       878696     46811.43
      43.871     0.999982       878698     54613.33
      43.935     0.999985       878701     65536.00
      43.999     0.999986       878702     72817.78
      44.191     0.999988       878704     81920.00
      44.255     0.999989       878705     93622.86
      45.055     0.999991       878706    109226.67
      45.215     0.999992       878708    131072.00
      45.215     0.999993       878708    145635.56
      46.495     0.999994       878709    163840.00
      47.007     0.999995       878710    187245.71
      47.007     0.999995       878710    218453.33
      47.039     0.999996       878711    262144.00
      47.039     0.999997       878711    291271.11
      47.391     0.999997       878712    327680.00
      47.391     0.999997       878712    374491.43
      47.391     0.999998       878712    436906.67
      48.575     0.999998       878713    524288.00
      48.575     0.999998       878713    582542.22
      48.575     0.999998       878713    655360.00
      48.575     0.999999       878713    748982.86
      48.575     0.999999       878713    873813.33
      49.119     0.999999       878714   1048576.00
      49.119     1.000000       878714          inf
#[Mean    =        1.789, StdDeviation   =        1.451]
#[Max     =       49.088, Total count    =       878714]
#[Buckets =           27, SubBuckets     =         2048]
----------------------------------------------------------
  959429 requests in 2.00m, 8.22GB read
Requests/sec:   7995.21
Transfer/sec:     70.16MB
