Running 2m test @ http://localhost:9002/api/v1/users
  4 threads and 128 connections
  Thread calibration: mean lat.: 1.708ms, rate sampling interval: 10ms
  Thread calibration: mean lat.: 1.709ms, rate sampling interval: 10ms
  Thread calibration: mean lat.: 1.727ms, rate sampling interval: 10ms
  Thread calibration: mean lat.: 1.776ms, rate sampling interval: 10ms
  Thread Stats   Avg      Stdev     Max   +/- Stdev
    Latency     1.74ms  685.38us  36.70ms   81.94%
    Req/Sec     2.11k   169.41     4.33k    70.43%
  Latency Distribution (HdrHistogram - Recorded Latency)
 50.000%    1.66ms
 75.000%    2.01ms
 90.000%    2.47ms
 99.000%    3.32ms
 99.900%    5.07ms
 99.990%   25.52ms
 99.999%   33.09ms
100.000%   36.74ms

  Detailed Percentile spectrum:
       Value   Percentile   TotalCount 1/(1-Percentile)

       0.681     0.000000            1         1.00
       1.093     0.100000        88152         1.11
       1.241     0.200000       176311         1.25
       1.387     0.300000       263994         1.43
       1.530     0.400000       351635         1.67
       1.662     0.500000       439672         2.00
       1.728     0.550000       483713         2.22
       1.794     0.600000       527646         2.50
       1.861     0.650000       571328         2.86
       1.931     0.700000       615227         3.33
       2.011     0.750000       659436         4.00
       2.059     0.775000       681587         4.44
       2.115     0.800000       703549         5.00
       2.181     0.825000       725144         5.71
       2.261     0.850000       747302         6.67
       2.353     0.875000       768971         8.00
       2.409     0.887500       780232         8.89
       2.469     0.900000       791025        10.00
       2.539     0.912500       802071        11.43
       2.615     0.925000       812904        13.33
       2.699     0.937500       823877        16.00
       2.743     0.943750       829316        17.78
       2.789     0.950000       834932        20.00
       2.835     0.956250       840342        22.86
       2.885     0.962500       845795        26.67
       2.941     0.968750       851364        32.00
       2.971     0.971875       854043        35.56
       3.009     0.975000       856874        40.00
       3.051     0.978125       859595        45.71
       3.105     0.981250       862328        53.33
       3.169     0.984375       865035        64.00
       3.207     0.985938       866394        71.11
       3.247     0.987500       867818        80.00
       3.291     0.989062       869155        91.43
       3.343     0.990625       870546       106.67
       3.409     0.992188       871871       128.00
       3.451     0.992969       872581       142.22
       3.501     0.993750       873265       160.00
       3.561     0.994531       873945       182.86
       3.641     0.995313       874629       213.33
       3.743     0.996094       875306       256.00
       3.801     0.996484       875653       284.44
       3.871     0.996875       875990       320.00
       3.961     0.997266       876334       365.71
       4.089     0.997656       876677       426.67
       4.243     0.998047       877024       512.00
       4.359     0.998242       877195       568.89
       4.479     0.998437       877364       640.00
       4.603     0.998633       877536       731.43
       4.803     0.998828       877710       853.33
       5.151     0.999023       877879      1024.00
       5.395     0.999121       877964      1137.78
       5.683     0.999219       878051      1280.00
       6.215     0.999316       878136      1462.86
       7.171     0.999414       878223      1706.67
       8.751     0.999512       878307      2048.00
       9.703     0.999561       878350      2275.56
      11.175     0.999609       878393      2560.00
      13.575     0.999658       878436      2925.71
      16.007     0.999707       878479      3413.33
      18.495     0.999756       878522      4096.00
      19.743     0.999780       878544      4551.11
      20.831     0.999805       878565      5120.00
      21.679     0.999829       878586      5851.43
      22.623     0.999854       878609      6826.67
      24.063     0.999878       878629      8192.00
      24.735     0.999890       878640      9102.22
      25.695     0.999902       878651     10240.00
      26.335     0.999915       878661     11702.86
      27.135     0.999927       878672     13653.33
      27.919     0.999939       878683     16384.00
      28.287     0.999945       878688     18204.44
      28.815     0.999951       878694     20480.00
      29.231     0.999957       878699     23405.71
      29.535     0.999963       878704     27306.67
      29.967     0.999969       878710     32768.00
      30.383     0.999973       878712     36408.89
      30.767     0.999976       878715     40960.00
      30.975     0.999979       878718     46811.43
      31.535     0.999982       878720     54613.33
      32.447     0.999985       878724     65536.00
      32.447     0.999986       878724     72817.78
      33.023     0.999988       878726     81920.00
      33.087     0.999989       878727     93622.86
      33.311     0.999991       878728    109226.67
      33.887     0.999992       878730    131072.00
      33.887     0.999993       878730    145635.56
      34.079     0.999994       878731    163840.00
      34.175     0.999995       878732    187245.71
      34.175     0.999995       878732    218453.33
      34.335     0.999996       878733    262144.00
      34.335     0.999997       878733    291271.11
      35.263     0.999997       878734    327680.00
      35.263     0.999997       878734    374491.43
      35.263     0.999998       878734    436906.67
      35.711     0.999998       878735    524288.00
      35.711     0.999998       878735    582542.22
      35.711     0.999998       878735    655360.00
      35.711     0.999999       878735    748982.86
      35.711     0.999999       878735    873813.33
      36.735     0.999999       878736   1048576.00
      36.735     1.000000       878736          inf
#[Mean    =        1.737, StdDeviation   =        0.685]
#[Max     =       36.704, Total count    =       878736]
#[Buckets =           27, SubBuckets     =         2048]
----------------------------------------------------------
  959437 requests in 2.00m, 8.24GB read
Requests/sec:   7995.22
Transfer/sec:     70.29MB
