Running 2m test @ http://localhost:9001/api/v1/users
  4 threads and 128 connections
  Thread calibration: mean lat.: 2.197ms, rate sampling interval: 10ms
  Thread calibration: mean lat.: 2.192ms, rate sampling interval: 10ms
  Thread calibration: mean lat.: 2.189ms, rate sampling interval: 10ms
  Thread calibration: mean lat.: 2.194ms, rate sampling interval: 10ms
  Thread Stats   Avg      Stdev     Max   +/- Stdev
    Latency     2.21ms  572.24us  19.95ms   73.53%
    Req/Sec   472.84    100.77     1.11k    74.83%
  Latency Distribution (HdrHistogram - Recorded Latency)
 50.000%    2.19ms
 75.000%    2.53ms
 90.000%    2.85ms
 99.000%    3.68ms
 99.900%    5.20ms
 99.990%   15.04ms
 99.999%   18.50ms
100.000%   19.97ms

  Detailed Percentile spectrum:
       Value   Percentile   TotalCount 1/(1-Percentile)

       0.993     0.000000            2         1.00
       1.536     0.100000        19793         1.11
       1.751     0.200000        39594         1.25
       1.917     0.300000        59374         1.43
       2.061     0.400000        79232         1.67
       2.191     0.500000        99111         2.00
       2.253     0.550000       108912         2.22
       2.315     0.600000       118681         2.50
       2.381     0.650000       128755         2.86
       2.449     0.700000       138492         3.33
       2.525     0.750000       148434         4.00
       2.567     0.775000       153324         4.44
       2.611     0.800000       158221         5.00
       2.661     0.825000       163279         5.71
       2.713     0.850000       168078         6.67
       2.777     0.875000       173122         8.00
       2.811     0.887500       175534         8.89
       2.849     0.900000       177967        10.00
       2.895     0.912500       180519        11.43
       2.945     0.925000       182969        13.33
       3.003     0.937500       185383        16.00
       3.037     0.943750       186639        17.78
       3.075     0.950000       187838        20.00
       3.119     0.956250       189111        22.86
       3.169     0.962500       190310        26.67
       3.233     0.968750       191551        32.00
       3.271     0.971875       192165        35.56
       3.313     0.975000       192790        40.00
       3.361     0.978125       193402        45.71
       3.417     0.981250       194026        53.33
       3.485     0.984375       194640        64.00
       3.529     0.985938       194942        71.11
       3.579     0.987500       195246        80.00
       3.639     0.989062       195561        91.43
       3.713     0.990625       195873       106.67
       3.795     0.992188       196182       128.00
       3.845     0.992969       196327       142.22
       3.919     0.993750       196483       160.00
       3.987     0.994531       196636       182.86
       4.075     0.995313       196798       213.33
       4.183     0.996094       196948       256.00
       4.247     0.996484       197025       284.44
       4.315     0.996875       197102       320.00
       4.407     0.997266       197178       365.71
       4.495     0.997656       197258       426.67
       4.619     0.998047       197332       512.00
       4.727     0.998242       197370       568.89
       4.811     0.998437       197409       640.00
       4.927     0.998633       197448       731.43
       5.047     0.998828       197486       853.33
       5.219     0.999023       197524      1024.00
       5.391     0.999121       197544      1137.78
       5.499     0.999219       197563      1280.00
       5.667     0.999316       197583      1462.86
       6.087     0.999414       197602      1706.67
       6.591     0.999512       197621      2048.00
       7.099     0.999561       197631      2275.56
       7.791     0.999609       197640      2560.00
       9.079     0.999658       197650      2925.71
       9.791     0.999707       197661      3413.33
      10.727     0.999756       197669      4096.00
      10.975     0.999780       197674      4551.11
      11.623     0.999805       197679      5120.00
      12.647     0.999829       197684      5851.43
      13.911     0.999854       197689      6826.67
      14.207     0.999878       197693      8192.00
      14.895     0.999890       197696      9102.22
      15.119     0.999902       197698     10240.00
      15.231     0.999915       197701     11702.86
      15.575     0.999927       197703     13653.33
      15.975     0.999939       197705     16384.00
      16.207     0.999945       197707     18204.44
      16.543     0.999951       197708     20480.00
      16.831     0.999957       197709     23405.71
      16.895     0.999963       197710     27306.67
      17.983     0.999969       197711     32768.00
      18.255     0.999973       197712     36408.89
      18.399     0.999976       197713     40960.00
      18.399     0.999979       197713     46811.43
      18.495     0.999982       197715     54613.33
      18.495     0.999985       197715     65536.00
      18.495     0.999986       197715     72817.78
      18.495     0.999988       197715     81920.00
      18.495     0.999989       197715     93622.86
      18.591     0.999991       197716    109226.67
      18.591     0.999992       197716    131072.00
      18.591     0.999993       197716    145635.56
      18.591     0.999994       197716    163840.00
      18.591     0.999995       197716    187245.71
      19.967     0.999995       197717    218453.33
      19.967     1.000000       197717          inf
#[Mean    =        2.208, StdDeviation   =        0.572]
#[Max     =       19.952, Total count    =       197717]
#[Buckets =           27, SubBuckets     =         2048]
----------------------------------------------------------
  215924 requests in 2.00m, 1.89GB read
Requests/sec:   1799.35
Transfer/sec:     16.15MB
