Running 2m test @ http://localhost:9003/api/v1/users
  4 threads and 128 connections
  Thread calibration: mean lat.: 1.922ms, rate sampling interval: 10ms
  Thread calibration: mean lat.: 1.917ms, rate sampling interval: 10ms
  Thread calibration: mean lat.: 1.918ms, rate sampling interval: 10ms
  Thread calibration: mean lat.: 1.917ms, rate sampling interval: 10ms
  Thread Stats   Avg      Stdev     Max   +/- Stdev
    Latency     1.79ms    1.06ms  45.18ms   94.22%
    Req/Sec     2.64k   252.50     5.33k    81.85%
  Latency Distribution (HdrHistogram - Recorded Latency)
 50.000%    1.65ms
 75.000%    2.11ms
 90.000%    2.59ms
 99.000%    4.05ms
 99.900%   16.38ms
 99.990%   34.85ms
 99.999%   42.40ms
100.000%   45.22ms

  Detailed Percentile spectrum:
       Value   Percentile   TotalCount 1/(1-Percentile)

       0.540     0.000000            1         1.00
       1.042     0.100000       110099         1.11
       1.221     0.200000       219906         1.25
       1.370     0.300000       329704         1.43
       1.509     0.400000       439668         1.67
       1.651     0.500000       549450         2.00
       1.726     0.550000       604167         2.22
       1.807     0.600000       659263         2.50
       1.896     0.650000       714058         2.86
       1.998     0.700000       769262         3.33
       2.113     0.750000       824157         4.00
       2.177     0.775000       851510         4.44
       2.247     0.800000       879471         5.00
       2.321     0.825000       906610         5.71
       2.401     0.850000       933936         6.67
       2.489     0.875000       961493         8.00
       2.537     0.887500       975197         8.89
       2.589     0.900000       988978        10.00
       2.643     0.912500      1002347        11.43
       2.707     0.925000      1016335        13.33
       2.779     0.937500      1029799        16.00
       2.823     0.943750      1036867        17.78
       2.871     0.950000      1043479        20.00
       2.929     0.956250      1050373        22.86
       2.999     0.962500      1057385        26.67
       3.081     0.968750      1064188        32.00
       3.135     0.971875      1067601        35.56
       3.193     0.975000      1070960        40.00
       3.267     0.978125      1074397        45.71
       3.365     0.981250      1077843        53.33
       3.503     0.984375      1081243        64.00
       3.597     0.985938      1082957        71.11
       3.725     0.987500      1084679        80.00
       3.897     0.989062      1086391        91.43
       4.159     0.990625      1088112       106.67
       4.555     0.992188      1089816       128.00
       4.803     0.992969      1090674       142.22
       5.091     0.993750      1091533       160.00
       5.411     0.994531      1092390       182.86
       5.787     0.995313      1093253       213.33
       6.231     0.996094      1094113       256.00
       6.471     0.996484      1094535       284.44
       6.799     0.996875      1094971       320.00
       7.159     0.997266      1095393       365.71
       7.567     0.997656      1095823       426.67
       8.231     0.998047      1096255       512.00
       8.735     0.998242      1096466       568.89
       9.647     0.998437      1096681       640.00
      11.055     0.998633      1096894       731.43
      13.783     0.998828      1097108       853.33
      16.719     0.999023      1097324      1024.00
      18.287     0.999121      1097431      1137.78
      19.711     0.999219      1097538      1280.00
      21.183     0.999316      1097645      1462.86
      22.543     0.999414      1097752      1706.67
      24.111     0.999512      1097860      2048.00
      25.167     0.999561      1097913      2275.56
      26.191     0.999609      1097966      2560.00
      27.039     0.999658      1098020      2925.71
      27.951     0.999707      1098075      3413.33
      28.799     0.999756      1098127      4096.00
      29.231     0.999780      1098154      4551.11
      30.223     0.999805      1098181      5120.00
      31.103     0.999829      1098208      5851.43
      32.351     0.999854      1098235      6826.67
      33.823     0.999878      1098261      8192.00
      34.367     0.999890      1098275      9102.22
      34.879     0.999902      1098288     10240.00
      35.551     0.999915      1098306     11702.86
      36.287     0.999927      1098315     13653.33
      37.087     0.999939      1098328     16384.00
      37.599     0.999945      1098335     18204.44
      38.303     0.999951      1098342     20480.00
      38.911     0.999957      1098349     23405.71
      39.519     0.999963      1098355     27306.67
      39.935     0.999969      1098362     32768.00
      40.351     0.999973      1098365     36408.89
      40.479     0.999976      1098369     40960.00
      40.767     0.999979      1098372     46811.43
      41.055     0.999982      1098375     54613.33
      41.567     0.999985      1098379     65536.00
      41.599     0.999986      1098380     72817.78
      41.855     0.999988      1098382     81920.00
      42.399     0.999989      1098384     93622.86
      42.495     0.999991      1098385    109226.67
      42.655     0.999992      1098387    131072.00
      42.719     0.999993      1098388    145635.56
      43.423     0.999994      1098389    163840.00
      43.455     0.999995      1098390    187245.71
      43.455     0.999995      1098390    218453.33
      43.519     0.999996      1098391    262144.00
      44.127     0.999997      1098392    291271.11
      44.127     0.999997      1098392    327680.00
      44.767     0.999997      1098393    374491.43
      44.767     0.999998      1098393    436906.67
      44.767     0.999998      1098393    524288.00
      45.183     0.999998      1098394    582542.22
      45.183     0.999998      1098394    655360.00
      45.183     0.999999      1098394    748982.86
      45.183     0.999999      1098394    873813.33
      45.183     0.999999      1098394   1048576.00
      45.215     0.999999      1098395   1165084.44
      45.215     1.000000      1098395          inf
#[Mean    =        1.793, StdDeviation   =        1.063]
#[Max     =       45.184, Total count    =      1098395]
#[Buckets =           27, SubBuckets     =         2048]
----------------------------------------------------------
  1199266 requests in 2.00m, 10.30GB read
Requests/sec:   9993.88
Transfer/sec:     87.86MB
