Running 2m test @ http://localhost:9000/api/v1/user?id=1
  4 threads and 128 connections
  Thread calibration: mean lat.: 0.841ms, rate sampling interval: 10ms
  Thread calibration: mean lat.: 0.817ms, rate sampling interval: 10ms
  Thread calibration: mean lat.: 0.830ms, rate sampling interval: 10ms
  Thread calibration: mean lat.: 1.039ms, rate sampling interval: 10ms
  Thread Stats   Avg      Stdev     Max   +/- Stdev
    Latency     0.89ms  503.04us  26.82ms   73.71%
    Req/Sec     6.55k   524.72    19.80k    76.09%
  Latency Distribution (HdrHistogram - Recorded Latency)
 50.000%    0.87ms
 75.000%    1.20ms
 90.000%    1.43ms
 99.000%    1.89ms
 99.900%    2.33ms
 99.990%   16.51ms
 99.999%   23.81ms
100.000%   26.83ms

  Detailed Percentile spectrum:
       Value   Percentile   TotalCount 1/(1-Percentile)

       0.076     0.000000            2         1.00
       0.316     0.100000       275698         1.11
       0.465     0.200000       549848         1.25
       0.606     0.300000       823925         1.43
       0.741     0.400000      1099604         1.67
       0.873     0.500000      1374447         2.00
       0.937     0.550000      1510827         2.22
       1.002     0.600000      1649623         2.50
       1.066     0.650000      1786804         2.86
       1.131     0.700000      1923862         3.33
       1.197     0.750000      2059521         4.00
       1.232     0.775000      2129511         4.44
       1.267     0.800000      2198189         5.00
       1.303     0.825000      2267270         5.71
       1.340     0.850000      2335783         6.67
       1.380     0.875000      2403017         8.00
       1.403     0.887500      2437366         8.89
       1.430     0.900000      2472539        10.00
       1.460     0.912500      2506665        11.43
       1.495     0.925000      2540659        13.33
       1.536     0.937500      2574791        16.00
       1.559     0.943750      2591762        17.78
       1.585     0.950000      2609070        20.00
       1.613     0.956250      2625927        22.86
       1.645     0.962500      2643295        26.67
       1.682     0.968750      2660372        32.00
       1.704     0.971875      2669135        35.56
       1.727     0.975000      2677559        40.00
       1.753     0.978125      2686101        45.71
       1.782     0.981250      2694619        53.33
       1.815     0.984375      2703117        64.00
       1.834     0.985938      2707415        71.11
       1.855     0.987500      2711757        80.00
       1.878     0.989062      2716072        91.43
       1.903     0.990625      2720285       106.67
       1.933     0.992188      2724634       128.00
       1.950     0.992969      2726757       142.22
       1.968     0.993750      2728843       160.00
       1.989     0.994531      2730997       182.86
       2.013     0.995313      2733158       213.33
       2.041     0.996094      2735262       256.00
       2.059     0.996484      2736410       284.44
       2.077     0.996875      2737460       320.00
       2.097     0.997266      2738497       365.71
       2.121     0.997656      2739545       426.67
       2.151     0.998047      2740630       512.00
       2.171     0.998242      2741195       568.89
       2.193     0.998437      2741715       640.00
       2.219     0.998633      2742230       731.43
       2.259     0.998828      2742773       853.33
       2.351     0.999023      2743302      1024.00
       2.497     0.999121      2743564      1137.78
       2.809     0.999219      2743833      1280.00
       3.347     0.999316      2744100      1462.86
       3.921     0.999414      2744369      1706.67
       4.639     0.999512      2744640      2048.00
       5.199     0.999561      2744771      2275.56
       6.431     0.999609      2744905      2560.00
       7.515     0.999658      2745039      2925.71
       8.999     0.999707      2745173      3413.33
      10.895     0.999756      2745307      4096.00
      11.479     0.999780      2745374      4551.11
      12.095     0.999805      2745442      5120.00
      12.735     0.999829      2745510      5851.43
      13.527     0.999854      2745576      6826.67
      15.119     0.999878      2745643      8192.00
      15.863     0.999890      2745676      9102.22
      16.735     0.999902      2745709     10240.00
      17.775     0.999915      2745743     11702.86
      19.039     0.999927      2745776     13653.33
      19.679     0.999939      2745812     16384.00
      20.191     0.999945      2745827     18204.44
      20.815     0.999951      2745844     20480.00
      21.151     0.999957      2745860     23405.71
      21.615     0.999963      2745877     27306.67
      22.511     0.999969      2745894     32768.00
      22.751     0.999973      2745902     36408.89
      23.007     0.999976      2745911     40960.00
      23.183     0.999979      2745919     46811.43
      23.327     0.999982      2745928     54613.33
      23.423     0.999985      2745936     65536.00
      23.583     0.999986      2745940     72817.78
      23.679     0.999988      2745944     81920.00
      23.759     0.999989      2745948     93622.86
      23.839     0.999991      2745953    109226.67
      23.919     0.999992      2745957    131072.00
      23.967     0.999993      2745959    145635.56
      24.255     0.999994      2745961    163840.00
      24.399     0.999995      2745963    187245.71
      24.511     0.999995      2745965    218453.33
      24.559     0.999996      2745967    262144.00
      24.623     0.999997      2745968    291271.11
      24.671     0.999997      2745969    327680.00
      24.703     0.999997      2745970    374491.43
      24.719     0.999998      2745971    436906.67
      24.735     0.999998      2745972    524288.00
      25.071     0.999998      2745973    582542.22
      25.071     0.999998      2745973    655360.00
      25.087     0.999999      2745974    748982.86
      25.087     0.999999      2745974    873813.33
      25.215     0.999999      2745975   1048576.00
      25.215     0.999999      2745975   1165084.44
      25.215     0.999999      2745975   1310720.00
      25.279     0.999999      2745976   1497965.71
      25.279     0.999999      2745976   1747626.67
      25.279     1.000000      2745976   2097152.00
      25.279     1.000000      2745976   2330168.89
      25.279     1.000000      2745976   2621440.00
      26.831     1.000000      2745977   2995931.43
      26.831     1.000000      2745977          inf
#[Mean    =        0.887, StdDeviation   =        0.503]
#[Max     =       26.816, Total count    =      2745977]
#[Buckets =           27, SubBuckets     =         2048]
----------------------------------------------------------
  2992322 requests in 2.00m, 356.71MB read
Requests/sec:  24935.96
Transfer/sec:      2.97MB
