Running 2m test @ http://localhost:9002/api/v1/user?id=1
  4 threads and 128 connections
  Thread calibration: mean lat.: 0.893ms, rate sampling interval: 10ms
  Thread calibration: mean lat.: 0.904ms, rate sampling interval: 10ms
  Thread calibration: mean lat.: 0.906ms, rate sampling interval: 10ms
  Thread calibration: mean lat.: 1.307ms, rate sampling interval: 10ms
  Thread Stats   Avg      Stdev     Max   +/- Stdev
    Latency     0.99ms  512.60us  15.79ms   69.95%
    Req/Sec     1.58k   798.12     3.56k    76.27%
  Latency Distribution (HdrHistogram - Recorded Latency)
 50.000%    0.96ms
 75.000%    1.30ms
 90.000%    1.64ms
 99.000%    2.08ms
 99.900%    4.73ms
 99.990%   10.38ms
 99.999%   11.63ms
100.000%   15.80ms

  Detailed Percentile spectrum:
       Value   Percentile   TotalCount 1/(1-Percentile)

       0.116     0.000000            1         1.00
       0.381     0.100000        66066         1.11
       0.543     0.200000       131946         1.25
       0.692     0.300000       197962         1.43
       0.826     0.400000       263785         1.67
       0.956     0.500000       329794         2.00
       1.023     0.550000       362981         2.22
       1.090     0.600000       395895         2.50
       1.156     0.650000       428425         2.86
       1.225     0.700000       461520         3.33
       1.298     0.750000       494606         4.00
       1.335     0.775000       510917         4.44
       1.376     0.800000       527625         5.00
       1.425     0.825000       543911         5.71
       1.487     0.850000       560214         6.67
       1.560     0.875000       576698         8.00
       1.601     0.887500       585055         8.89
       1.644     0.900000       593255        10.00
       1.688     0.912500       601377        11.43
       1.733     0.925000       609658        13.33
       1.778     0.937500       617874        16.00
       1.803     0.943750       622032        17.78
       1.828     0.950000       626206        20.00
       1.853     0.956250       630214        22.86
       1.881     0.962500       634413        26.67
       1.912     0.968750       638590        32.00
       1.928     0.971875       640574        35.56
       1.945     0.975000       642600        40.00
       1.964     0.978125       644624        45.71
       1.987     0.981250       646717        53.33
       2.013     0.984375       648794        64.00
       2.028     0.985938       649807        71.11
       2.046     0.987500       650814        80.00
       2.067     0.989062       651837        91.43
       2.093     0.990625       652894       106.67
       2.125     0.992188       653897       128.00
       2.145     0.992969       654425       142.22
       2.167     0.993750       654947       160.00
       2.195     0.994531       655476       182.86
       2.225     0.995313       655986       213.33
       2.261     0.996094       656467       256.00
       2.285     0.996484       656732       284.44
       2.311     0.996875       656996       320.00
       2.339     0.997266       657237       365.71
       2.383     0.997656       657496       426.67
       2.439     0.998047       657756       512.00
       2.477     0.998242       657882       568.89
       2.537     0.998437       658012       640.00
       2.791     0.998633       658139       731.43
       3.563     0.998828       658267       853.33
       4.867     0.999023       658397      1024.00
       5.395     0.999121       658460      1137.78
       5.687     0.999219       658526      1280.00
       6.135     0.999316       658589      1462.86
       6.723     0.999414       658653      1706.67
       7.239     0.999512       658718      2048.00
       7.439     0.999561       658750      2275.56
       7.727     0.999609       658783      2560.00
       7.999     0.999658       658814      2925.71
       8.335     0.999707       658847      3413.33
       8.895     0.999756       658879      4096.00
       9.103     0.999780       658895      4551.11
       9.375     0.999805       658911      5120.00
       9.599     0.999829       658927      5851.43
       9.895     0.999854       658943      6826.67
      10.207     0.999878       658959      8192.00
      10.327     0.999890       658967      9102.22
      10.407     0.999902       658977     10240.00
      10.527     0.999915       658983     11702.86
      10.583     0.999927       658991     13653.33
      10.711     0.999939       658999     16384.00
      10.743     0.999945       659003     18204.44
      10.847     0.999951       659007     20480.00
      10.903     0.999957       659011     23405.71
      10.951     0.999963       659016     27306.67
      10.991     0.999969       659019     32768.00
      11.055     0.999973       659021     36408.89
      11.167     0.999976       659023     40960.00
      11.191     0.999979       659025     46811.43
      11.335     0.999982       659027     54613.33
      11.367     0.999985       659029     65536.00
      11.447     0.999986       659030     72817.78
      11.591     0.999988       659031     81920.00
      11.631     0.999989       659032     93622.86
      11.711     0.999991       659033    109226.67
      11.735     0.999992       659034    131072.00
      11.959     0.999993       659035    145635.56
      11.959     0.999994       659035    163840.00
      12.287     0.999995       659036    187245.71
      12.287     0.999995       659036    218453.33
      12.311     0.999996       659037    262144.00
      12.311     0.999997       659037    291271.11
      12.311     0.999997       659037    327680.00
      13.847     0.999997       659038    374491.43
      13.847     0.999998       659038    436906.67
      13.847     0.999998       659038    524288.00
      13.847     0.999998       659038    582542.22
      13.847     0.999998       659038    655360.00
      15.799     0.999999       659039    748982.86
      15.799     1.000000       659039          inf
#[Mean    =        0.990, StdDeviation   =        0.513]
#[Max     =       15.792, Total count    =       659039]
#[Buckets =           27, SubBuckets     =         2048]
----------------------------------------------------------
  718215 requests in 2.00m, 78.77MB read
Requests/sec:   5985.09
Transfer/sec:    672.15KB
