Running 2m test @ http://localhost:9003/api/v1/user?id=1
  4 threads and 128 connections
  Thread calibration: mean lat.: 0.960ms, rate sampling interval: 10ms
  Thread calibration: mean lat.: 0.965ms, rate sampling interval: 10ms
  Thread calibration: mean lat.: 0.968ms, rate sampling interval: 10ms
  Thread calibration: mean lat.: 0.973ms, rate sampling interval: 10ms
  Thread Stats   Avg      Stdev     Max   +/- Stdev
    Latency     0.96ms  646.48us  36.93ms   88.25%
    Req/Sec     3.14k   215.89    12.00k    82.21%
  Latency Distribution (HdrHistogram - Recorded Latency)
 50.000%    0.94ms
 75.000%    1.26ms
 90.000%    1.49ms
 99.000%    1.96ms
 99.900%    8.11ms
 99.990%   26.24ms
 99.999%   34.88ms
100.000%   36.96ms

  Detailed Percentile spectrum:
       Value   Percentile   TotalCount 1/(1-Percentile)

       0.117     0.000000            2         1.00
       0.383     0.100000       131991         1.11
       0.535     0.200000       263852         1.25
       0.675     0.300000       396152         1.43
       0.807     0.400000       528128         1.67
       0.935     0.500000       659562         2.00
       1.000     0.550000       725910         2.22
       1.063     0.600000       791250         2.50
       1.126     0.650000       857010         2.86
       1.191     0.700000       922713         3.33
       1.258     0.750000       989349         4.00
       1.292     0.775000      1022221         4.44
       1.326     0.800000      1055105         5.00
       1.361     0.825000      1087889         5.71
       1.397     0.850000      1120532         6.67
       1.438     0.875000      1153328         8.00
       1.462     0.887500      1170231         8.89
       1.488     0.900000      1186580        10.00
       1.518     0.912500      1203167        11.43
       1.551     0.925000      1219272        13.33
       1.591     0.937500      1236012        16.00
       1.613     0.943750      1244050        17.78
       1.638     0.950000      1252362        20.00
       1.665     0.956250      1260582        22.86
       1.697     0.962500      1268842        26.67
       1.734     0.968750      1277067        32.00
       1.755     0.971875      1281150        35.56
       1.778     0.975000      1285156        40.00
       1.804     0.978125      1289284        45.71
       1.835     0.981250      1293450        53.33
       1.870     0.984375      1297562        64.00
       1.890     0.985938      1299569        71.11
       1.912     0.987500      1301640        80.00
       1.939     0.989062      1303739        91.43
       1.970     0.990625      1305748       106.67
       2.006     0.992188      1307838       128.00
       2.027     0.992969      1308841       142.22
       2.051     0.993750      1309865       160.00
       2.083     0.994531      1310940       182.86
       2.123     0.995313      1311944       213.33
       2.185     0.996094      1312937       256.00
       2.235     0.996484      1313462       284.44
       2.361     0.996875      1313969       320.00
       2.903     0.997266      1314482       365.71
       3.973     0.997656      1314996       426.67
       5.171     0.998047      1315511       512.00
       5.803     0.998242      1315769       568.89
       6.407     0.998437      1316028       640.00
       6.955     0.998633      1316283       731.43
       7.523     0.998828      1316542       853.33
       8.183     0.999023      1316798      1024.00
       8.543     0.999121      1316928      1137.78
       8.919     0.999219      1317056      1280.00
       9.319     0.999316      1317184      1462.86
       9.783     0.999414      1317313      1706.67
      10.311     0.999512      1317442      2048.00
      10.647     0.999561      1317506      2275.56
      11.119     0.999609      1317577      2560.00
      11.463     0.999658      1317636      2925.71
      12.135     0.999707      1317699      3413.33
      13.927     0.999756      1317764      4096.00
      15.911     0.999780      1317796      4551.11
      17.631     0.999805      1317828      5120.00
      19.375     0.999829      1317860      5851.43
      22.255     0.999854      1317892      6826.67
      24.703     0.999878      1317925      8192.00
      25.855     0.999890      1317943      9102.22
      26.431     0.999902      1317957     10240.00
      27.151     0.999915      1317973     11702.86
      28.239     0.999927      1317989     13653.33
      29.567     0.999939      1318005     16384.00
      30.383     0.999945      1318013     18204.44
      31.183     0.999951      1318021     20480.00
      31.663     0.999957      1318029     23405.71
      32.031     0.999963      1318037     27306.67
      32.671     0.999969      1318045     32768.00
      33.151     0.999973      1318049     36408.89
      33.247     0.999976      1318053     40960.00
      33.823     0.999979      1318057     46811.43
      33.951     0.999982      1318061     54613.33
      34.207     0.999985      1318065     65536.00
      34.431     0.999986      1318067     72817.78
      34.623     0.999988      1318069     81920.00
      34.751     0.999989      1318071     93622.86
      34.879     0.999991      1318073    109226.67
      35.103     0.999992      1318075    131072.00
      35.231     0.999993      1318076    145635.56
      35.455     0.999994      1318077    163840.00
      35.551     0.999995      1318078    187245.71
      35.615     0.999995      1318079    218453.33
      35.647     0.999996      1318081    262144.00
      35.647     0.999997      1318081    291271.11
      35.647     0.999997      1318081    327680.00
      35.775     0.999997      1318082    374491.43
      35.775     0.999998      1318082    436906.67
      35.871     0.999998      1318083    524288.00
      35.871     0.999998      1318083    582542.22
      35.871     0.999998      1318083    655360.00
      36.639     0.999999      1318084    748982.86
      36.639     0.999999      1318084    873813.33
      36.639     0.999999      1318084   1048576.00
      36.639     0.999999      1318084   1165084.44
      36.639     0.999999      1318084   1310720.00
      36.959     0.999999      1318085   1497965.71
      36.959     1.000000      1318085          inf
#[Mean    =        0.961, StdDeviation   =        0.646]
#[Max     =       36.928, Total count    =      1318085]
#[Buckets =           27, SubBuckets     =         2048]
----------------------------------------------------------
  1439120 requests in 2.00m, 157.83MB read
Requests/sec:  11992.58
Transfer/sec:      1.32MB
