Running 2m test @ http://localhost:9003/api/v1/user?id=1
  4 threads and 128 connections
  Thread calibration: mean lat.: 0.865ms, rate sampling interval: 10ms
  Thread calibration: mean lat.: 0.877ms, rate sampling interval: 10ms
  Thread calibration: mean lat.: 0.863ms, rate sampling interval: 10ms
  Thread calibration: mean lat.: 0.863ms, rate sampling interval: 10ms
  Thread Stats   Avg      Stdev     Max   +/- Stdev
    Latency     0.86ms  447.00us  16.59ms   69.98%
    Req/Sec     1.33k   117.34     2.67k    72.36%
  Latency Distribution (HdrHistogram - Recorded Latency)
 50.000%    0.85ms
 75.000%    1.15ms
 90.000%    1.35ms
 99.000%    1.88ms
 99.900%    3.27ms
 99.990%    8.75ms
 99.999%   15.52ms
100.000%   16.61ms

  Detailed Percentile spectrum:
       Value   Percentile   TotalCount 1/(1-Percentile)

       0.113     0.000000            1         1.00
       0.309     0.100000        54934         1.11
       0.451     0.200000       110184         1.25
       0.596     0.300000       164999         1.43
       0.730     0.400000       219816         1.67
       0.852     0.500000       274692         2.00
       0.911     0.550000       302332         2.22
       0.970     0.600000       329914         2.50
       1.029     0.650000       357188         2.86
       1.087     0.700000       384704         3.33
       1.146     0.750000       411929         4.00
       1.176     0.775000       425822         4.44
       1.207     0.800000       439760         5.00
       1.240     0.825000       453404         5.71
       1.275     0.850000       467063         6.67
       1.311     0.875000       480676         8.00
       1.331     0.887500       487659         8.89
       1.354     0.900000       494539        10.00
       1.384     0.912500       501230        11.43
       1.429     0.925000       508142        13.33
       1.487     0.937500       514894        16.00
       1.523     0.943750       518356        17.78
       1.562     0.950000       521823        20.00
       1.603     0.956250       525224        22.86
       1.646     0.962500       528617        26.67
       1.690     0.968750       532040        32.00
       1.714     0.971875       533781        35.56
       1.739     0.975000       535514        40.00
       1.763     0.978125       537236        45.71
       1.789     0.981250       538952        53.33
       1.819     0.984375       540654        64.00
       1.834     0.985938       541544        71.11
       1.851     0.987500       542383        80.00
       1.868     0.989062       543226        91.43
       1.886     0.990625       544056       106.67
       1.909     0.992188       544936       128.00
       1.922     0.992969       545364       142.22
       1.936     0.993750       545780       160.00
       1.950     0.994531       546209       182.86
       1.967     0.995313       546634       213.33
       1.988     0.996094       547072       256.00
       1.999     0.996484       547291       284.44
       2.014     0.996875       547492       320.00
       2.029     0.997266       547702       365.71
       2.051     0.997656       547927       426.67
       2.075     0.998047       548144       512.00
       2.093     0.998242       548242       568.89
       2.113     0.998437       548345       640.00
       2.151     0.998633       548456       731.43
       2.513     0.998828       548557       853.33
       3.345     0.999023       548664      1024.00
       3.765     0.999121       548718      1137.78
       4.183     0.999219       548771      1280.00
       4.779     0.999316       548825      1462.86
       5.323     0.999414       548879      1706.67
       5.779     0.999512       548932      2048.00
       6.183     0.999561       548959      2275.56
       6.495     0.999609       548986      2560.00
       6.783     0.999658       549013      2925.71
       7.167     0.999707       549040      3413.33
       7.463     0.999756       549066      4096.00
       7.615     0.999780       549080      4551.11
       7.731     0.999805       549093      5120.00
       7.879     0.999829       549107      5851.43
       8.075     0.999854       549121      6826.67
       8.375     0.999878       549133      8192.00
       8.583     0.999890       549140      9102.22
       8.791     0.999902       549147     10240.00
       9.023     0.999915       549154     11702.86
       9.687     0.999927       549161     13653.33
      10.295     0.999939       549167     16384.00
      10.383     0.999945       549171     18204.44
      11.247     0.999951       549174     20480.00
      11.751     0.999957       549177     23405.71
      12.103     0.999963       549180     27306.67
      12.623     0.999969       549184     32768.00
      12.759     0.999973       549185     36408.89
      12.839     0.999976       549187     40960.00
      13.495     0.999979       549189     46811.43
      14.495     0.999982       549191     54613.33
      14.799     0.999985       549192     65536.00
      14.839     0.999986       549193     72817.78
      14.983     0.999988       549194     81920.00
      15.519     0.999989       549195     93622.86
      15.519     0.999991       549195    109226.67
      15.703     0.999992       549196    131072.00
      15.727     0.999993       549197    145635.56
      15.727     0.999994       549197    163840.00
      15.751     0.999995       549198    187245.71
      15.751     0.999995       549198    218453.33
      15.751     0.999996       549198    262144.00
      15.807     0.999997       549199    291271.11
      15.807     0.999997       549199    327680.00
      15.807     0.999997       549199    374491.43
      15.807     0.999998       549199    436906.67
      15.807     0.999998       549199    524288.00
      16.607     0.999998       549200    582542.22
      16.607     1.000000       549200          inf
#[Mean    =        0.860, StdDeviation   =        0.447]
#[Max     =       16.592, Total count    =       549200]
#[Buckets =           27, SubBuckets     =         2048]
----------------------------------------------------------
  599672 requests in 2.00m, 65.77MB read
Requests/sec:   4997.24
Transfer/sec:    561.21KB
