Running 5m test @ http://localhost:8080/api/v1/user?id=1
  4 threads and 32 connections
  Thread calibration: mean lat.: 0.887ms, rate sampling interval: 10ms
  Thread calibration: mean lat.: 0.906ms, rate sampling interval: 10ms
  Thread calibration: mean lat.: 0.865ms, rate sampling interval: 10ms
  Thread calibration: mean lat.: 0.850ms, rate sampling interval: 10ms
  Thread Stats   Avg      Stdev     Max   +/- Stdev
    Latency     0.88ms  449.14us  22.21ms   68.74%
    Req/Sec   265.81     75.61     0.89k    88.98%
  Latency Distribution (HdrHistogram - Recorded Latency)
 50.000%    0.88ms
 75.000%    1.13ms
 90.000%    1.46ms
 99.000%    1.85ms
 99.900%    2.07ms
 99.990%   11.28ms
 99.999%   22.03ms
100.000%   22.22ms

  Detailed Percentile spectrum:
       Value   Percentile   TotalCount 1/(1-Percentile)

       0.117     0.000000            1         1.00
       0.317     0.100000        29006         1.11
       0.478     0.200000        58013         1.25
       0.631     0.300000        87155         1.43
       0.767     0.400000       116019         1.67
       0.880     0.500000       145214         2.00
       0.930     0.550000       159693         2.22
       0.982     0.600000       174202         2.50
       1.037     0.650000       188612         2.86
       1.088     0.700000       203030         3.33
       1.134     0.750000       217493         4.00
       1.161     0.775000       224966         4.44
       1.189     0.800000       232008         5.00
       1.239     0.825000       239333         5.71
       1.305     0.850000       246511         6.67
       1.383     0.875000       253758         8.00
       1.424     0.887500       257379         8.89
       1.462     0.900000       260989        10.00
       1.502     0.912500       264633        11.43
       1.549     0.925000       268247        13.33
       1.598     0.937500       271905        16.00
       1.620     0.943750       273685        17.78
       1.643     0.950000       275493        20.00
       1.666     0.956250       277309        22.86
       1.688     0.962500       279126        26.67
       1.711     0.968750       280903        32.00
       1.723     0.971875       281828        35.56
       1.736     0.975000       282749        40.00
       1.751     0.978125       283657        45.71
       1.768     0.981250       284529        53.33
       1.790     0.984375       285451        64.00
       1.802     0.985938       285883        71.11
       1.817     0.987500       286346        80.00
       1.835     0.989062       286789        91.43
       1.854     0.990625       287243       106.67
       1.877     0.992188       287694       128.00
       1.890     0.992969       287927       142.22
       1.904     0.993750       288147       160.00
       1.920     0.994531       288378       182.86
       1.937     0.995313       288604       213.33
       1.955     0.996094       288831       256.00
       1.965     0.996484       288946       284.44
       1.977     0.996875       289055       320.00
       1.990     0.997266       289173       365.71
       2.003     0.997656       289281       426.67
       2.018     0.998047       289393       512.00
       2.028     0.998242       289454       568.89
       2.036     0.998437       289508       640.00
       2.049     0.998633       289571       731.43
       2.059     0.998828       289627       853.33
       2.071     0.999023       289680      1024.00
       2.079     0.999121       289713      1137.78
       2.087     0.999219       289737      1280.00
       2.099     0.999316       289765      1462.86
       2.109     0.999414       289790      1706.67
       2.133     0.999512       289818      2048.00
       2.141     0.999561       289832      2275.56
       2.159     0.999609       289847      2560.00
       2.179     0.999658       289860      2925.71
       2.223     0.999707       289875      3413.33
       2.285     0.999756       289889      4096.00
       2.369     0.999780       289896      4551.11
       2.611     0.999805       289903      5120.00
       4.151     0.999829       289910      5851.43
       5.623     0.999854       289917      6826.67
       9.031     0.999878       289924      8192.00
      10.703     0.999890       289928      9102.22
      11.783     0.999902       289931     10240.00
      11.983     0.999915       289935     11702.86
      15.551     0.999927       289938     13653.33
      16.415     0.999939       289942     16384.00
      16.735     0.999945       289944     18204.44
      17.359     0.999951       289945     20480.00
      17.647     0.999957       289947     23405.71
      18.127     0.999963       289950     27306.67
      18.159     0.999969       289952     32768.00
      18.159     0.999973       289952     36408.89
      18.159     0.999976       289952     40960.00
      20.559     0.999979       289953     46811.43
      20.751     0.999982       289954     54613.33
      21.999     0.999985       289955     65536.00
      22.031     0.999986       289956     72817.78
      22.031     0.999988       289956     81920.00
      22.031     0.999989       289956     93622.86
      22.095     0.999991       289957    109226.67
      22.095     0.999992       289957    131072.00
      22.175     0.999993       289958    145635.56
      22.175     0.999994       289958    163840.00
      22.175     0.999995       289958    187245.71
      22.175     0.999995       289958    218453.33
      22.175     0.999996       289958    262144.00
      22.223     0.999997       289959    291271.11
      22.223     1.000000       289959          inf
#[Mean    =        0.881, StdDeviation   =        0.449]
#[Max     =       22.208, Total count    =       289959]
#[Buckets =           27, SubBuckets     =         2048]
----------------------------------------------------------
  299999 requests in 5.00m, 32.90MB read
Requests/sec:    999.99
Transfer/sec:    112.30KB
