Running 2m test @ http://localhost:9002/api/v1/users
  4 threads and 128 connections
  Thread calibration: mean lat.: 1.500ms, rate sampling interval: 10ms
  Thread calibration: mean lat.: 1.522ms, rate sampling interval: 10ms
  Thread calibration: mean lat.: 1.461ms, rate sampling interval: 10ms
  Thread calibration: mean lat.: 1.498ms, rate sampling interval: 10ms
  Thread Stats   Avg      Stdev     Max   +/- Stdev
    Latency     1.50ms  444.51us  12.47ms   67.27%
    Req/Sec   525.07    111.32     1.20k    53.64%
  Latency Distribution (HdrHistogram - Recorded Latency)
 50.000%    1.47ms
 75.000%    1.78ms
 90.000%    2.11ms
 99.000%    2.58ms
 99.900%    3.09ms
 99.990%    4.75ms
 99.999%   12.34ms
100.000%   12.48ms

  Detailed Percentile spectrum:
       Value   Percentile   TotalCount 1/(1-Percentile)

       0.645     0.000000            1         1.00
       0.950     0.100000        22001         1.11
       1.103     0.200000        44045         1.25
       1.234     0.300000        65902         1.43
       1.353     0.400000        88056         1.67
       1.469     0.500000       109864         2.00
       1.529     0.550000       120828         2.22
       1.590     0.600000       131896         2.50
       1.651     0.650000       142916         2.86
       1.714     0.700000       153832         3.33
       1.781     0.750000       164790         4.00
       1.821     0.775000       170278         4.44
       1.864     0.800000       175745         5.00
       1.914     0.825000       181341         5.71
       1.971     0.850000       186785         6.67
       2.036     0.875000       192252         8.00
       2.073     0.887500       195070         8.89
       2.111     0.900000       197767        10.00
       2.153     0.912500       200564        11.43
       2.197     0.925000       203278        13.33
       2.243     0.937500       205952        16.00
       2.271     0.943750       207387        17.78
       2.301     0.950000       208749        20.00
       2.331     0.956250       210073        22.86
       2.365     0.962500       211517        26.67
       2.401     0.968750       212861        32.00
       2.419     0.971875       213512        35.56
       2.439     0.975000       214207        40.00
       2.461     0.978125       214908        45.71
       2.485     0.981250       215585        53.33
       2.513     0.984375       216272        64.00
       2.527     0.985938       216594        71.11
       2.545     0.987500       216938        80.00
       2.565     0.989062       217292        91.43
       2.585     0.990625       217621       106.67
       2.613     0.992188       217965       128.00
       2.629     0.992969       218147       142.22
       2.643     0.993750       218302       160.00
       2.665     0.994531       218473       182.86
       2.685     0.995313       218650       213.33
       2.709     0.996094       218820       256.00
       2.725     0.996484       218907       284.44
       2.743     0.996875       218988       320.00
       2.767     0.997266       219078       365.71
       2.791     0.997656       219162       426.67
       2.835     0.998047       219245       512.00
       2.857     0.998242       219291       568.89
       2.885     0.998437       219331       640.00
       2.939     0.998633       219375       731.43
       2.985     0.998828       219417       853.33
       3.099     0.999023       219458      1024.00
       3.173     0.999121       219480      1137.78
       3.245     0.999219       219501      1280.00
       3.305     0.999316       219522      1462.86
       3.391     0.999414       219544      1706.67
       3.485     0.999512       219566      2048.00
       3.523     0.999561       219576      2275.56
       3.581     0.999609       219587      2560.00
       3.629     0.999658       219597      2925.71
       3.689     0.999707       219608      3413.33
       3.795     0.999756       219619      4096.00
       3.837     0.999780       219624      4551.11
       3.933     0.999805       219630      5120.00
       3.981     0.999829       219635      5851.43
       4.045     0.999854       219640      6826.67
       4.335     0.999878       219646      8192.00
       4.579     0.999890       219648      9102.22
       4.755     0.999902       219651     10240.00
       7.563     0.999915       219654     11702.86
       7.703     0.999927       219656     13653.33
       8.551     0.999939       219659     16384.00
       9.255     0.999945       219660     18204.44
       9.295     0.999951       219662     20480.00
       9.631     0.999957       219663     23405.71
      10.183     0.999963       219664     27306.67
      10.863     0.999969       219666     32768.00
      10.863     0.999973       219666     36408.89
      10.959     0.999976       219667     40960.00
      11.191     0.999979       219668     46811.43
      11.191     0.999982       219668     54613.33
      11.807     0.999985       219669     65536.00
      11.807     0.999986       219669     72817.78
      12.343     0.999988       219670     81920.00
      12.343     0.999989       219670     93622.86
      12.343     0.999991       219670    109226.67
      12.479     0.999992       219672    131072.00
      12.479     1.000000       219672          inf
#[Mean    =        1.504, StdDeviation   =        0.445]
#[Max     =       12.472, Total count    =       219672]
#[Buckets =           27, SubBuckets     =         2048]
----------------------------------------------------------
  239904 requests in 2.00m, 2.06GB read
Requests/sec:   1999.16
Transfer/sec:     17.57MB
