Running 2m test @ http://localhost:9006/api/v1/user?id=1
  4 threads and 128 connections
  Thread calibration: mean lat.: 1.559ms, rate sampling interval: 10ms
  Thread calibration: mean lat.: 1.559ms, rate sampling interval: 10ms
  Thread calibration: mean lat.: 1.540ms, rate sampling interval: 10ms
  Thread calibration: mean lat.: 1.546ms, rate sampling interval: 10ms
  Thread Stats   Avg      Stdev     Max   +/- Stdev
    Latency     1.60ms    1.01ms  46.78ms   86.75%
    Req/Sec    13.17k     1.07k   21.78k    73.12%
  Latency Distribution (HdrHistogram - Recorded Latency)
 50.000%    1.46ms
 75.000%    1.97ms
 90.000%    2.50ms
 99.000%    4.51ms
 99.900%   11.56ms
 99.990%   29.07ms
 99.999%   39.39ms
100.000%   46.81ms

  Detailed Percentile spectrum:
       Value   Percentile   TotalCount 1/(1-Percentile)

       0.087     0.000000            1         1.00
       0.735     0.100000       549663         1.11
       0.955     0.200000      1100355         1.25
       1.132     0.300000      1650770         1.43
       1.295     0.400000      2199781         1.67
       1.460     0.500000      2747991         2.00
       1.547     0.550000      3022720         2.22
       1.639     0.600000      3295715         2.50
       1.739     0.650000      3571057         2.86
       1.848     0.700000      3846050         3.33
       1.969     0.750000      4119726         4.00
       2.035     0.775000      4256281         4.44
       2.107     0.800000      4394539         5.00
       2.187     0.825000      4533756         5.71
       2.275     0.850000      4670202         6.67
       2.377     0.875000      4806551         8.00
       2.435     0.887500      4874896         8.89
       2.501     0.900000      4944783        10.00
       2.573     0.912500      5012364        11.43
       2.659     0.925000      5081124        13.33
       2.763     0.937500      5149649        16.00
       2.825     0.943750      5183979        17.78
       2.897     0.950000      5217986        20.00
       2.981     0.956250      5251743        22.86
       3.085     0.962500      5286322        26.67
       3.215     0.968750      5320513        32.00
       3.297     0.971875      5337645        35.56
       3.395     0.975000      5354731        40.00
       3.515     0.978125      5371991        45.71
       3.665     0.981250      5389022        53.33
       3.869     0.984375      5406212        64.00
       4.003     0.985938      5414744        71.11
       4.167     0.987500      5423309        80.00
       4.367     0.989062      5431959        91.43
       4.623     0.990625      5440544       106.67
       4.947     0.992188      5449068       128.00
       5.155     0.992969      5453401       142.22
       5.407     0.993750      5457630       160.00
       5.703     0.994531      5461930       182.86
       6.067     0.995313      5466216       213.33
       6.539     0.996094      5470503       256.00
       6.819     0.996484      5472658       284.44
       7.147     0.996875      5474798       320.00
       7.539     0.997266      5476953       365.71
       8.039     0.997656      5479088       426.67
       8.655     0.998047      5481247       512.00
       9.015     0.998242      5482313       568.89
       9.479     0.998437      5483374       640.00
      10.031     0.998633      5484448       731.43
      10.783     0.998828      5485530       853.33
      11.687     0.999023      5486591      1024.00
      12.303     0.999121      5487133      1137.78
      13.039     0.999219      5487665      1280.00
      13.975     0.999316      5488203      1462.86
      15.135     0.999414      5488737      1706.67
      16.543     0.999512      5489273      2048.00
      17.439     0.999561      5489544      2275.56
      18.431     0.999609      5489811      2560.00
      19.679     0.999658      5490078      2925.71
      20.943     0.999707      5490346      3413.33
      22.463     0.999756      5490618      4096.00
      23.311     0.999780      5490748      4551.11
      24.495     0.999805      5490881      5120.00
      25.535     0.999829      5491015      5851.43
      26.575     0.999854      5491150      6826.67
      27.919     0.999878      5491283      8192.00
      28.607     0.999890      5491353      9102.22
      29.215     0.999902      5491419     10240.00
      29.935     0.999915      5491485     11702.86
      30.655     0.999927      5491551     13653.33
      31.567     0.999939      5491618     16384.00
      32.207     0.999945      5491652     18204.44
      32.831     0.999951      5491685     20480.00
      33.375     0.999957      5491719     23405.71
      34.015     0.999963      5491754     27306.67
      34.751     0.999969      5491786     32768.00
      35.231     0.999973      5491803     36408.89
      35.775     0.999976      5491819     40960.00
      36.511     0.999979      5491838     46811.43
      37.279     0.999982      5491853     54613.33
      38.015     0.999985      5491870     65536.00
      38.367     0.999986      5491879     72817.78
      38.687     0.999988      5491886     81920.00
      39.135     0.999989      5491895     93622.86
      39.455     0.999991      5491903    109226.67
      40.063     0.999992      5491912    131072.00
      40.255     0.999993      5491916    145635.56
      40.447     0.999994      5491921    163840.00
      40.703     0.999995      5491924    187245.71
      41.183     0.999995      5491928    218453.33
      41.983     0.999996      5491933    262144.00
      42.367     0.999997      5491935    291271.11
      42.463     0.999997      5491937    327680.00
      42.815     0.999997      5491940    374491.43
      42.847     0.999998      5491941    436906.67
      42.943     0.999998      5491943    524288.00
      43.039     0.999998      5491944    582542.22
      43.423     0.999998      5491945    655360.00
      43.647     0.999999      5491946    748982.86
      43.743     0.999999      5491947    873813.33
      43.839     0.999999      5491948   1048576.00
      43.935     0.999999      5491949   1165084.44
      43.935     0.999999      5491949   1310720.00
      44.895     0.999999      5491950   1497965.71
      44.895     0.999999      5491950   1747626.67
      44.959     1.000000      5491951   2097152.00
      44.959     1.000000      5491951   2330168.89
      44.959     1.000000      5491951   2621440.00
      45.919     1.000000      5491952   2995931.43
      45.919     1.000000      5491952   3495253.33
      45.919     1.000000      5491952   4194304.00
      45.919     1.000000      5491952   4660337.78
      45.919     1.000000      5491952   5242880.00
      46.815     1.000000      5491953   5991862.86
      46.815     1.000000      5491953          inf
#[Mean    =        1.601, StdDeviation   =        1.014]
#[Max     =       46.784, Total count    =      5491953]
#[Buckets =           27, SubBuckets     =         2048]
----------------------------------------------------------
  5984532 requests in 2.00m, 713.41MB read
Requests/sec:  49871.19
Transfer/sec:      5.95MB
