Running 2m test @ http://localhost:9002/api/v1/users
  4 threads and 128 connections
  Thread calibration: mean lat.: 2.460ms, rate sampling interval: 10ms
  Thread calibration: mean lat.: 2.388ms, rate sampling interval: 10ms
  Thread calibration: mean lat.: 2.376ms, rate sampling interval: 10ms
  Thread calibration: mean lat.: 4.252ms, rate sampling interval: 11ms
  Thread Stats   Avg      Stdev     Max   +/- Stdev
    Latency     2.80ms    1.49ms  31.04ms   68.88%
    Req/Sec     2.11k   630.62     4.33k    74.09%
  Latency Distribution (HdrHistogram - Recorded Latency)
 50.000%    2.37ms
 75.000%    3.81ms
 90.000%    5.01ms
 99.000%    6.58ms
 99.900%    8.99ms
 99.990%   19.42ms
 99.999%   28.17ms
100.000%   31.06ms

  Detailed Percentile spectrum:
       Value   Percentile   TotalCount 1/(1-Percentile)

       0.682     0.000000            1         1.00
       1.228     0.100000        87873         1.11
       1.497     0.200000       176007         1.25
       1.733     0.300000       263759         1.43
       1.995     0.400000       351508         1.67
       2.365     0.500000       439522         2.00
       2.599     0.550000       483529         2.22
       2.847     0.600000       527547         2.50
       3.139     0.650000       571189         2.86
       3.469     0.700000       615201         3.33
       3.807     0.750000       659127         4.00
       3.981     0.775000       681024         4.44
       4.163     0.800000       703259         5.00
       4.351     0.825000       725230         5.71
       4.551     0.850000       747075         6.67
       4.771     0.875000       769222         8.00
       4.887     0.887500       780210         8.89
       5.007     0.900000       791163        10.00
       5.127     0.912500       801900        11.43
       5.255     0.925000       812869        13.33
       5.399     0.937500       823994        16.00
       5.479     0.943750       829490        17.78
       5.563     0.950000       834988        20.00
       5.651     0.956250       840328        22.86
       5.755     0.962500       845982        26.67
       5.867     0.968750       851305        32.00
       5.931     0.971875       854042        35.56
       6.003     0.975000       856789        40.00
       6.083     0.978125       859494        45.71
       6.175     0.981250       862303        53.33
       6.287     0.984375       865069        64.00
       6.351     0.985938       866373        71.11
       6.427     0.987500       867784        80.00
       6.515     0.989062       869161        91.43
       6.623     0.990625       870477       106.67
       6.763     0.992188       871862       128.00
       6.847     0.992969       872532       142.22
       6.951     0.993750       873218       160.00
       7.067     0.994531       873910       182.86
       7.223     0.995313       874594       213.33
       7.423     0.996094       875279       256.00
       7.543     0.996484       875621       284.44
       7.675     0.996875       875968       320.00
       7.823     0.997266       876311       365.71
       7.991     0.997656       876656       426.67
       8.179     0.998047       876997       512.00
       8.287     0.998242       877174       568.89
       8.447     0.998437       877343       640.00
       8.631     0.998633       877508       731.43
       8.815     0.998828       877685       853.33
       9.015     0.999023       877854      1024.00
       9.127     0.999121       877938      1137.78
       9.263     0.999219       878026      1280.00
       9.415     0.999316       878109      1462.86
       9.599     0.999414       878198      1706.67
       9.815     0.999512       878280      2048.00
      10.023     0.999561       878323      2275.56
      10.319     0.999609       878366      2560.00
      10.743     0.999658       878410      2925.71
      11.327     0.999707       878452      3413.33
      12.127     0.999756       878495      4096.00
      13.079     0.999780       878516      4551.11
      13.975     0.999805       878538      5120.00
      14.575     0.999829       878559      5851.43
      15.711     0.999854       878581      6826.67
      17.503     0.999878       878602      8192.00
      18.783     0.999890       878613      9102.22
      19.615     0.999902       878624     10240.00
      20.175     0.999915       878634     11702.86
      21.391     0.999927       878645     13653.33
      22.255     0.999939       878656     16384.00
      22.607     0.999945       878661     18204.44
      23.263     0.999951       878667     20480.00
      23.471     0.999957       878672     23405.71
      24.447     0.999963       878677     27306.67
      24.959     0.999969       878683     32768.00
      25.215     0.999973       878685     36408.89
      25.903     0.999976       878688     40960.00
      26.175     0.999979       878691     46811.43
      26.415     0.999982       878693     54613.33
      27.007     0.999985       878696     65536.00
      27.311     0.999986       878697     72817.78
      27.535     0.999988       878699     81920.00
      28.175     0.999989       878700     93622.86
      28.255     0.999991       878701    109226.67
      28.367     0.999992       878703    131072.00
      28.367     0.999993       878703    145635.56
      28.399     0.999994       878704    163840.00
      28.559     0.999995       878705    187245.71
      28.559     0.999995       878705    218453.33
      28.767     0.999996       878706    262144.00
      28.767     0.999997       878706    291271.11
      30.159     0.999997       878707    327680.00
      30.159     0.999997       878707    374491.43
      30.159     0.999998       878707    436906.67
      31.007     0.999998       878708    524288.00
      31.007     0.999998       878708    582542.22
      31.007     0.999998       878708    655360.00
      31.007     0.999999       878708    748982.86
      31.007     0.999999       878708    873813.33
      31.055     0.999999       878709   1048576.00
      31.055     1.000000       878709          inf
#[Mean    =        2.797, StdDeviation   =        1.487]
#[Max     =       31.040, Total count    =       878709]
#[Buckets =           27, SubBuckets     =         2048]
----------------------------------------------------------
  957582 requests in 2.00m, 8.22GB read
Requests/sec:   7979.20
Transfer/sec:     70.14MB
