Running 2m test @ http://localhost:9000/api/v1/users
  4 threads and 128 connections
  Thread calibration: mean lat.: 1.877ms, rate sampling interval: 10ms
  Thread calibration: mean lat.: 3.894ms, rate sampling interval: 10ms
  Thread calibration: mean lat.: 1.860ms, rate sampling interval: 10ms
  Thread calibration: mean lat.: 1.875ms, rate sampling interval: 10ms
  Thread Stats   Avg      Stdev     Max   +/- Stdev
    Latency     2.52ms    1.41ms  28.74ms   71.76%
    Req/Sec     1.58k   771.20     5.11k    78.09%
  Latency Distribution (HdrHistogram - Recorded Latency)
 50.000%    2.06ms
 75.000%    3.39ms
 90.000%    4.64ms
 99.000%    6.16ms
 99.900%    8.93ms
 99.990%   20.90ms
 99.999%   25.84ms
100.000%   28.75ms

  Detailed Percentile spectrum:
       Value   Percentile   TotalCount 1/(1-Percentile)

       0.605     0.000000            1         1.00
       1.105     0.100000        65912         1.11
       1.344     0.200000       131949         1.25
       1.557     0.300000       197717         1.43
       1.783     0.400000       263763         1.67
       2.059     0.500000       329533         2.00
       2.237     0.550000       362594         2.22
       2.439     0.600000       395451         2.50
       2.675     0.650000       428533         2.86
       3.005     0.700000       461461         3.33
       3.395     0.750000       494379         4.00
       3.591     0.775000       510742         4.44
       3.789     0.800000       527217         5.00
       3.991     0.825000       543698         5.71
       4.199     0.850000       560433         6.67
       4.411     0.875000       576640         8.00
       4.523     0.887500       584912         8.89
       4.643     0.900000       593377        10.00
       4.763     0.912500       601499        11.43
       4.891     0.925000       609603        13.33
       5.039     0.937500       618014        16.00
       5.119     0.943750       622117        17.78
       5.199     0.950000       626076        20.00
       5.295     0.956250       630323        22.86
       5.395     0.962500       634396        26.67
       5.507     0.968750       638486        32.00
       5.571     0.971875       640582        35.56
       5.639     0.975000       642569        40.00
       5.719     0.978125       644623        45.71
       5.807     0.981250       646710        53.33
       5.907     0.984375       648713        64.00
       5.963     0.985938       649741        71.11
       6.027     0.987500       650772        80.00
       6.103     0.989062       651808        91.43
       6.191     0.990625       652852       106.67
       6.295     0.992188       653888       128.00
       6.351     0.992969       654387       142.22
       6.419     0.993750       654901       160.00
       6.503     0.994531       655424       182.86
       6.603     0.995313       655928       213.33
       6.723     0.996094       656434       256.00
       6.799     0.996484       656699       284.44
       6.891     0.996875       656955       320.00
       6.995     0.997266       657207       365.71
       7.131     0.997656       657463       426.67
       7.331     0.998047       657725       512.00
       7.479     0.998242       657851       568.89
       7.651     0.998437       657979       640.00
       7.955     0.998633       658108       731.43
       8.391     0.998828       658237       853.33
       9.015     0.999023       658365      1024.00
       9.367     0.999121       658429      1137.78
       9.839     0.999219       658493      1280.00
      10.439     0.999316       658557      1462.86
      11.303     0.999414       658621      1706.67
      12.247     0.999512       658686      2048.00
      12.671     0.999561       658718      2275.56
      13.399     0.999609       658750      2560.00
      14.543     0.999658       658782      2925.71
      15.695     0.999707       658814      3413.33
      17.119     0.999756       658847      4096.00
      17.727     0.999780       658863      4551.11
      18.447     0.999805       658879      5120.00
      19.055     0.999829       658895      5851.43
      19.823     0.999854       658911      6826.67
      20.367     0.999878       658927      8192.00
      20.671     0.999890       658935      9102.22
      20.943     0.999902       658943     10240.00
      21.263     0.999915       658951     11702.86
      21.551     0.999927       658959     13653.33
      21.823     0.999939       658967     16384.00
      22.271     0.999945       658971     18204.44
      22.399     0.999951       658976     20480.00
      22.559     0.999957       658979     23405.71
      23.215     0.999963       658983     27306.67
      23.407     0.999969       658987     32768.00
      23.871     0.999973       658989     36408.89
      23.967     0.999976       658991     40960.00
      24.495     0.999979       658994     46811.43
      24.607     0.999982       658995     54613.33
      24.815     0.999985       658997     65536.00
      25.535     0.999986       658998     72817.78
      25.583     0.999988       658999     81920.00
      25.839     0.999989       659000     93622.86
      25.855     0.999991       659001    109226.67
      25.967     0.999992       659002    131072.00
      26.095     0.999993       659003    145635.56
      26.095     0.999994       659003    163840.00
      26.559     0.999995       659004    187245.71
      26.559     0.999995       659004    218453.33
      26.655     0.999996       659005    262144.00
      26.655     0.999997       659005    291271.11
      26.655     0.999997       659005    327680.00
      28.239     0.999997       659006    374491.43
      28.239     0.999998       659006    436906.67
      28.239     0.999998       659006    524288.00
      28.239     0.999998       659006    582542.22
      28.239     0.999998       659006    655360.00
      28.751     0.999999       659007    748982.86
      28.751     1.000000       659007          inf
#[Mean    =        2.516, StdDeviation   =        1.410]
#[Max     =       28.736, Total count    =       659007]
#[Buckets =           27, SubBuckets     =         2048]
----------------------------------------------------------
  718185 requests in 2.00m, 6.15GB read
Requests/sec:   5984.77
Transfer/sec:     52.52MB
