Running 2m test @ http://localhost:9002/api/v1/user?id=1
  4 threads and 128 connections
  Thread calibration: mean lat.: 0.921ms, rate sampling interval: 10ms
  Thread calibration: mean lat.: 0.923ms, rate sampling interval: 10ms
  Thread calibration: mean lat.: 0.922ms, rate sampling interval: 10ms
  Thread calibration: mean lat.: 0.927ms, rate sampling interval: 10ms
  Thread Stats   Avg      Stdev     Max   +/- Stdev
    Latency     0.92ms  475.48us  12.54ms   72.74%
    Req/Sec     1.60k   132.60     3.33k    69.75%
  Latency Distribution (HdrHistogram - Recorded Latency)
 50.000%    0.91ms
 75.000%    1.21ms
 90.000%    1.44ms
 99.000%    1.93ms
 99.900%    4.72ms
 99.990%   10.86ms
 99.999%   12.06ms
100.000%   12.55ms

  Detailed Percentile spectrum:
       Value   Percentile   TotalCount 1/(1-Percentile)

       0.117     0.000000            1         1.00
       0.356     0.100000        66195         1.11
       0.512     0.200000       132136         1.25
       0.655     0.300000       197785         1.43
       0.785     0.400000       263815         1.67
       0.910     0.500000       329521         2.00
       0.970     0.550000       362978         2.22
       1.029     0.600000       395495         2.50
       1.088     0.650000       428747         2.86
       1.147     0.700000       461599         3.33
       1.208     0.750000       494798         4.00
       1.240     0.775000       511143         4.44
       1.273     0.800000       527367         5.00
       1.307     0.825000       543866         5.71
       1.342     0.850000       560671         6.67
       1.382     0.875000       577006         8.00
       1.407     0.887500       584946         8.89
       1.439     0.900000       593313        10.00
       1.477     0.912500       601510        11.43
       1.522     0.925000       609679        13.33
       1.572     0.937500       618011        16.00
       1.600     0.943750       621977        17.78
       1.632     0.950000       626171        20.00
       1.666     0.956250       630315        22.86
       1.702     0.962500       634359        26.67
       1.742     0.968750       638535        32.00
       1.763     0.971875       640583        35.56
       1.785     0.975000       642630        40.00
       1.809     0.978125       644636        45.71
       1.836     0.981250       646740        53.33
       1.865     0.984375       648758        64.00
       1.882     0.985938       649804        71.11
       1.899     0.987500       650842        80.00
       1.917     0.989062       651865        91.43
       1.938     0.990625       652870       106.67
       1.962     0.992188       653924       128.00
       1.975     0.992969       654433       142.22
       1.990     0.993750       654919       160.00
       2.008     0.994531       655442       182.86
       2.028     0.995313       655951       213.33
       2.053     0.996094       656462       256.00
       2.069     0.996484       656754       284.44
       2.085     0.996875       656992       320.00
       2.103     0.997266       657238       365.71
       2.131     0.997656       657496       426.67
       2.171     0.998047       657749       512.00
       2.205     0.998242       657885       568.89
       2.315     0.998437       658007       640.00
       2.999     0.998633       658135       731.43
       3.829     0.998828       658265       853.33
       4.859     0.999023       658393      1024.00
       5.375     0.999121       658457      1137.78
       6.019     0.999219       658522      1280.00
       6.551     0.999316       658586      1462.86
       7.051     0.999414       658652      1706.67
       7.587     0.999512       658715      2048.00
       7.979     0.999561       658747      2275.56
       8.327     0.999609       658780      2560.00
       8.655     0.999658       658812      2925.71
       8.991     0.999707       658843      3413.33
       9.343     0.999756       658876      4096.00
       9.583     0.999780       658892      4551.11
       9.823     0.999805       658908      5120.00
      10.055     0.999829       658924      5851.43
      10.303     0.999854       658940      6826.67
      10.607     0.999878       658956      8192.00
      10.775     0.999890       658964      9102.22
      10.903     0.999902       658972     10240.00
      11.087     0.999915       658980     11702.86
      11.175     0.999927       658988     13653.33
      11.303     0.999939       658996     16384.00
      11.407     0.999945       659001     18204.44
      11.447     0.999951       659004     20480.00
      11.495     0.999957       659009     23405.71
      11.583     0.999963       659012     27306.67
      11.671     0.999969       659016     32768.00
      11.783     0.999973       659018     36408.89
      11.807     0.999976       659020     40960.00
      11.831     0.999979       659022     46811.43
      11.911     0.999982       659024     54613.33
      11.951     0.999985       659026     65536.00
      12.015     0.999986       659027     72817.78
      12.031     0.999988       659028     81920.00
      12.055     0.999989       659029     93622.86
      12.127     0.999991       659030    109226.67
      12.167     0.999992       659031    131072.00
      12.191     0.999993       659033    145635.56
      12.191     0.999994       659033    163840.00
      12.191     0.999995       659033    187245.71
      12.191     0.999995       659033    218453.33
      12.399     0.999996       659034    262144.00
      12.399     0.999997       659034    291271.11
      12.399     0.999997       659034    327680.00
      12.431     0.999997       659035    374491.43
      12.431     0.999998       659035    436906.67
      12.431     0.999998       659035    524288.00
      12.431     0.999998       659035    582542.22
      12.431     0.999998       659035    655360.00
      12.551     0.999999       659036    748982.86
      12.551     1.000000       659036          inf
#[Mean    =        0.920, StdDeviation   =        0.475]
#[Max     =       12.544, Total count    =       659036]
#[Buckets =           27, SubBuckets     =         2048]
----------------------------------------------------------
  719592 requests in 2.00m, 78.92MB read
Requests/sec:   5996.58
Transfer/sec:    673.44KB
