Running 2m test @ http://localhost:9002/api/v1/user?id=1
  4 threads and 128 connections
  Thread calibration: mean lat.: 0.973ms, rate sampling interval: 10ms
  Thread calibration: mean lat.: 0.976ms, rate sampling interval: 10ms
  Thread calibration: mean lat.: 0.977ms, rate sampling interval: 10ms
  Thread calibration: mean lat.: 0.977ms, rate sampling interval: 10ms
  Thread Stats   Avg      Stdev     Max   +/- Stdev
    Latency     0.98ms  596.67us  33.15ms   82.97%
    Req/Sec     3.96k   271.53    16.00k    83.57%
  Latency Distribution (HdrHistogram - Recorded Latency)
 50.000%    0.96ms
 75.000%    1.29ms
 90.000%    1.52ms
 99.000%    2.05ms
 99.900%    6.51ms
 99.990%   22.99ms
 99.999%   30.83ms
100.000%   33.18ms

  Detailed Percentile spectrum:
       Value   Percentile   TotalCount 1/(1-Percentile)

       0.129     0.000000            1         1.00
       0.394     0.100000       165589         1.11
       0.541     0.200000       330667         1.25
       0.685     0.300000       494897         1.43
       0.825     0.400000       659043         1.67
       0.959     0.500000       824216         2.00
       1.025     0.550000       907259         2.22
       1.090     0.600000       989139         2.50
       1.156     0.650000      1071640         2.86
       1.224     0.700000      1154168         3.33
       1.292     0.750000      1235812         4.00
       1.328     0.775000      1278038         4.44
       1.363     0.800000      1318771         5.00
       1.399     0.825000      1360336         5.71
       1.435     0.850000      1401077         6.67
       1.474     0.875000      1441849         8.00
       1.497     0.887500      1462808         8.89
       1.522     0.900000      1483254        10.00
       1.551     0.912500      1503794        11.43
       1.585     0.925000      1524621        13.33
       1.625     0.937500      1544810        16.00
       1.649     0.943750      1555139        17.78
       1.676     0.950000      1565249        20.00
       1.708     0.956250      1575567        22.86
       1.746     0.962500      1585884        26.67
       1.791     0.968750      1596183        32.00
       1.816     0.971875      1601376        35.56
       1.844     0.975000      1606485        40.00
       1.876     0.978125      1611687        45.71
       1.912     0.981250      1616741        53.33
       1.952     0.984375      1621879        64.00
       1.975     0.985938      1624501        71.11
       2.000     0.987500      1627035        80.00
       2.028     0.989062      1629594        91.43
       2.061     0.990625      1632163       106.67
       2.099     0.992188      1634760       128.00
       2.123     0.992969      1636107       142.22
       2.147     0.993750      1637342       160.00
       2.179     0.994531      1638650       182.86
       2.221     0.995313      1639898       213.33
       2.293     0.996094      1641186       256.00
       2.379     0.996484      1641816       284.44
       2.703     0.996875      1642456       320.00
       3.273     0.997266      1643098       365.71
       3.855     0.997656      1643743       426.67
       4.507     0.998047      1644386       512.00
       4.895     0.998242      1644707       568.89
       5.327     0.998437      1645032       640.00
       5.739     0.998633      1645351       731.43
       6.147     0.998828      1645677       853.33
       6.551     0.999023      1645999      1024.00
       6.743     0.999121      1646155      1137.78
       6.947     0.999219      1646316      1280.00
       7.183     0.999316      1646477      1462.86
       7.447     0.999414      1646639      1706.67
       7.755     0.999512      1646802      2048.00
       7.959     0.999561      1646879      2275.56
       8.247     0.999609      1646960      2560.00
       8.823     0.999658      1647040      2925.71
      10.415     0.999707      1647121      3413.33
      12.655     0.999756      1647201      4096.00
      13.991     0.999780      1647241      4551.11
      15.007     0.999805      1647282      5120.00
      17.071     0.999829      1647322      5851.43
      18.895     0.999854      1647363      6826.67
      20.991     0.999878      1647402      8192.00
      21.999     0.999890      1647422      9102.22
      23.391     0.999902      1647443     10240.00
      24.063     0.999915      1647463     11702.86
      25.119     0.999927      1647483     13653.33
      26.303     0.999939      1647504     16384.00
      27.039     0.999945      1647514     18204.44
      27.535     0.999951      1647524     20480.00
      27.887     0.999957      1647534     23405.71
      28.223     0.999963      1647543     27306.67
      28.959     0.999969      1647553     32768.00
      29.151     0.999973      1647558     36408.89
      29.375     0.999976      1647563     40960.00
      29.519     0.999979      1647568     46811.43
      29.887     0.999982      1647573     54613.33
      30.079     0.999985      1647578     65536.00
      30.159     0.999986      1647581     72817.78
      30.591     0.999988      1647583     81920.00
      30.767     0.999989      1647586     93622.86
      30.959     0.999991      1647588    109226.67
      31.023     0.999992      1647591    131072.00
      31.039     0.999993      1647592    145635.56
      31.151     0.999994      1647593    163840.00
      31.215     0.999995      1647595    187245.71
      31.263     0.999995      1647596    218453.33
      31.631     0.999996      1647597    262144.00
      32.047     0.999997      1647598    291271.11
      32.047     0.999997      1647598    327680.00
      32.063     0.999997      1647599    374491.43
      32.111     0.999998      1647600    436906.67
      32.111     0.999998      1647600    524288.00
      32.367     0.999998      1647601    582542.22
      32.367     0.999998      1647601    655360.00
      32.367     0.999999      1647601    748982.86
      32.447     0.999999      1647602    873813.33
      32.447     0.999999      1647602   1048576.00
      32.447     0.999999      1647602   1165084.44
      32.447     0.999999      1647602   1310720.00
      32.447     0.999999      1647602   1497965.71
      33.183     0.999999      1647603   1747626.67
      33.183     1.000000      1647603          inf
#[Mean    =        0.982, StdDeviation   =        0.597]
#[Max     =       33.152, Total count    =      1647603]
#[Buckets =           27, SubBuckets     =         2048]
----------------------------------------------------------
  1798888 requests in 2.00m, 197.29MB read
Requests/sec:  14990.65
Transfer/sec:      1.64MB
