Running 2m test @ http://localhost:9003/api/v1/user?id=1
  4 threads and 128 connections
  Thread calibration: mean lat.: 489.849ms, rate sampling interval: 1822ms
  Thread calibration: mean lat.: 485.027ms, rate sampling interval: 1812ms
  Thread calibration: mean lat.: 486.469ms, rate sampling interval: 1816ms
  Thread calibration: mean lat.: 492.871ms, rate sampling interval: 1828ms
  Thread Stats   Avg      Stdev     Max   +/- Stdev
    Latency    12.47s    10.94s   33.24s    45.53%
    Req/Sec     3.51k     1.13k    9.11k    85.00%
  Latency Distribution (HdrHistogram - Recorded Latency)
 50.000%   10.87s 
 75.000%   22.90s 
 90.000%   28.05s 
 99.000%   32.44s 
 99.900%   33.00s 
 99.990%   33.16s 
 99.999%   33.24s 
100.000%   33.26s 

  Detailed Percentile spectrum:
       Value   Percentile   TotalCount 1/(1-Percentile)

       0.129     0.000000            1         1.00
     198.015     0.100000       154101         1.11
     617.983     0.200000       308329         1.25
    1304.575     0.300000       462219         1.43
    6131.711     0.400000       616406         1.67
   10870.783     0.500000       770432         2.00
   13311.999     0.550000       847519         2.22
   15720.447     0.600000       924623         2.50
   18202.623     0.650000      1001731         2.86
   20611.071     0.700000      1078912         3.33
   22904.831     0.750000      1155890         4.00
   24117.247     0.775000      1194365         4.44
   25083.903     0.800000      1232918         5.00
   25640.959     0.825000      1271708         5.71
   26165.247     0.850000      1309649         6.67
   26918.911     0.875000      1348286         8.00
   27492.351     0.887500      1367387         8.89
   28049.407     0.900000      1386834        10.00
   28622.847     0.912500      1405958        11.43
   29245.439     0.925000      1425292        13.33
   29835.263     0.937500      1444696        16.00
   30162.943     0.943750      1454406        17.78
   30474.239     0.950000      1463646        20.00
   30785.535     0.956250      1473386        22.86
   31096.831     0.962500      1482942        26.67
   31408.127     0.968750      1492536        32.00
   31555.583     0.971875      1497312        35.56
   31719.423     0.975000      1502551        40.00
   31866.879     0.978125      1507422        45.71
   32014.335     0.981250      1512103        53.33
   32161.791     0.984375      1516742        64.00
   32243.711     0.985938      1519416        71.11
   32309.247     0.987500      1521518        80.00
   32391.167     0.989062      1523987        91.43
   32473.087     0.990625      1526476       106.67
   32555.007     0.992188      1529006       128.00
   32587.775     0.992969      1530040       142.22
   32620.543     0.993750      1531079       160.00
   32669.695     0.994531      1532592       182.86
   32702.463     0.995313      1533528       213.33
   32751.615     0.996094      1534792       256.00
   32784.383     0.996484      1535573       284.44
   32800.767     0.996875      1535928       320.00
   32833.535     0.997266      1536587       365.71
   32866.303     0.997656      1537211       426.67
   32899.071     0.998047      1537771       512.00
   32915.455     0.998242      1538034       568.89
   32931.839     0.998437      1538273       640.00
   32964.607     0.998633      1538750       731.43
   32980.991     0.998828      1538969       853.33
   32997.375     0.999023      1539196      1024.00
   33013.759     0.999121      1539410      1137.78
   33030.143     0.999219      1539605      1280.00
   33030.143     0.999316      1539605      1462.86
   33046.527     0.999414      1539795      1706.67
   33062.911     0.999512      1539944      2048.00
   33079.295     0.999561      1540071      2275.56
   33079.295     0.999609      1540071      2560.00
   33095.679     0.999658      1540201      2925.71
   33095.679     0.999707      1540201      3413.33
   33112.063     0.999756      1540313      4096.00
   33112.063     0.999780      1540313      4551.11
   33128.447     0.999805      1540390      5120.00
   33128.447     0.999829      1540390      5851.43
   33144.831     0.999854      1540446      6826.67
   33161.215     0.999878      1540500      8192.00
   33161.215     0.999890      1540500      9102.22
   33161.215     0.999902      1540500     10240.00
   33177.599     0.999915      1540541     11702.86
   33177.599     0.999927      1540541     13653.33
   33193.983     0.999939      1540583     16384.00
   33193.983     0.999945      1540583     18204.44
   33193.983     0.999951      1540583     20480.00
   33193.983     0.999957      1540583     23405.71
   33210.367     0.999963      1540609     27306.67
   33210.367     0.999969      1540609     32768.00
   33210.367     0.999973      1540609     36408.89
   33210.367     0.999976      1540609     40960.00
   33210.367     0.999979      1540609     46811.43
   33226.751     0.999982      1540624     54613.33
   33226.751     0.999985      1540624     65536.00
   33226.751     0.999986      1540624     72817.78
   33226.751     0.999988      1540624     81920.00
   33243.135     0.999989      1540635     93622.86
   33243.135     0.999991      1540635    109226.67
   33243.135     0.999992      1540635    131072.00
   33243.135     0.999993      1540635    145635.56
   33243.135     0.999994      1540635    163840.00
   33243.135     0.999995      1540635    187245.71
   33243.135     0.999995      1540635    218453.33
   33259.519     0.999996      1540641    262144.00
   33259.519     1.000000      1540641          inf
#[Mean    =    12468.999, StdDeviation   =    10940.788]
#[Max     =    33243.136, Total count    =      1540641]
#[Buckets =           27, SubBuckets     =         2048]
----------------------------------------------------------
  1739785 requests in 2.00m, 190.81MB read
  Non-2xx or 3xx responses: 2
Requests/sec:  14498.01
Transfer/sec:      1.59MB
