Running 2m test @ http://localhost:9000/api/v1/user?id=1
  4 threads and 128 connections
  Thread calibration: mean lat.: 0.764ms, rate sampling interval: 10ms
  Thread calibration: mean lat.: 0.755ms, rate sampling interval: 10ms
  Thread calibration: mean lat.: 0.764ms, rate sampling interval: 10ms
  Thread calibration: mean lat.: 0.752ms, rate sampling interval: 10ms
  Thread Stats   Avg      Stdev     Max   +/- Stdev
    Latency   765.59us  461.51us  19.74ms   74.19%
    Req/Sec     5.38k   301.76    12.78k    82.83%
  Latency Distribution (HdrHistogram - Recorded Latency)
 50.000%  748.00us
 75.000%    1.06ms
 90.000%    1.25ms
 99.000%    1.64ms
 99.900%    3.05ms
 99.990%   14.17ms
 99.999%   16.75ms
100.000%   19.76ms

  Detailed Percentile spectrum:
       Value   Percentile   TotalCount 1/(1-Percentile)

       0.069     0.000000            1         1.00
       0.253     0.100000       220317         1.11
       0.379     0.200000       439546         1.25
       0.504     0.300000       660105         1.43
       0.626     0.400000       879623         1.67
       0.748     0.500000      1099133         2.00
       0.811     0.550000      1209728         2.22
       0.872     0.600000      1319307         2.50
       0.936     0.650000      1427929         2.86
       1.001     0.700000      1538057         3.33
       1.064     0.750000      1648030         4.00
       1.096     0.775000      1702952         4.44
       1.128     0.800000      1758814         5.00
       1.159     0.825000      1813548         5.71
       1.190     0.850000      1868585         6.67
       1.222     0.875000      1923359         8.00
       1.237     0.887500      1949881         8.89
       1.252     0.900000      1977156        10.00
       1.267     0.912500      2004651        11.43
       1.283     0.925000      2032118        13.33
       1.301     0.937500      2060356        16.00
       1.310     0.943750      2073283        17.78
       1.321     0.950000      2087527        20.00
       1.334     0.956250      2101226        22.86
       1.351     0.962500      2114443        26.67
       1.377     0.968750      2128360        32.00
       1.394     0.971875      2135254        35.56
       1.414     0.975000      2141970        40.00
       1.439     0.978125      2148805        45.71
       1.472     0.981250      2155738        53.33
       1.514     0.984375      2162542        64.00
       1.541     0.985938      2165954        71.11
       1.574     0.987500      2169395        80.00
       1.613     0.989062      2172801        91.43
       1.664     0.990625      2176250       106.67
       1.725     0.992188      2179649       128.00
       1.757     0.992969      2181361       142.22
       1.794     0.993750      2183116       160.00
       1.833     0.994531      2184814       182.86
       1.875     0.995313      2186557       213.33
       1.918     0.996094      2188249       256.00
       1.941     0.996484      2189105       284.44
       1.962     0.996875      2189957       320.00
       1.988     0.997266      2190826       365.71
       2.016     0.997656      2191681       426.67
       2.049     0.998047      2192530       512.00
       2.067     0.998242      2192953       568.89
       2.087     0.998437      2193377       640.00
       2.119     0.998633      2193811       731.43
       2.185     0.998828      2194236       853.33
       3.243     0.999023      2194660      1024.00
       4.087     0.999121      2194875      1137.78
       4.935     0.999219      2195089      1280.00
       6.039     0.999316      2195306      1462.86
       7.055     0.999414      2195518      1706.67
       7.979     0.999512      2195733      2048.00
       8.391     0.999561      2195842      2275.56
       8.935     0.999609      2195948      2560.00
       9.439     0.999658      2196055      2925.71
      10.023     0.999707      2196162      3413.33
      10.623     0.999756      2196270      4096.00
      11.127     0.999780      2196323      4551.11
      11.767     0.999805      2196376      5120.00
      12.607     0.999829      2196431      5851.43
      13.151     0.999854      2196484      6826.67
      13.727     0.999878      2196539      8192.00
      13.895     0.999890      2196565      9102.22
      14.239     0.999902      2196591     10240.00
      14.543     0.999915      2196620     11702.86
      14.879     0.999927      2196645     13653.33
      15.143     0.999939      2196672     16384.00
      15.231     0.999945      2196685     18204.44
      15.415     0.999951      2196698     20480.00
      15.647     0.999957      2196712     23405.71
      15.903     0.999963      2196726     27306.67
      16.119     0.999969      2196739     32768.00
      16.207     0.999973      2196745     36408.89
      16.263     0.999976      2196752     40960.00
      16.303     0.999979      2196759     46811.43
      16.431     0.999982      2196765     54613.33
      16.527     0.999985      2196773     65536.00
      16.575     0.999986      2196775     72817.78
      16.719     0.999988      2196779     81920.00
      16.751     0.999989      2196783     93622.86
      16.847     0.999991      2196785    109226.67
      17.119     0.999992      2196789    131072.00
      17.135     0.999993      2196790    145635.56
      17.199     0.999994      2196792    163840.00
      17.423     0.999995      2196794    187245.71
      17.487     0.999995      2196795    218453.33
      17.599     0.999996      2196797    262144.00
      17.727     0.999997      2196798    291271.11
      17.919     0.999997      2196799    327680.00
      17.951     0.999997      2196800    374491.43
      17.951     0.999998      2196800    436906.67
      17.967     0.999998      2196801    524288.00
      17.983     0.999998      2196802    582542.22
      17.983     0.999998      2196802    655360.00
      18.143     0.999999      2196803    748982.86
      18.143     0.999999      2196803    873813.33
      18.143     0.999999      2196803   1048576.00
      18.207     0.999999      2196804   1165084.44
      18.207     0.999999      2196804   1310720.00
      18.207     0.999999      2196804   1497965.71
      18.207     0.999999      2196804   1747626.67
      18.207     1.000000      2196804   2097152.00
      19.759     1.000000      2196805   2330168.89
      19.759     1.000000      2196805          inf
#[Mean    =        0.766, StdDeviation   =        0.462]
#[Max     =       19.744, Total count    =      2196805]
#[Buckets =           27, SubBuckets     =         2048]
----------------------------------------------------------
  2398493 requests in 2.00m, 285.92MB read
Requests/sec:  19987.33
Transfer/sec:      2.38MB
