Running 2m test @ http://localhost:9000/api/v1/user?id=1
  4 threads and 128 connections
  Thread calibration: mean lat.: 1.001ms, rate sampling interval: 10ms
  Thread calibration: mean lat.: 1.005ms, rate sampling interval: 10ms
  Thread calibration: mean lat.: 1.001ms, rate sampling interval: 10ms
  Thread calibration: mean lat.: 1.003ms, rate sampling interval: 10ms
  Thread Stats   Avg      Stdev     Max   +/- Stdev
    Latency     1.01ms  486.54us   6.27ms   64.39%
    Req/Sec     7.90k   439.16    10.56k    71.47%
  Latency Distribution (HdrHistogram - Recorded Latency)
 50.000%    0.97ms
 75.000%    1.35ms
 90.000%    1.66ms
 99.000%    2.18ms
 99.900%    2.57ms
 99.990%    3.43ms
 99.999%    4.49ms
100.000%    6.28ms

  Detailed Percentile spectrum:
       Value   Percentile   TotalCount 1/(1-Percentile)

       0.075     0.000000            1         1.00
       0.385     0.100000       329675         1.11
       0.540     0.200000       660606         1.25
       0.683     0.300000       990030         1.43
       0.826     0.400000      1318567         1.67
       0.973     0.500000      1648497         2.00
       1.047     0.550000      1813897         2.22
       1.121     0.600000      1977245         2.50
       1.197     0.650000      2142126         2.86
       1.274     0.700000      2307008         3.33
       1.353     0.750000      2472053         4.00
       1.394     0.775000      2553990         4.44
       1.438     0.800000      2637222         5.00
       1.485     0.825000      2718920         5.71
       1.538     0.850000      2801980         6.67
       1.596     0.875000      2884479         8.00
       1.628     0.887500      2925661         8.89
       1.662     0.900000      2965901        10.00
       1.700     0.912500      3007065        11.43
       1.743     0.925000      3048812        13.33
       1.791     0.937500      3089969        16.00
       1.817     0.943750      3109930        17.78
       1.847     0.950000      3131011        20.00
       1.879     0.956250      3151517        22.86
       1.915     0.962500      3171973        26.67
       1.956     0.968750      3192473        32.00
       1.979     0.971875      3202656        35.56
       2.004     0.975000      3212967        40.00
       2.032     0.978125      3223317        45.71
       2.065     0.981250      3233911        53.33
       2.101     0.984375      3244121        64.00
       2.121     0.985938      3249081        71.11
       2.143     0.987500      3254020        80.00
       2.169     0.989062      3259476        91.43
       2.197     0.990625      3264598       106.67
       2.229     0.992188      3269654       128.00
       2.247     0.992969      3272110       142.22
       2.269     0.993750      3274868       160.00
       2.291     0.994531      3277312       182.86
       2.317     0.995313      3279903       213.33
       2.347     0.996094      3282497       256.00
       2.363     0.996484      3283687       284.44
       2.383     0.996875      3285030       320.00
       2.403     0.997266      3286280       365.71
       2.425     0.997656      3287493       426.67
       2.453     0.998047      3288770       512.00
       2.471     0.998242      3289455       568.89
       2.489     0.998437      3290069       640.00
       2.513     0.998633      3290732       731.43
       2.539     0.998828      3291348       853.33
       2.573     0.999023      3292005      1024.00
       2.593     0.999121      3292309      1137.78
       2.619     0.999219      3292632      1280.00
       2.651     0.999316      3292968      1462.86
       2.693     0.999414      3293292      1706.67
       2.741     0.999512      3293598      2048.00
       2.775     0.999561      3293759      2275.56
       2.813     0.999609      3293924      2560.00
       2.861     0.999658      3294081      2925.71
       2.927     0.999707      3294240      3413.33
       3.013     0.999756      3294402      4096.00
       3.067     0.999780      3294481      4551.11
       3.125     0.999805      3294562      5120.00
       3.189     0.999829      3294642      5851.43
       3.267     0.999854      3294722      6826.67
       3.333     0.999878      3294802      8192.00
       3.379     0.999890      3294842      9102.22
       3.439     0.999902      3294883     10240.00
       3.515     0.999915      3294924     11702.86
       3.593     0.999927      3294963     13653.33
       3.687     0.999939      3295003     16384.00
       3.719     0.999945      3295023     18204.44
       3.791     0.999951      3295044     20480.00
       3.857     0.999957      3295064     23405.71
       3.955     0.999963      3295084     27306.67
       4.075     0.999969      3295104     32768.00
       4.159     0.999973      3295115     36408.89
       4.219     0.999976      3295124     40960.00
       4.259     0.999979      3295134     46811.43
       4.303     0.999982      3295144     54613.33
       4.387     0.999985      3295154     65536.00
       4.423     0.999986      3295160     72817.78
       4.459     0.999988      3295164     81920.00
       4.487     0.999989      3295171     93622.86
       4.499     0.999991      3295174    109226.67
       4.583     0.999992      3295179    131072.00
       4.627     0.999993      3295182    145635.56
       4.659     0.999994      3295184    163840.00
       4.695     0.999995      3295187    187245.71
       4.715     0.999995      3295189    218453.33
       4.739     0.999996      3295192    262144.00
       4.751     0.999997      3295193    291271.11
       4.767     0.999997      3295195    327680.00
       4.855     0.999997      3295196    374491.43
       4.887     0.999998      3295197    436906.67
       4.907     0.999998      3295198    524288.00
       4.959     0.999998      3295199    582542.22
       4.959     0.999998      3295199    655360.00
       4.963     0.999999      3295200    748982.86
       5.083     0.999999      3295201    873813.33
       5.083     0.999999      3295201   1048576.00
       5.151     0.999999      3295202   1165084.44
       5.151     0.999999      3295202   1310720.00
       5.151     0.999999      3295202   1497965.71
       5.675     0.999999      3295203   1747626.67
       5.675     1.000000      3295203   2097152.00
       5.675     1.000000      3295203   2330168.89
       5.675     1.000000      3295203   2621440.00
       5.675     1.000000      3295203   2995931.43
       6.275     1.000000      3295204   3495253.33
       6.275     1.000000      3295204          inf
#[Mean    =        1.005, StdDeviation   =        0.487]
#[Max     =        6.272, Total count    =      3295204]
#[Buckets =           27, SubBuckets     =         2048]
----------------------------------------------------------
  3597698 requests in 2.00m, 428.88MB read
Requests/sec:  29980.68
Transfer/sec:      3.57MB
