Running 5m test @ http://localhost:8080/api/v1/users
  4 threads and 128 connections
  Thread calibration: mean lat.: 1.813ms, rate sampling interval: 10ms
  Thread calibration: mean lat.: 2.456ms, rate sampling interval: 10ms
  Thread calibration: mean lat.: 1.790ms, rate sampling interval: 10ms
  Thread calibration: mean lat.: 1.766ms, rate sampling interval: 10ms
  Thread Stats   Avg      Stdev     Max   +/- Stdev
    Latency     2.00ms    1.00ms  49.63ms   72.97%
    Req/Sec     2.63k   566.08     4.89k    83.43%
  Latency Distribution (HdrHistogram - Recorded Latency)
 50.000%    1.83ms
 75.000%    2.55ms
 90.000%    3.31ms
 99.000%    4.43ms
 99.900%    8.94ms
 99.990%   22.17ms
 99.999%   32.86ms
100.000%   49.66ms

  Detailed Percentile spectrum:
       Value   Percentile   TotalCount 1/(1-Percentile)

       0.467     0.000000            3         1.00
       0.956     0.100000       290124         1.11
       1.177     0.200000       579918         1.25
       1.385     0.300000       870590         1.43
       1.599     0.400000      1159932         1.67
       1.828     0.500000      1449271         2.00
       1.952     0.550000      1595067         2.22
       2.081     0.600000      1739262         2.50
       2.217     0.650000      1884063         2.86
       2.367     0.700000      2029546         3.33
       2.545     0.750000      2174166         4.00
       2.649     0.775000      2246492         4.44
       2.763     0.800000      2319517         5.00
       2.885     0.825000      2391867         5.71
       3.015     0.850000      2464293         6.67
       3.155     0.875000      2536683         8.00
       3.229     0.887500      2572876         8.89
       3.307     0.900000      2609047        10.00
       3.391     0.912500      2645020        11.43
       3.483     0.925000      2681549        13.33
       3.585     0.937500      2717678        16.00
       3.641     0.943750      2735612        17.78
       3.701     0.950000      2753829        20.00
       3.769     0.956250      2772078        22.86
       3.843     0.962500      2790121        26.67
       3.927     0.968750      2807915        32.00
       3.975     0.971875      2817037        35.56
       4.027     0.975000      2825938        40.00
       4.087     0.978125      2835179        45.71
       4.155     0.981250      2844270        53.33
       4.231     0.984375      2853137        64.00
       4.279     0.985938      2857957        71.11
       4.331     0.987500      2862499        80.00
       4.387     0.989062      2866821        91.43
       4.459     0.990625      2871458       106.67
       4.543     0.992188      2875823       128.00
       4.595     0.992969      2878139       142.22
       4.655     0.993750      2880321       160.00
       4.727     0.994531      2882606       182.86
       4.819     0.995313      2884835       213.33
       4.951     0.996094      2887088       256.00
       5.039     0.996484      2888207       284.44
       5.155     0.996875      2889376       320.00
       5.323     0.997266      2890467       365.71
       5.627     0.997656      2891607       426.67
       6.179     0.998047      2892734       512.00
       6.595     0.998242      2893306       568.89
       7.131     0.998437      2893864       640.00
       7.695     0.998633      2894430       731.43
       8.343     0.998828      2895000       853.33
       9.047     0.999023      2895563      1024.00
       9.503     0.999121      2895845      1137.78
       9.999     0.999219      2896129      1280.00
      10.599     0.999316      2896411      1462.86
      11.319     0.999414      2896694      1706.67
      12.111     0.999512      2896979      2048.00
      12.599     0.999561      2897119      2275.56
      13.175     0.999609      2897261      2560.00
      13.871     0.999658      2897402      2925.71
      15.047     0.999707      2897543      3413.33
      16.623     0.999756      2897685      4096.00
      17.567     0.999780      2897756      4551.11
      18.511     0.999805      2897826      5120.00
      19.311     0.999829      2897897      5851.43
      20.111     0.999854      2897970      6826.67
      20.895     0.999878      2898039      8192.00
      21.583     0.999890      2898074      9102.22
      22.303     0.999902      2898109     10240.00
      23.247     0.999915      2898147     11702.86
      23.727     0.999927      2898180     13653.33
      24.511     0.999939      2898216     16384.00
      24.879     0.999945      2898233     18204.44
      25.487     0.999951      2898251     20480.00
      26.335     0.999957      2898271     23405.71
      27.295     0.999963      2898286     27306.67
      28.079     0.999969      2898304     32768.00
      28.559     0.999973      2898313     36408.89
      29.167     0.999976      2898323     40960.00
      29.727     0.999979      2898331     46811.43
      30.559     0.999982      2898339     54613.33
      31.599     0.999985      2898348     65536.00
      31.967     0.999986      2898353     72817.78
      32.223     0.999988      2898357     81920.00
      32.735     0.999989      2898362     93622.86
      33.503     0.999991      2898366    109226.67
      33.695     0.999992      2898370    131072.00
      35.327     0.999993      2898373    145635.56
      35.519     0.999994      2898375    163840.00
      36.095     0.999995      2898377    187245.71
      36.223     0.999995      2898379    218453.33
      37.055     0.999996      2898381    262144.00
      38.271     0.999997      2898383    291271.11
      38.719     0.999997      2898384    327680.00
      39.231     0.999997      2898385    374491.43
      39.455     0.999998      2898386    436906.67
      39.519     0.999998      2898387    524288.00
      39.583     0.999998      2898388    582542.22
      39.583     0.999998      2898388    655360.00
      41.119     0.999999      2898389    748982.86
      41.119     0.999999      2898389    873813.33
      42.175     0.999999      2898390   1048576.00
      42.175     0.999999      2898390   1165084.44
      42.175     0.999999      2898390   1310720.00
      42.591     0.999999      2898391   1497965.71
      42.591     0.999999      2898391   1747626.67
      42.591     1.000000      2898391   2097152.00
      42.591     1.000000      2898391   2330168.89
      42.591     1.000000      2898391   2621440.00
      49.663     1.000000      2898392   2995931.43
      49.663     1.000000      2898392          inf
#[Mean    =        2.004, StdDeviation   =        1.001]
#[Max     =       49.632, Total count    =      2898392]
#[Buckets =           27, SubBuckets     =         2048]
----------------------------------------------------------
  2996961 requests in 5.00m, 25.68GB read
Requests/sec:   9989.87
Transfer/sec:     87.67MB
