Running 5m test @ http://localhost:8080/api/v1/users
  4 threads and 128 connections
  Thread calibration: mean lat.: 1.545ms, rate sampling interval: 10ms
  Thread calibration: mean lat.: 1.544ms, rate sampling interval: 10ms
  Thread calibration: mean lat.: 1.546ms, rate sampling interval: 10ms
  Thread calibration: mean lat.: 1.546ms, rate sampling interval: 10ms
  Thread Stats   Avg      Stdev     Max   +/- Stdev
    Latency     1.55ms  627.38us  54.59ms   73.85%
    Req/Sec     2.64k   195.94     4.89k    70.24%
  Latency Distribution (HdrHistogram - Recorded Latency)
 50.000%    1.47ms
 75.000%    1.91ms
 90.000%    2.32ms
 99.000%    2.91ms
 99.900%    4.03ms
 99.990%   18.94ms
 99.999%   33.95ms
100.000%   54.62ms

  Detailed Percentile spectrum:
       Value   Percentile   TotalCount 1/(1-Percentile)

       0.462     0.000000            1         1.00
       0.894     0.100000       289898         1.11
       1.058     0.200000       580842         1.25
       1.198     0.300000       869955         1.43
       1.333     0.400000      1160511         1.67
       1.473     0.500000      1450921         2.00
       1.547     0.550000      1594494         2.22
       1.627     0.600000      1740361         2.50
       1.713     0.650000      1885067         2.86
       1.808     0.700000      2029545         3.33
       1.914     0.750000      2174435         4.00
       1.972     0.775000      2247323         4.44
       2.033     0.800000      2319393         5.00
       2.099     0.825000      2392948         5.71
       2.167     0.850000      2465358         6.67
       2.239     0.875000      2537249         8.00
       2.277     0.887500      2573549         8.89
       2.317     0.900000      2609915        10.00
       2.359     0.912500      2645671        11.43
       2.405     0.925000      2681996        13.33
       2.455     0.937500      2718063        16.00
       2.483     0.943750      2735958        17.78
       2.513     0.950000      2753618        20.00
       2.549     0.956250      2772542        22.86
       2.587     0.962500      2789881        26.67
       2.633     0.968750      2808108        32.00
       2.659     0.971875      2817101        35.56
       2.689     0.975000      2826501        40.00
       2.721     0.978125      2835361        45.71
       2.757     0.981250      2844244        53.33
       2.801     0.984375      2853357        64.00
       2.825     0.985938      2857648        71.11
       2.855     0.987500      2862367        80.00
       2.887     0.989062      2866791        91.43
       2.925     0.990625      2871326       106.67
       2.971     0.992188      2875910       128.00
       2.997     0.992969      2878140       142.22
       3.027     0.993750      2880429       160.00
       3.059     0.994531      2882575       182.86
       3.099     0.995313      2884830       213.33
       3.149     0.996094      2887094       256.00
       3.179     0.996484      2888290       284.44
       3.211     0.996875      2889388       320.00
       3.253     0.997266      2890490       365.71
       3.307     0.997656      2891633       426.67
       3.379     0.998047      2892763       512.00
       3.429     0.998242      2893323       568.89
       3.489     0.998437      2893891       640.00
       3.581     0.998633      2894447       731.43
       3.741     0.998828      2895011       853.33
       4.103     0.999023      2895579      1024.00
       4.519     0.999121      2895858      1137.78
       5.031     0.999219      2896144      1280.00
       5.583     0.999316      2896424      1462.86
       6.235     0.999414      2896708      1706.67
       6.919     0.999512      2896991      2048.00
       7.431     0.999561      2897132      2275.56
       8.083     0.999609      2897273      2560.00
       8.743     0.999658      2897416      2925.71
       9.543     0.999707      2897557      3413.33
      10.567     0.999756      2897698      4096.00
      11.399     0.999780      2897769      4551.11
      12.495     0.999805      2897839      5120.00
      13.847     0.999829      2897910      5851.43
      14.863     0.999854      2897981      6826.67
      16.687     0.999878      2898052      8192.00
      18.031     0.999890      2898087      9102.22
      19.503     0.999902      2898122     10240.00
      20.671     0.999915      2898158     11702.86
      21.791     0.999927      2898196     13653.33
      22.767     0.999939      2898229     16384.00
      23.231     0.999945      2898246     18204.44
      23.871     0.999951      2898264     20480.00
      24.591     0.999957      2898282     23405.71
      26.175     0.999963      2898299     27306.67
      27.919     0.999969      2898317     32768.00
      28.639     0.999973      2898328     36408.89
      29.007     0.999976      2898335     40960.00
      29.775     0.999979      2898344     46811.43
      30.447     0.999982      2898352     54613.33
      31.375     0.999985      2898361     65536.00
      32.207     0.999986      2898366     72817.78
      32.927     0.999988      2898370     81920.00
      33.823     0.999989      2898375     93622.86
      34.527     0.999991      2898379    109226.67
      36.639     0.999992      2898383    131072.00
      38.079     0.999993      2898386    145635.56
      38.399     0.999994      2898388    163840.00
      38.719     0.999995      2898390    187245.71
      40.319     0.999995      2898392    218453.33
      41.471     0.999996      2898394    262144.00
      42.655     0.999997      2898396    291271.11
      42.719     0.999997      2898397    327680.00
      42.911     0.999997      2898398    374491.43
      43.135     0.999998      2898399    436906.67
      43.871     0.999998      2898400    524288.00
      44.127     0.999998      2898401    582542.22
      44.127     0.999998      2898401    655360.00
      44.383     0.999999      2898402    748982.86
      44.383     0.999999      2898402    873813.33
      50.143     0.999999      2898403   1048576.00
      50.143     0.999999      2898403   1165084.44
      50.143     0.999999      2898403   1310720.00
      54.207     0.999999      2898404   1497965.71
      54.207     0.999999      2898404   1747626.67
      54.207     1.000000      2898404   2097152.00
      54.207     1.000000      2898404   2330168.89
      54.207     1.000000      2898404   2621440.00
      54.623     1.000000      2898405   2995931.43
      54.623     1.000000      2898405          inf
#[Mean    =        1.554, StdDeviation   =        0.627]
#[Max     =       54.592, Total count    =      2898405]
#[Buckets =           27, SubBuckets     =         2048]
----------------------------------------------------------
  2999279 requests in 5.00m, 25.70GB read
Requests/sec:   9997.56
Transfer/sec:     87.74MB
