Running 2m test @ http://localhost:9003/api/v1/users
  4 threads and 128 connections
  Thread calibration: mean lat.: 1.673ms, rate sampling interval: 10ms
  Thread calibration: mean lat.: 1.689ms, rate sampling interval: 10ms
  Thread calibration: mean lat.: 1.672ms, rate sampling interval: 10ms
  Thread calibration: mean lat.: 1.664ms, rate sampling interval: 10ms
  Thread Stats   Avg      Stdev     Max   +/- Stdev
    Latency     1.57ms  540.96us  11.70ms   67.06%
    Req/Sec     2.11k   150.89     3.22k    73.43%
  Latency Distribution (HdrHistogram - Recorded Latency)
 50.000%    1.48ms
 75.000%    1.91ms
 90.000%    2.33ms
 99.000%    2.90ms
 99.900%    4.26ms
 99.990%    6.55ms
 99.999%    8.80ms
100.000%   11.71ms

  Detailed Percentile spectrum:
       Value   Percentile   TotalCount 1/(1-Percentile)

       0.531     0.000000            1         1.00
       0.930     0.100000        87987         1.11
       1.084     0.200000       176048         1.25
       1.217     0.300000       264192         1.43
       1.344     0.400000       352129         1.67
       1.479     0.500000       439585         2.00
       1.552     0.550000       483295         2.22
       1.631     0.600000       527764         2.50
       1.716     0.650000       571409         2.86
       1.809     0.700000       615247         3.33
       1.914     0.750000       659275         4.00
       1.972     0.775000       681288         4.44
       2.033     0.800000       703121         5.00
       2.097     0.825000       724972         5.71
       2.169     0.850000       747463         6.67
       2.245     0.875000       769060         8.00
       2.287     0.887500       780222         8.89
       2.329     0.900000       791073        10.00
       2.373     0.912500       802011        11.43
       2.421     0.925000       813151        13.33
       2.473     0.937500       824150        16.00
       2.501     0.943750       829613        17.78
       2.529     0.950000       834883        20.00
       2.561     0.956250       840390        22.86
       2.597     0.962500       846004        26.67
       2.637     0.968750       851507        32.00
       2.659     0.971875       854092        35.56
       2.685     0.975000       856844        40.00
       2.715     0.978125       859544        45.71
       2.751     0.981250       862352        53.33
       2.795     0.984375       865086        64.00
       2.819     0.985938       866387        71.11
       2.847     0.987500       867745        80.00
       2.881     0.989062       869167        91.43
       2.919     0.990625       870520       106.67
       2.967     0.992188       871907       128.00
       2.997     0.992969       872551       142.22
       3.033     0.993750       873239       160.00
       3.077     0.994531       873930       182.86
       3.133     0.995313       874609       213.33
       3.209     0.996094       875291       256.00
       3.259     0.996484       875640       284.44
       3.317     0.996875       875972       320.00
       3.399     0.997266       876316       365.71
       3.507     0.997656       876658       426.67
       3.643     0.998047       877003       512.00
       3.737     0.998242       877172       568.89
       3.839     0.998437       877344       640.00
       3.951     0.998633       877517       731.43
       4.107     0.998828       877688       853.33
       4.275     0.999023       877861      1024.00
       4.391     0.999121       877951      1137.78
       4.487     0.999219       878032      1280.00
       4.619     0.999316       878120      1462.86
       4.795     0.999414       878202      1706.67
       4.947     0.999512       878289      2048.00
       5.035     0.999561       878330      2275.56
       5.155     0.999609       878375      2560.00
       5.255     0.999658       878417      2925.71
       5.415     0.999707       878460      3413.33
       5.543     0.999756       878503      4096.00
       5.635     0.999780       878523      4551.11
       5.759     0.999805       878545      5120.00
       5.871     0.999829       878568      5851.43
       6.071     0.999854       878588      6826.67
       6.367     0.999878       878610      8192.00
       6.467     0.999890       878620      9102.22
       6.555     0.999902       878631     10240.00
       6.655     0.999915       878641     11702.86
       6.811     0.999927       878652     13653.33
       6.935     0.999939       878663     16384.00
       7.043     0.999945       878668     18204.44
       7.211     0.999951       878674     20480.00
       7.327     0.999957       878679     23405.71
       7.447     0.999963       878684     27306.67
       7.627     0.999969       878690     32768.00
       7.687     0.999973       878692     36408.89
       7.935     0.999976       878695     40960.00
       7.995     0.999979       878698     46811.43
       8.111     0.999982       878700     54613.33
       8.207     0.999985       878703     65536.00
       8.439     0.999986       878704     72817.78
       8.719     0.999988       878706     81920.00
       8.799     0.999989       878707     93622.86
       8.815     0.999991       878708    109226.67
       8.943     0.999992       878710    131072.00
       8.943     0.999993       878710    145635.56
       9.063     0.999994       878711    163840.00
       9.151     0.999995       878712    187245.71
       9.151     0.999995       878712    218453.33
       9.351     0.999996       878713    262144.00
       9.351     0.999997       878713    291271.11
       9.967     0.999997       878714    327680.00
       9.967     0.999997       878714    374491.43
       9.967     0.999998       878714    436906.67
      10.583     0.999998       878715    524288.00
      10.583     0.999998       878715    582542.22
      10.583     0.999998       878715    655360.00
      10.583     0.999999       878715    748982.86
      10.583     0.999999       878715    873813.33
      11.711     0.999999       878716   1048576.00
      11.711     1.000000       878716          inf
#[Mean    =        1.565, StdDeviation   =        0.541]
#[Max     =       11.704, Total count    =       878716]
#[Buckets =           27, SubBuckets     =         2048]
----------------------------------------------------------
  959430 requests in 2.00m, 8.24GB read
Requests/sec:   7995.20
Transfer/sec:     70.29MB
