Running 2m test @ http://localhost:9002/api/v1/users
  4 threads and 128 connections
  Thread calibration: mean lat.: 1.858ms, rate sampling interval: 10ms
  Thread calibration: mean lat.: 3.772ms, rate sampling interval: 10ms
  Thread calibration: mean lat.: 1.851ms, rate sampling interval: 10ms
  Thread calibration: mean lat.: 1.854ms, rate sampling interval: 10ms
  Thread Stats   Avg      Stdev     Max   +/- Stdev
    Latency     2.35ms    1.27ms  31.49ms   72.93%
    Req/Sec     1.58k   773.75     4.89k    77.91%
  Latency Distribution (HdrHistogram - Recorded Latency)
 50.000%    1.97ms
 75.000%    3.06ms
 90.000%    4.27ms
 99.000%    5.55ms
 99.900%    7.31ms
 99.990%   23.71ms
 99.999%   29.69ms
100.000%   31.50ms

  Detailed Percentile spectrum:
       Value   Percentile   TotalCount 1/(1-Percentile)

       0.633     0.000000            1         1.00
       1.109     0.100000        65945         1.11
       1.320     0.200000       131867         1.25
       1.516     0.300000       197800         1.43
       1.729     0.400000       263831         1.67
       1.967     0.500000       329511         2.00
       2.111     0.550000       362558         2.22
       2.277     0.600000       395581         2.50
       2.473     0.650000       428561         2.86
       2.707     0.700000       461341         3.33
       3.055     0.750000       494391         4.00
       3.269     0.775000       510779         4.44
       3.473     0.800000       527209         5.00
       3.669     0.825000       543725         5.71
       3.865     0.850000       560290         6.67
       4.061     0.875000       576691         8.00
       4.163     0.887500       585081         8.89
       4.267     0.900000       593361        10.00
       4.375     0.912500       601480        11.43
       4.491     0.925000       609819        13.33
       4.615     0.937500       618009        16.00
       4.679     0.943750       621978        17.78
       4.751     0.950000       626124        20.00
       4.831     0.956250       630269        22.86
       4.919     0.962500       634448        26.67
       5.011     0.968750       638444        32.00
       5.067     0.971875       640576        35.56
       5.123     0.975000       642560        40.00
       5.191     0.978125       644689        45.71
       5.263     0.981250       646742        53.33
       5.347     0.984375       648759        64.00
       5.395     0.985938       649743        71.11
       5.447     0.987500       650784        80.00
       5.511     0.989062       651853        91.43
       5.583     0.990625       652859       106.67
       5.667     0.992188       653860       128.00
       5.719     0.992969       654403       142.22
       5.775     0.993750       654908       160.00
       5.843     0.994531       655408       182.86
       5.923     0.995313       655938       213.33
       6.019     0.996094       656441       256.00
       6.075     0.996484       656692       284.44
       6.147     0.996875       656957       320.00
       6.231     0.997266       657210       365.71
       6.343     0.997656       657470       426.67
       6.487     0.998047       657723       512.00
       6.575     0.998242       657850       568.89
       6.679     0.998437       657978       640.00
       6.819     0.998633       658112       731.43
       7.047     0.998828       658235       853.33
       7.375     0.999023       658363      1024.00
       7.639     0.999121       658427      1137.78
       7.991     0.999219       658492      1280.00
       8.647     0.999316       658556      1462.86
       9.447     0.999414       658620      1706.67
      11.727     0.999512       658685      2048.00
      12.911     0.999561       658717      2275.56
      14.463     0.999609       658749      2560.00
      16.303     0.999658       658781      2925.71
      17.743     0.999707       658813      3413.33
      18.991     0.999756       658846      4096.00
      19.455     0.999780       658862      4551.11
      20.047     0.999805       658878      5120.00
      20.975     0.999829       658895      5851.43
      21.647     0.999854       658910      6826.67
      23.055     0.999878       658927      8192.00
      23.407     0.999890       658934      9102.22
      23.839     0.999902       658942     10240.00
      24.383     0.999915       658950     11702.86
      24.703     0.999927       658960     13653.33
      25.423     0.999939       658966     16384.00
      25.599     0.999945       658970     18204.44
      26.367     0.999951       658974     20480.00
      26.623     0.999957       658978     23405.71
      26.975     0.999963       658982     27306.67
      27.359     0.999969       658986     32768.00
      27.583     0.999973       658988     36408.89
      27.823     0.999976       658990     40960.00
      27.903     0.999979       658992     46811.43
      28.287     0.999982       658994     54613.33
      28.879     0.999985       658996     65536.00
      29.023     0.999986       658997     72817.78
      29.247     0.999988       658998     81920.00
      29.695     0.999989       658999     93622.86
      29.839     0.999991       659000    109226.67
      30.063     0.999992       659001    131072.00
      30.159     0.999993       659002    145635.56
      30.159     0.999994       659002    163840.00
      30.495     0.999995       659003    187245.71
      30.495     0.999995       659003    218453.33
      30.735     0.999996       659004    262144.00
      30.735     0.999997       659004    291271.11
      30.735     0.999997       659004    327680.00
      31.295     0.999997       659005    374491.43
      31.295     0.999998       659005    436906.67
      31.295     0.999998       659005    524288.00
      31.295     0.999998       659005    582542.22
      31.295     0.999998       659005    655360.00
      31.503     0.999999       659006    748982.86
      31.503     1.000000       659006          inf
#[Mean    =        2.354, StdDeviation   =        1.267]
#[Max     =       31.488, Total count    =       659006]
#[Buckets =           27, SubBuckets     =         2048]
----------------------------------------------------------
  718184 requests in 2.00m, 6.17GB read
Requests/sec:   5984.84
Transfer/sec:     52.61MB
