Running 2m test @ http://localhost:9002/api/v1/users
  4 threads and 128 connections
  Thread calibration: mean lat.: 1.450ms, rate sampling interval: 10ms
  Thread calibration: mean lat.: 1.499ms, rate sampling interval: 10ms
  Thread calibration: mean lat.: 1.473ms, rate sampling interval: 10ms
  Thread calibration: mean lat.: 1.496ms, rate sampling interval: 10ms
  Thread Stats   Avg      Stdev     Max   +/- Stdev
    Latency     1.48ms  410.97us   3.97ms   65.97%
    Req/Sec   524.41    107.91     0.90k    55.55%
  Latency Distribution (HdrHistogram - Recorded Latency)
 50.000%    1.46ms
 75.000%    1.76ms
 90.000%    2.04ms
 99.000%    2.52ms
 99.900%    2.81ms
 99.990%    3.50ms
 99.999%    3.82ms
100.000%    3.97ms

  Detailed Percentile spectrum:
       Value   Percentile   TotalCount 1/(1-Percentile)

       0.646     0.000000            1         1.00
       0.958     0.100000        22054         1.11
       1.099     0.200000        44064         1.25
       1.226     0.300000        65912         1.43
       1.343     0.400000        87928         1.67
       1.457     0.500000       109888         2.00
       1.515     0.550000       120969         2.22
       1.573     0.600000       131808         2.50
       1.632     0.650000       142856         2.86
       1.694     0.700000       153906         3.33
       1.756     0.750000       164756         4.00
       1.791     0.775000       170251         4.44
       1.828     0.800000       175760         5.00
       1.871     0.825000       181353         5.71
       1.916     0.850000       186724         6.67
       1.972     0.875000       192265         8.00
       2.003     0.887500       195002         8.89
       2.036     0.900000       197752        10.00
       2.075     0.912500       200555        11.43
       2.115     0.925000       203235        13.33
       2.159     0.937500       205966        16.00
       2.185     0.943750       207421        17.78
       2.213     0.950000       208758        20.00
       2.245     0.956250       210120        22.86
       2.281     0.962500       211477        26.67
       2.321     0.968750       212821        32.00
       2.345     0.971875       213507        35.56
       2.371     0.975000       214215        40.00
       2.397     0.978125       214931        45.71
       2.421     0.981250       215565        53.33
       2.451     0.984375       216248        64.00
       2.467     0.985938       216586        71.11
       2.483     0.987500       216935        80.00
       2.503     0.989062       217293        91.43
       2.521     0.990625       217613       106.67
       2.547     0.992188       217973       128.00
       2.559     0.992969       218154       142.22
       2.571     0.993750       218314       160.00
       2.585     0.994531       218472       182.86
       2.605     0.995313       218668       213.33
       2.623     0.996094       218825       256.00
       2.633     0.996484       218908       284.44
       2.647     0.996875       218992       320.00
       2.663     0.997266       219079       365.71
       2.679     0.997656       219168       426.67
       2.701     0.998047       219245       512.00
       2.719     0.998242       219290       568.89
       2.735     0.998437       219329       640.00
       2.759     0.998633       219374       731.43
       2.785     0.998828       219416       853.33
       2.819     0.999023       219460      1024.00
       2.845     0.999121       219479      1137.78
       2.869     0.999219       219503      1280.00
       2.889     0.999316       219522      1462.86
       2.937     0.999414       219546      1706.67
       2.997     0.999512       219565      2048.00
       3.029     0.999561       219577      2275.56
       3.061     0.999609       219587      2560.00
       3.105     0.999658       219597      2925.71
       3.145     0.999707       219608      3413.33
       3.205     0.999756       219619      4096.00
       3.255     0.999780       219624      4551.11
       3.321     0.999805       219630      5120.00
       3.351     0.999829       219635      5851.43
       3.409     0.999854       219640      6826.67
       3.461     0.999878       219646      8192.00
       3.475     0.999890       219648      9102.22
       3.523     0.999902       219652     10240.00
       3.533     0.999915       219654     11702.86
       3.609     0.999927       219656     13653.33
       3.629     0.999939       219659     16384.00
       3.633     0.999945       219660     18204.44
       3.685     0.999951       219662     20480.00
       3.709     0.999957       219663     23405.71
       3.739     0.999963       219665     27306.67
       3.749     0.999969       219666     32768.00
       3.749     0.999973       219666     36408.89
       3.803     0.999976       219667     40960.00
       3.809     0.999979       219668     46811.43
       3.809     0.999982       219668     54613.33
       3.813     0.999985       219669     65536.00
       3.813     0.999986       219669     72817.78
       3.815     0.999988       219670     81920.00
       3.815     0.999989       219670     93622.86
       3.815     0.999991       219670    109226.67
       3.971     0.999992       219671    131072.00
       3.971     0.999993       219671    145635.56
       3.971     0.999994       219671    163840.00
       3.971     0.999995       219671    187245.71
       3.971     0.999995       219671    218453.33
       3.973     0.999996       219672    262144.00
       3.973     1.000000       219672          inf
#[Mean    =        1.483, StdDeviation   =        0.411]
#[Max     =        3.972, Total count    =       219672]
#[Buckets =           27, SubBuckets     =         2048]
----------------------------------------------------------
  239904 requests in 2.00m, 2.06GB read
Requests/sec:   1999.16
Transfer/sec:     17.57MB
