Running 2m test @ http://localhost:9002/api/v1/users
  4 threads and 128 connections
  Thread calibration: mean lat.: 1.554ms, rate sampling interval: 10ms
  Thread calibration: mean lat.: 1.538ms, rate sampling interval: 10ms
  Thread calibration: mean lat.: 1.535ms, rate sampling interval: 10ms
  Thread calibration: mean lat.: 1.514ms, rate sampling interval: 10ms
  Thread Stats   Avg      Stdev     Max   +/- Stdev
    Latency     1.55ms  700.14us  37.18ms   88.88%
    Req/Sec     1.05k    89.03     4.00k    89.14%
  Latency Distribution (HdrHistogram - Recorded Latency)
 50.000%    1.48ms
 75.000%    1.83ms
 90.000%    2.17ms
 99.000%    2.70ms
 99.900%    6.36ms
 99.990%   26.83ms
 99.999%   33.85ms
100.000%   37.22ms

  Detailed Percentile spectrum:
       Value   Percentile   TotalCount 1/(1-Percentile)

       0.645     0.000000            1         1.00
       0.973     0.100000        44008         1.11
       1.119     0.200000        88139         1.25
       1.247     0.300000       132075         1.43
       1.364     0.400000       176065         1.67
       1.481     0.500000       219879         2.00
       1.543     0.550000       241942         2.22
       1.608     0.600000       263786         2.50
       1.676     0.650000       285858         2.86
       1.747     0.700000       307661         3.33
       1.828     0.750000       329739         4.00
       1.873     0.775000       340531         4.44
       1.923     0.800000       351631         5.00
       1.976     0.825000       362570         5.71
       2.033     0.850000       373476         6.67
       2.097     0.875000       384649         8.00
       2.131     0.887500       390212         8.89
       2.167     0.900000       395581        10.00
       2.207     0.912500       401162        11.43
       2.251     0.925000       406528        13.33
       2.301     0.937500       411947        16.00
       2.329     0.943750       414647        17.78
       2.361     0.950000       417443        20.00
       2.395     0.956250       420186        22.86
       2.429     0.962500       422927        26.67
       2.469     0.968750       425654        32.00
       2.491     0.971875       427050        35.56
       2.517     0.975000       428419        40.00
       2.543     0.978125       429769        45.71
       2.575     0.981250       431148        53.33
       2.613     0.984375       432521        64.00
       2.633     0.985938       433200        71.11
       2.655     0.987500       433881        80.00
       2.681     0.989062       434562        91.43
       2.709     0.990625       435275       106.67
       2.745     0.992188       435943       128.00
       2.767     0.992969       436279       142.22
       2.793     0.993750       436631       160.00
       2.827     0.994531       436965       182.86
       2.865     0.995313       437300       213.33
       2.915     0.996094       437639       256.00
       2.957     0.996484       437821       284.44
       3.009     0.996875       437984       320.00
       3.127     0.997266       438153       365.71
       3.297     0.997656       438328       426.67
       3.519     0.998047       438498       512.00
       3.671     0.998242       438583       568.89
       3.857     0.998437       438668       640.00
       4.043     0.998633       438755       731.43
       4.583     0.998828       438840       853.33
       6.679     0.999023       438925      1024.00
       8.943     0.999121       438968      1137.78
      10.743     0.999219       439011      1280.00
      12.247     0.999316       439054      1462.86
      14.039     0.999414       439097      1706.67
      15.671     0.999512       439141      2048.00
      16.215     0.999561       439161      2275.56
      17.727     0.999609       439183      2560.00
      19.183     0.999658       439204      2925.71
      20.591     0.999707       439226      3413.33
      21.887     0.999756       439247      4096.00
      22.863     0.999780       439258      4551.11
      23.679     0.999805       439269      5120.00
      24.543     0.999829       439280      5851.43
      25.439     0.999854       439290      6826.67
      26.207     0.999878       439301      8192.00
      26.623     0.999890       439306      9102.22
      27.135     0.999902       439312     10240.00
      27.503     0.999915       439317     11702.86
      28.143     0.999927       439322     13653.33
      28.671     0.999939       439328     16384.00
      29.055     0.999945       439330     18204.44
      29.535     0.999951       439333     20480.00
      30.751     0.999957       439336     23405.71
      30.847     0.999963       439338     27306.67
      31.295     0.999969       439341     32768.00
      31.663     0.999973       439342     36408.89
      31.775     0.999976       439344     40960.00
      32.047     0.999979       439345     46811.43
      32.207     0.999982       439346     54613.33
      32.927     0.999985       439348     65536.00
      32.927     0.999986       439348     72817.78
      32.991     0.999988       439349     81920.00
      33.855     0.999989       439350     93622.86
      33.855     0.999991       439350    109226.67
      34.943     0.999992       439351    131072.00
      34.943     0.999993       439351    145635.56
      35.647     0.999994       439352    163840.00
      35.647     0.999995       439352    187245.71
      35.647     0.999995       439352    218453.33
      36.735     0.999996       439353    262144.00
      36.735     0.999997       439353    291271.11
      36.735     0.999997       439353    327680.00
      36.735     0.999997       439353    374491.43
      36.735     0.999998       439353    436906.67
      37.215     0.999998       439354    524288.00
      37.215     1.000000       439354          inf
#[Mean    =        1.548, StdDeviation   =        0.700]
#[Max     =       37.184, Total count    =       439354]
#[Buckets =           27, SubBuckets     =         2048]
----------------------------------------------------------
  479747 requests in 2.00m, 4.12GB read
Requests/sec:   3997.87
Transfer/sec:     35.15MB
