Running 2m test @ http://localhost:9008/api/v1/user?id=1
  4 threads and 128 connections
  Thread calibration: mean lat.: 0.896ms, rate sampling interval: 10ms
  Thread calibration: mean lat.: 0.884ms, rate sampling interval: 10ms
  Thread calibration: mean lat.: 0.886ms, rate sampling interval: 10ms
  Thread calibration: mean lat.: 0.875ms, rate sampling interval: 10ms
  Thread Stats   Avg      Stdev     Max   +/- Stdev
    Latency     0.89ms  403.87us   5.12ms   64.06%
    Req/Sec     1.07k    79.11     1.33k    84.78%
  Latency Distribution (HdrHistogram - Recorded Latency)
 50.000%    0.87ms
 75.000%    1.18ms
 90.000%    1.41ms
 99.000%    1.87ms
 99.900%    2.10ms
 99.990%    2.49ms
 99.999%    4.11ms
100.000%    5.12ms

  Detailed Percentile spectrum:
       Value   Percentile   TotalCount 1/(1-Percentile)

       0.136     0.000000            1         1.00
       0.351     0.100000        44101         1.11
       0.497     0.200000        87889         1.25
       0.634     0.300000       131809         1.43
       0.754     0.400000       175855         1.67
       0.872     0.500000       219983         2.00
       0.929     0.550000       241853         2.22
       0.987     0.600000       263881         2.50
       1.052     0.650000       285739         2.86
       1.117     0.700000       307654         3.33
       1.181     0.750000       329859         4.00
       1.212     0.775000       340721         4.44
       1.245     0.800000       351567         5.00
       1.285     0.825000       362629         5.71
       1.326     0.850000       373476         6.67
       1.366     0.875000       384440         8.00
       1.387     0.887500       390072         8.89
       1.410     0.900000       395500        10.00
       1.441     0.912500       401011        11.43
       1.479     0.925000       406528        13.33
       1.522     0.937500       411900        16.00
       1.548     0.943750       414675        17.78
       1.575     0.950000       417422        20.00
       1.605     0.956250       420207        22.86
       1.638     0.962500       422949        26.67
       1.675     0.968750       425709        32.00
       1.695     0.971875       427045        35.56
       1.719     0.975000       428392        40.00
       1.746     0.978125       429784        45.71
       1.772     0.981250       431130        53.33
       1.802     0.984375       432501        64.00
       1.819     0.985938       433184        71.11
       1.837     0.987500       433878        80.00
       1.856     0.989062       434562        91.43
       1.877     0.990625       435259       106.67
       1.897     0.992188       435932       128.00
       1.910     0.992969       436281       142.22
       1.923     0.993750       436642       160.00
       1.936     0.994531       436964       182.86
       1.952     0.995313       437318       213.33
       1.969     0.996094       437667       256.00
       1.978     0.996484       437816       284.44
       1.989     0.996875       437999       320.00
       2.002     0.997266       438166       365.71
       2.016     0.997656       438344       426.67
       2.031     0.998047       438507       512.00
       2.042     0.998242       438597       568.89
       2.055     0.998437       438685       640.00
       2.067     0.998633       438771       731.43
       2.081     0.998828       438848       853.33
       2.097     0.999023       438939      1024.00
       2.105     0.999121       438979      1137.78
       2.115     0.999219       439020      1280.00
       2.127     0.999316       439068      1462.86
       2.141     0.999414       439109      1706.67
       2.155     0.999512       439153      2048.00
       2.161     0.999561       439169      2275.56
       2.169     0.999609       439190      2560.00
       2.179     0.999658       439210      2925.71
       2.197     0.999707       439232      3413.33
       2.215     0.999756       439253      4096.00
       2.241     0.999780       439265      4551.11
       2.257     0.999805       439276      5120.00
       2.279     0.999829       439285      5851.43
       2.311     0.999854       439296      6826.67
       2.417     0.999878       439307      8192.00
       2.461     0.999890       439312      9102.22
       2.535     0.999902       439318     10240.00
       2.687     0.999915       439323     11702.86
       2.769     0.999927       439328     13653.33
       2.987     0.999939       439334     16384.00
       3.003     0.999945       439336     18204.44
       3.237     0.999951       439339     20480.00
       3.365     0.999957       439342     23405.71
       3.395     0.999963       439344     27306.67
       3.479     0.999969       439347     32768.00
       3.489     0.999973       439348     36408.89
       3.579     0.999976       439350     40960.00
       3.749     0.999979       439351     46811.43
       3.815     0.999982       439352     54613.33
       3.961     0.999985       439354     65536.00
       3.961     0.999986       439354     72817.78
       4.019     0.999988       439355     81920.00
       4.111     0.999989       439356     93622.86
       4.111     0.999991       439356    109226.67
       4.339     0.999992       439357    131072.00
       4.339     0.999993       439357    145635.56
       4.363     0.999994       439358    163840.00
       4.363     0.999995       439358    187245.71
       4.363     0.999995       439358    218453.33
       4.883     0.999996       439359    262144.00
       4.883     0.999997       439359    291271.11
       4.883     0.999997       439359    327680.00
       4.883     0.999997       439359    374491.43
       4.883     0.999998       439359    436906.67
       5.119     0.999998       439360    524288.00
       5.119     1.000000       439360          inf
#[Mean    =        0.887, StdDeviation   =        0.404]
#[Max     =        5.116, Total count    =       439360]
#[Buckets =           27, SubBuckets     =         2048]
----------------------------------------------------------
  479752 requests in 2.00m, 148.78MB read
Requests/sec:   3997.91
Transfer/sec:      1.24MB
