Running 2m test @ http://localhost:9000/api/v1/users
  4 threads and 128 connections
  Thread calibration: mean lat.: 1.573ms, rate sampling interval: 10ms
  Thread calibration: mean lat.: 1.560ms, rate sampling interval: 10ms
  Thread calibration: mean lat.: 1.564ms, rate sampling interval: 10ms
  Thread calibration: mean lat.: 1.570ms, rate sampling interval: 10ms
  Thread Stats   Avg      Stdev     Max   +/- Stdev
    Latency     1.66ms  771.60us  38.24ms   87.86%
    Req/Sec     1.58k   156.31     4.67k    71.56%
  Latency Distribution (HdrHistogram - Recorded Latency)
 50.000%    1.57ms
 75.000%    1.97ms
 90.000%    2.39ms
 99.000%    2.95ms
 99.900%   10.98ms
 99.990%   24.98ms
 99.999%   29.28ms
100.000%   38.27ms

  Detailed Percentile spectrum:
       Value   Percentile   TotalCount 1/(1-Percentile)

       0.601     0.000000            1         1.00
       1.028     0.100000        66145         1.11
       1.177     0.200000       131999         1.25
       1.311     0.300000       198099         1.43
       1.440     0.400000       264029         1.67
       1.571     0.500000       329873         2.00
       1.638     0.550000       362750         2.22
       1.708     0.600000       395543         2.50
       1.784     0.650000       428721         2.86
       1.869     0.700000       461623         3.33
       1.966     0.750000       494404         4.00
       2.021     0.775000       510926         4.44
       2.081     0.800000       527487         5.00
       2.147     0.825000       543928         5.71
       2.223     0.850000       560485         6.67
       2.305     0.875000       576808         8.00
       2.349     0.887500       584968         8.89
       2.395     0.900000       593404        10.00
       2.441     0.912500       601412        11.43
       2.493     0.925000       609756        13.33
       2.547     0.937500       617882        16.00
       2.577     0.943750       622100        17.78
       2.609     0.950000       626200        20.00
       2.643     0.956250       630410        22.86
       2.679     0.962500       634518        26.67
       2.717     0.968750       638442        32.00
       2.741     0.971875       640636        35.56
       2.765     0.975000       642690        40.00
       2.793     0.978125       644733        45.71
       2.823     0.981250       646688        53.33
       2.859     0.984375       648802        64.00
       2.879     0.985938       649826        71.11
       2.901     0.987500       650808        80.00
       2.929     0.989062       651866        91.43
       2.963     0.990625       652888       106.67
       3.007     0.992188       653898       128.00
       3.039     0.992969       654409       142.22
       3.079     0.993750       654930       160.00
       3.127     0.994531       655436       182.86
       3.191     0.995313       655959       213.33
       3.279     0.996094       656463       256.00
       3.345     0.996484       656722       284.44
       3.435     0.996875       656976       320.00
       3.553     0.997266       657234       365.71
       3.739     0.997656       657492       426.67
       4.103     0.998047       657749       512.00
       4.483     0.998242       657878       568.89
       5.411     0.998437       658006       640.00
       6.859     0.998633       658134       731.43
       8.983     0.998828       658263       853.33
      11.271     0.999023       658392      1024.00
      12.503     0.999121       658456      1137.78
      13.631     0.999219       658521      1280.00
      15.239     0.999316       658585      1462.86
      16.911     0.999414       658649      1706.67
      18.511     0.999512       658716      2048.00
      19.311     0.999561       658747      2275.56
      20.095     0.999609       658780      2560.00
      20.863     0.999658       658811      2925.71
      21.615     0.999707       658843      3413.33
      22.223     0.999756       658875      4096.00
      22.623     0.999780       658891      4551.11
      23.055     0.999805       658908      5120.00
      23.407     0.999829       658923      5851.43
      23.887     0.999854       658939      6826.67
      24.511     0.999878       658957      8192.00
      24.751     0.999890       658963      9102.22
      25.151     0.999902       658971     10240.00
      25.407     0.999915       658979     11702.86
      25.695     0.999927       658987     13653.33
      26.239     0.999939       658995     16384.00
      26.655     0.999945       659000     18204.44
      26.767     0.999951       659003     20480.00
      26.863     0.999957       659007     23405.71
      27.119     0.999963       659011     27306.67
      27.663     0.999969       659016     32768.00
      27.839     0.999973       659017     36408.89
      27.951     0.999976       659019     40960.00
      28.047     0.999979       659021     46811.43
      28.303     0.999982       659023     54613.33
      28.735     0.999985       659025     65536.00
      28.799     0.999986       659026     72817.78
      29.247     0.999988       659027     81920.00
      29.279     0.999989       659028     93622.86
      29.567     0.999991       659029    109226.67
      29.775     0.999992       659030    131072.00
      29.919     0.999993       659031    145635.56
      29.919     0.999994       659031    163840.00
      31.439     0.999995       659032    187245.71
      31.439     0.999995       659032    218453.33
      34.911     0.999996       659033    262144.00
      34.911     0.999997       659033    291271.11
      34.911     0.999997       659033    327680.00
      35.423     0.999997       659034    374491.43
      35.423     0.999998       659034    436906.67
      35.423     0.999998       659034    524288.00
      35.423     0.999998       659034    582542.22
      35.423     0.999998       659034    655360.00
      38.271     0.999999       659035    748982.86
      38.271     1.000000       659035          inf
#[Mean    =        1.662, StdDeviation   =        0.772]
#[Max     =       38.240, Total count    =       659035]
#[Buckets =           27, SubBuckets     =         2048]
----------------------------------------------------------
  719588 requests in 2.00m, 6.17GB read
Requests/sec:   5996.55
Transfer/sec:     52.62MB
