Running 2m test @ http://localhost:9002/api/v1/users
  4 threads and 128 connections
  Thread calibration: mean lat.: 1.801ms, rate sampling interval: 10ms
  Thread calibration: mean lat.: 1.786ms, rate sampling interval: 10ms
  Thread calibration: mean lat.: 1.820ms, rate sampling interval: 10ms
  Thread calibration: mean lat.: 1.804ms, rate sampling interval: 10ms
  Thread Stats   Avg      Stdev     Max   +/- Stdev
    Latency     1.81ms    0.97ms  40.51ms   95.98%
    Req/Sec     2.11k   191.35     4.22k    69.71%
  Latency Distribution (HdrHistogram - Recorded Latency)
 50.000%    1.71ms
 75.000%    2.04ms
 90.000%    2.38ms
 99.000%    3.66ms
 99.900%   18.33ms
 99.990%   30.50ms
 99.999%   35.94ms
100.000%   40.54ms

  Detailed Percentile spectrum:
       Value   Percentile   TotalCount 1/(1-Percentile)

       0.691     0.000000            1         1.00
       1.205     0.100000        88149         1.11
       1.352     0.200000       176120         1.25
       1.476     0.300000       264212         1.43
       1.594     0.400000       351583         1.67
       1.714     0.500000       439480         2.00
       1.775     0.550000       483436         2.22
       1.837     0.600000       527538         2.50
       1.901     0.650000       571265         2.86
       1.969     0.700000       615356         3.33
       2.043     0.750000       659495         4.00
       2.083     0.775000       681137         4.44
       2.127     0.800000       703237         5.00
       2.175     0.825000       725096         5.71
       2.229     0.850000       746961         6.67
       2.295     0.875000       769381         8.00
       2.333     0.887500       780367         8.89
       2.375     0.900000       791106        10.00
       2.425     0.912500       802136        11.43
       2.485     0.925000       813040        13.33
       2.561     0.937500       824003        16.00
       2.605     0.943750       829308        17.78
       2.659     0.950000       834788        20.00
       2.723     0.956250       840395        22.86
       2.795     0.962500       845831        26.67
       2.881     0.968750       851272        32.00
       2.931     0.971875       854041        35.56
       2.987     0.975000       856842        40.00
       3.051     0.978125       859527        45.71
       3.135     0.981250       862283        53.33
       3.251     0.984375       865007        64.00
       3.329     0.985938       866376        71.11
       3.431     0.987500       867749        80.00
       3.565     0.989062       869125        91.43
       3.745     0.990625       870492       106.67
       3.977     0.992188       871863       128.00
       4.115     0.992969       872555       142.22
       4.263     0.993750       873226       160.00
       4.459     0.994531       873915       182.86
       4.691     0.995313       874602       213.33
       4.995     0.996094       875294       256.00
       5.195     0.996484       875631       284.44
       5.455     0.996875       875972       320.00
       5.847     0.997266       876316       365.71
       6.531     0.997656       876658       426.67
       7.935     0.998047       877001       512.00
       9.399     0.998242       877173       568.89
      11.263     0.998437       877346       640.00
      13.711     0.998633       877516       731.43
      16.247     0.998828       877688       853.33
      18.575     0.999023       877859      1024.00
      19.871     0.999121       877945      1137.78
      21.039     0.999219       878033      1280.00
      22.095     0.999316       878117      1462.86
      23.103     0.999414       878203      1706.67
      24.191     0.999512       878288      2048.00
      24.895     0.999561       878331      2275.56
      25.439     0.999609       878375      2560.00
      26.143     0.999658       878417      2925.71
      26.863     0.999707       878462      3413.33
      27.423     0.999756       878503      4096.00
      27.791     0.999780       878525      4551.11
      28.207     0.999805       878547      5120.00
      28.527     0.999829       878568      5851.43
      29.215     0.999854       878589      6826.67
      29.791     0.999878       878611      8192.00
      30.191     0.999890       878621      9102.22
      30.639     0.999902       878632     10240.00
      30.991     0.999915       878642     11702.86
      31.343     0.999927       878654     13653.33
      31.679     0.999939       878664     16384.00
      31.903     0.999945       878669     18204.44
      32.303     0.999951       878676     20480.00
      32.383     0.999957       878680     23405.71
      32.703     0.999963       878685     27306.67
      33.151     0.999969       878691     32768.00
      33.407     0.999973       878693     36408.89
      33.791     0.999976       878696     40960.00
      34.047     0.999979       878699     46811.43
      34.719     0.999982       878701     54613.33
      35.039     0.999985       878704     65536.00
      35.679     0.999986       878705     72817.78
      35.903     0.999988       878707     81920.00
      35.935     0.999989       878708     93622.86
      35.999     0.999991       878709    109226.67
      36.767     0.999992       878711    131072.00
      36.767     0.999993       878711    145635.56
      37.215     0.999994       878712    163840.00
      37.407     0.999995       878713    187245.71
      37.407     0.999995       878713    218453.33
      37.631     0.999996       878714    262144.00
      37.631     0.999997       878714    291271.11
      37.663     0.999997       878715    327680.00
      37.663     0.999997       878715    374491.43
      37.663     0.999998       878715    436906.67
      37.919     0.999998       878716    524288.00
      37.919     0.999998       878716    582542.22
      37.919     0.999998       878716    655360.00
      37.919     0.999999       878716    748982.86
      37.919     0.999999       878716    873813.33
      40.543     0.999999       878717   1048576.00
      40.543     1.000000       878717          inf
#[Mean    =        1.810, StdDeviation   =        0.970]
#[Max     =       40.512, Total count    =       878717]
#[Buckets =           27, SubBuckets     =         2048]
----------------------------------------------------------
  959429 requests in 2.00m, 8.24GB read
Requests/sec:   7995.23
Transfer/sec:     70.29MB
