Running 2m test @ http://localhost:9003/api/v1/user?id=1
  4 threads and 128 connections
  Thread calibration: mean lat.: 0.965ms, rate sampling interval: 10ms
  Thread calibration: mean lat.: 0.960ms, rate sampling interval: 10ms
  Thread calibration: mean lat.: 0.961ms, rate sampling interval: 10ms
  Thread calibration: mean lat.: 0.955ms, rate sampling interval: 10ms
  Thread Stats   Avg      Stdev     Max   +/- Stdev
    Latency     0.96ms  503.55us  13.83ms   73.52%
    Req/Sec     3.93k   263.35     7.11k    72.07%
  Latency Distribution (HdrHistogram - Recorded Latency)
 50.000%    0.95ms
 75.000%    1.27ms
 90.000%    1.49ms
 99.000%    2.00ms
 99.900%    6.50ms
 99.990%    9.33ms
 99.999%   11.78ms
100.000%   13.84ms

  Detailed Percentile spectrum:
       Value   Percentile   TotalCount 1/(1-Percentile)

       0.118     0.000000            2         1.00
       0.379     0.100000       165311         1.11
       0.532     0.200000       329743         1.25
       0.680     0.300000       494453         1.43
       0.820     0.400000       659874         1.67
       0.950     0.500000       824962         2.00
       1.013     0.550000       907474         2.22
       1.076     0.600000       988954         2.50
       1.141     0.650000      1072016         2.86
       1.205     0.700000      1153651         3.33
       1.271     0.750000      1236076         4.00
       1.305     0.775000      1277744         4.44
       1.339     0.800000      1318877         5.00
       1.373     0.825000      1359380         5.71
       1.409     0.850000      1401554         6.67
       1.447     0.875000      1442346         8.00
       1.469     0.887500      1463109         8.89
       1.493     0.900000      1483070        10.00
       1.522     0.912500      1503735        11.43
       1.556     0.925000      1524151        13.33
       1.599     0.937500      1544790        16.00
       1.625     0.943750      1554956        17.78
       1.656     0.950000      1565410        20.00
       1.691     0.956250      1575597        22.86
       1.732     0.962500      1585971        26.67
       1.776     0.968750      1596300        32.00
       1.801     0.971875      1601403        35.56
       1.826     0.975000      1606413        40.00
       1.856     0.978125      1611594        45.71
       1.887     0.981250      1616724        53.33
       1.923     0.984375      1621863        64.00
       1.943     0.985938      1624456        71.11
       1.965     0.987500      1627063        80.00
       1.988     0.989062      1629576        91.43
       2.015     0.990625      1632156       106.67
       2.046     0.992188      1634773       128.00
       2.065     0.992969      1636082       142.22
       2.085     0.993750      1637296       160.00
       2.113     0.994531      1638615       182.86
       2.147     0.995313      1639935       213.33
       2.201     0.996094      1641190       256.00
       2.243     0.996484      1641810       284.44
       2.349     0.996875      1642450       320.00
       2.873     0.997266      1643089       365.71
       3.525     0.997656      1643734       426.67
       4.211     0.998047      1644376       512.00
       4.579     0.998242      1644699       568.89
       5.023     0.998437      1645019       640.00
       5.535     0.998633      1645341       731.43
       6.007     0.998828      1645664       853.33
       6.551     0.999023      1645985      1024.00
       6.851     0.999121      1646145      1137.78
       7.135     0.999219      1646307      1280.00
       7.399     0.999316      1646468      1462.86
       7.639     0.999414      1646628      1706.67
       7.911     0.999512      1646793      2048.00
       8.039     0.999561      1646871      2275.56
       8.183     0.999609      1646952      2560.00
       8.335     0.999658      1647030      2925.71
       8.495     0.999707      1647111      3413.33
       8.647     0.999756      1647191      4096.00
       8.719     0.999780      1647233      4551.11
       8.823     0.999805      1647273      5120.00
       8.935     0.999829      1647313      5851.43
       9.055     0.999854      1647353      6826.67
       9.175     0.999878      1647392      8192.00
       9.263     0.999890      1647412      9102.22
       9.359     0.999902      1647433     10240.00
       9.463     0.999915      1647453     11702.86
       9.543     0.999927      1647473     13653.33
       9.639     0.999939      1647493     16384.00
       9.727     0.999945      1647504     18204.44
       9.863     0.999951      1647513     20480.00
       9.959     0.999957      1647523     23405.71
      10.063     0.999963      1647533     27306.67
      10.143     0.999969      1647543     32768.00
      10.423     0.999973      1647548     36408.89
      10.567     0.999976      1647554     40960.00
      10.639     0.999979      1647558     46811.43
      10.767     0.999982      1647563     54613.33
      11.039     0.999985      1647568     65536.00
      11.135     0.999986      1647571     72817.78
      11.175     0.999988      1647573     81920.00
      11.303     0.999989      1647576     93622.86
      11.847     0.999991      1647578    109226.67
      12.143     0.999992      1647581    131072.00
      12.231     0.999993      1647582    145635.56
      12.295     0.999994      1647583    163840.00
      12.431     0.999995      1647585    187245.71
      12.503     0.999995      1647586    218453.33
      12.535     0.999996      1647587    262144.00
      12.679     0.999997      1647588    291271.11
      12.679     0.999997      1647588    327680.00
      12.727     0.999997      1647589    374491.43
      13.127     0.999998      1647590    436906.67
      13.127     0.999998      1647590    524288.00
      13.239     0.999998      1647591    582542.22
      13.239     0.999998      1647591    655360.00
      13.239     0.999999      1647591    748982.86
      13.287     0.999999      1647592    873813.33
      13.287     0.999999      1647592   1048576.00
      13.287     0.999999      1647592   1165084.44
      13.287     0.999999      1647592   1310720.00
      13.287     0.999999      1647592   1497965.71
      13.839     0.999999      1647593   1747626.67
      13.839     1.000000      1647593          inf
#[Mean    =        0.964, StdDeviation   =        0.504]
#[Max     =       13.832, Total count    =      1647593]
#[Buckets =           27, SubBuckets     =         2048]
----------------------------------------------------------
  1798879 requests in 2.00m, 197.29MB read
Requests/sec:  14990.63
Transfer/sec:      1.64MB
