Running 2m test @ http://localhost:9008/api/v1/users
  4 threads and 128 connections
  Thread calibration: mean lat.: 1.367ms, rate sampling interval: 10ms
  Thread calibration: mean lat.: 1.359ms, rate sampling interval: 10ms
  Thread calibration: mean lat.: 1.351ms, rate sampling interval: 10ms
  Thread calibration: mean lat.: 1.355ms, rate sampling interval: 10ms
  Thread Stats   Avg      Stdev     Max   +/- Stdev
    Latency     1.37ms  421.89us   5.32ms   65.65%
    Req/Sec   790.12    103.67     1.11k    71.41%
  Latency Distribution (HdrHistogram - Recorded Latency)
 50.000%    1.34ms
 75.000%    1.65ms
 90.000%    1.95ms
 99.000%    2.38ms
 99.900%    2.67ms
 99.990%    3.49ms
 99.999%    4.69ms
100.000%    5.32ms

  Detailed Percentile spectrum:
       Value   Percentile   TotalCount 1/(1-Percentile)

       0.533     0.000000            1         1.00
       0.828     0.100000        33091         1.11
       0.975     0.200000        66070         1.25
       1.103     0.300000        99010         1.43
       1.223     0.400000       132059         1.67
       1.339     0.500000       165005         2.00
       1.399     0.550000       181458         2.22
       1.461     0.600000       197937         2.50
       1.524     0.650000       214339         2.86
       1.587     0.700000       230864         3.33
       1.652     0.750000       247356         4.00
       1.688     0.775000       255478         4.44
       1.729     0.800000       263702         5.00
       1.773     0.825000       271907         5.71
       1.823     0.850000       280141         6.67
       1.879     0.875000       288378         8.00
       1.912     0.887500       292498         8.89
       1.948     0.900000       296655        10.00
       1.987     0.912500       300760        11.43
       2.028     0.925000       304831        13.33
       2.073     0.937500       308961        16.00
       2.099     0.943750       311145        17.78
       2.123     0.950000       313135        20.00
       2.149     0.956250       315137        22.86
       2.177     0.962500       317165        26.67
       2.207     0.968750       319306        32.00
       2.223     0.971875       320306        35.56
       2.243     0.975000       321371        40.00
       2.263     0.978125       322366        45.71
       2.287     0.981250       323417        53.33
       2.313     0.984375       324389        64.00
       2.329     0.985938       324924        71.11
       2.345     0.987500       325427        80.00
       2.363     0.989062       325932        91.43
       2.385     0.990625       326444       106.67
       2.411     0.992188       326974       128.00
       2.425     0.992969       327207       142.22
       2.441     0.993750       327478       160.00
       2.459     0.994531       327732       182.86
       2.477     0.995313       327984       213.33
       2.497     0.996094       328252       256.00
       2.511     0.996484       328377       284.44
       2.523     0.996875       328495       320.00
       2.541     0.997266       328641       365.71
       2.557     0.997656       328753       426.67
       2.579     0.998047       328883       512.00
       2.593     0.998242       328948       568.89
       2.607     0.998437       329013       640.00
       2.623     0.998633       329073       731.43
       2.645     0.998828       329137       853.33
       2.675     0.999023       329202      1024.00
       2.697     0.999121       329234      1137.78
       2.709     0.999219       329265      1280.00
       2.729     0.999316       329301      1462.86
       2.759     0.999414       329331      1706.67
       2.789     0.999512       329363      2048.00
       2.819     0.999561       329378      2275.56
       2.853     0.999609       329394      2560.00
       2.937     0.999658       329410      2925.71
       3.005     0.999707       329426      3413.33
       3.085     0.999756       329443      4096.00
       3.159     0.999780       329451      4551.11
       3.203     0.999805       329458      5120.00
       3.251     0.999829       329466      5851.43
       3.283     0.999854       329474      6826.67
       3.375     0.999878       329482      8192.00
       3.441     0.999890       329486      9102.22
       3.509     0.999902       329490     10240.00
       3.617     0.999915       329494     11702.86
       3.653     0.999927       329498     13653.33
       3.747     0.999939       329502     16384.00
       3.795     0.999945       329505     18204.44
       3.963     0.999951       329506     20480.00
       4.031     0.999957       329508     23405.71
       4.135     0.999963       329510     27306.67
       4.219     0.999969       329512     32768.00
       4.251     0.999973       329513     36408.89
       4.271     0.999976       329514     40960.00
       4.291     0.999979       329515     46811.43
       4.495     0.999982       329516     54613.33
       4.603     0.999985       329517     65536.00
       4.651     0.999986       329518     72817.78
       4.651     0.999988       329518     81920.00
       4.691     0.999989       329519     93622.86
       4.691     0.999991       329519    109226.67
       4.863     0.999992       329520    131072.00
       4.863     0.999993       329520    145635.56
       4.863     0.999994       329520    163840.00
       5.299     0.999995       329521    187245.71
       5.299     0.999995       329521    218453.33
       5.299     0.999996       329521    262144.00
       5.299     0.999997       329521    291271.11
       5.299     0.999997       329521    327680.00
       5.319     0.999997       329522    374491.43
       5.319     1.000000       329522          inf
#[Mean    =        1.367, StdDeviation   =        0.422]
#[Max     =        5.316, Total count    =       329522]
#[Buckets =           27, SubBuckets     =         2048]
----------------------------------------------------------
  359830 requests in 2.00m, 3.15GB read
Requests/sec:   2998.53
Transfer/sec:     26.91MB
