Running 2m test @ http://localhost:9002/api/v1/user?id=1
  4 threads and 128 connections
  Thread calibration: mean lat.: 1.197ms, rate sampling interval: 10ms
  Thread calibration: mean lat.: 1.203ms, rate sampling interval: 10ms
  Thread calibration: mean lat.: 1.210ms, rate sampling interval: 10ms
  Thread calibration: mean lat.: 1.210ms, rate sampling interval: 10ms
  Thread Stats   Avg      Stdev     Max   +/- Stdev
    Latency     1.21ms  697.47us  31.14ms   82.77%
    Req/Sec     6.58k   515.31    16.89k    80.61%
  Latency Distribution (HdrHistogram - Recorded Latency)
 50.000%    1.14ms
 75.000%    1.55ms
 90.000%    1.87ms
 99.000%    2.53ms
 99.900%    7.48ms
 99.990%   23.81ms
 99.999%   29.98ms
100.000%   31.15ms

  Detailed Percentile spectrum:
       Value   Percentile   TotalCount 1/(1-Percentile)

       0.124     0.000000            1         1.00
       0.540     0.100000       275377         1.11
       0.702     0.200000       550477         1.25
       0.849     0.300000       824556         1.43
       0.994     0.400000      1098425         1.67
       1.143     0.500000      1373729         2.00
       1.220     0.550000      1511338         2.22
       1.299     0.600000      1648861         2.50
       1.380     0.650000      1785522         2.86
       1.463     0.700000      1922602         3.33
       1.550     0.750000      2060811         4.00
       1.595     0.775000      2129281         4.44
       1.642     0.800000      2198074         5.00
       1.691     0.825000      2265601         5.71
       1.746     0.850000      2335174         6.67
       1.805     0.875000      2403157         8.00
       1.838     0.887500      2437797         8.89
       1.873     0.900000      2471824        10.00
       1.912     0.912500      2506332        11.43
       1.955     0.925000      2540513        13.33
       2.004     0.937500      2574647        16.00
       2.032     0.943750      2591958        17.78
       2.063     0.950000      2609347        20.00
       2.097     0.956250      2626168        22.86
       2.137     0.962500      2643462        26.67
       2.183     0.968750      2660592        32.00
       2.209     0.971875      2668882        35.56
       2.241     0.975000      2677907        40.00
       2.275     0.978125      2686296        45.71
       2.315     0.981250      2694584        53.33
       2.367     0.984375      2703309        64.00
       2.399     0.985938      2707544        71.11
       2.437     0.987500      2711737        80.00
       2.489     0.989062      2716061        91.43
       2.561     0.990625      2720298       106.67
       2.703     0.992188      2724548       128.00
       2.875     0.992969      2726698       142.22
       3.229     0.993750      2728845       160.00
       3.649     0.994531      2730983       182.86
       4.079     0.995313      2733130       213.33
       4.575     0.996094      2735281       256.00
       4.835     0.996484      2736361       284.44
       5.131     0.996875      2737424       320.00
       5.471     0.997266      2738492       365.71
       5.851     0.997656      2739566       426.67
       6.279     0.998047      2740641       512.00
       6.499     0.998242      2741174       568.89
       6.739     0.998437      2741709       640.00
       6.987     0.998633      2742247       731.43
       7.235     0.998828      2742789       853.33
       7.523     0.999023      2743321      1024.00
       7.659     0.999121      2743589      1137.78
       7.827     0.999219      2743854      1280.00
       8.027     0.999316      2744125      1462.86
       8.279     0.999414      2744391      1706.67
       8.559     0.999512      2744661      2048.00
       8.743     0.999561      2744798      2275.56
       8.991     0.999609      2744928      2560.00
       9.479     0.999658      2745064      2925.71
      11.023     0.999707      2745195      3413.33
      14.207     0.999756      2745329      4096.00
      15.583     0.999780      2745396      4551.11
      17.503     0.999805      2745463      5120.00
      18.927     0.999829      2745532      5851.43
      20.719     0.999854      2745597      6826.67
      22.143     0.999878      2745664      8192.00
      22.943     0.999890      2745698      9102.22
      23.903     0.999902      2745731     10240.00
      24.527     0.999915      2745765     11702.86
      25.359     0.999927      2745798     13653.33
      26.255     0.999939      2745832     16384.00
      26.783     0.999945      2745849     18204.44
      27.119     0.999951      2745865     20480.00
      27.583     0.999957      2745883     23405.71
      27.951     0.999963      2745899     27306.67
      28.367     0.999969      2745916     32768.00
      28.591     0.999973      2745925     36408.89
      28.815     0.999976      2745933     40960.00
      28.959     0.999979      2745942     46811.43
      29.151     0.999982      2745949     54613.33
      29.599     0.999985      2745958     65536.00
      29.743     0.999986      2745962     72817.78
      29.807     0.999988      2745967     81920.00
      29.935     0.999989      2745970     93622.86
      30.047     0.999991      2745974    109226.67
      30.159     0.999992      2745979    131072.00
      30.255     0.999993      2745982    145635.56
      30.287     0.999994      2745983    163840.00
      30.399     0.999995      2745985    187245.71
      30.431     0.999995      2745987    218453.33
      30.543     0.999996      2745990    262144.00
      30.543     0.999997      2745990    291271.11
      30.559     0.999997      2745992    327680.00
      30.559     0.999997      2745992    374491.43
      30.607     0.999998      2745993    436906.67
      30.623     0.999998      2745994    524288.00
      30.735     0.999998      2745995    582542.22
      30.735     0.999998      2745995    655360.00
      30.799     0.999999      2745996    748982.86
      30.799     0.999999      2745996    873813.33
      30.847     0.999999      2745997   1048576.00
      30.847     0.999999      2745997   1165084.44
      30.847     0.999999      2745997   1310720.00
      31.055     0.999999      2745998   1497965.71
      31.055     0.999999      2745998   1747626.67
      31.055     1.000000      2745998   2097152.00
      31.055     1.000000      2745998   2330168.89
      31.055     1.000000      2745998   2621440.00
      31.151     1.000000      2745999   2995931.43
      31.151     1.000000      2745999          inf
#[Mean    =        1.206, StdDeviation   =        0.697]
#[Max     =       31.136, Total count    =      2745999]
#[Buckets =           27, SubBuckets     =         2048]
----------------------------------------------------------
  2998090 requests in 2.00m, 328.81MB read
Requests/sec:  24983.94
Transfer/sec:      2.74MB
