Running 2m test @ http://localhost:9002/api/v1/user?id=1
  4 threads and 128 connections
  Thread calibration: mean lat.: 0.971ms, rate sampling interval: 10ms
  Thread calibration: mean lat.: 0.955ms, rate sampling interval: 10ms
  Thread calibration: mean lat.: 0.955ms, rate sampling interval: 10ms
  Thread calibration: mean lat.: 0.965ms, rate sampling interval: 10ms
  Thread Stats   Avg      Stdev     Max   +/- Stdev
    Latency     0.96ms  446.53us   8.87ms   68.47%
    Req/Sec     2.61k   167.15     4.44k    66.29%
  Latency Distribution (HdrHistogram - Recorded Latency)
 50.000%    0.96ms
 75.000%    1.27ms
 90.000%    1.49ms
 99.000%    1.92ms
 99.900%    4.16ms
 99.990%    7.34ms
 99.999%    8.34ms
100.000%    8.88ms

  Detailed Percentile spectrum:
       Value   Percentile   TotalCount 1/(1-Percentile)

       0.118     0.000000            1         1.00
       0.396     0.100000       109852         1.11
       0.560     0.200000       219769         1.25
       0.701     0.300000       329773         1.43
       0.831     0.400000       439914         1.67
       0.956     0.500000       549583         2.00
       1.017     0.550000       604442         2.22
       1.078     0.600000       659171         2.50
       1.141     0.650000       714169         2.86
       1.205     0.700000       769396         3.33
       1.268     0.750000       823966         4.00
       1.301     0.775000       851963         4.44
       1.334     0.800000       879408         5.00
       1.367     0.825000       906458         5.71
       1.403     0.850000       934403         6.67
       1.441     0.875000       961191         8.00
       1.465     0.887500       975352         8.89
       1.491     0.900000       988673        10.00
       1.522     0.912500      1002399        11.43
       1.558     0.925000      1016050        13.33
       1.600     0.937500      1029838        16.00
       1.624     0.943750      1036842        17.78
       1.649     0.950000      1043683        20.00
       1.676     0.956250      1050502        22.86
       1.706     0.962500      1057351        26.67
       1.741     0.968750      1064234        32.00
       1.760     0.971875      1067626        35.56
       1.781     0.975000      1071038        40.00
       1.804     0.978125      1074495        45.71
       1.829     0.981250      1077879        53.33
       1.858     0.984375      1081347        64.00
       1.874     0.985938      1083008        71.11
       1.891     0.987500      1084686        80.00
       1.911     0.989062      1086475        91.43
       1.932     0.990625      1088154       106.67
       1.957     0.992188      1089845       128.00
       1.972     0.992969      1090697       142.22
       1.988     0.993750      1091552       160.00
       2.006     0.994531      1092409       182.86
       2.028     0.995313      1093266       213.33
       2.055     0.996094      1094136       256.00
       2.071     0.996484      1094564       284.44
       2.089     0.996875      1094980       320.00
       2.113     0.997266      1095407       365.71
       2.151     0.997656      1095839       426.67
       2.215     0.998047      1096266       512.00
       2.287     0.998242      1096475       568.89
       2.693     0.998437      1096690       640.00
       3.221     0.998633      1096903       731.43
       3.679     0.998828      1097118       853.33
       4.219     0.999023      1097332      1024.00
       4.563     0.999121      1097440      1137.78
       4.879     0.999219      1097546      1280.00
       5.323     0.999316      1097654      1462.86
       5.651     0.999414      1097761      1706.67
       5.967     0.999512      1097869      2048.00
       6.107     0.999561      1097923      2275.56
       6.259     0.999609      1097975      2560.00
       6.407     0.999658      1098029      2925.71
       6.547     0.999707      1098083      3413.33
       6.727     0.999756      1098137      4096.00
       6.843     0.999780      1098163      4551.11
       6.923     0.999805      1098191      5120.00
       6.999     0.999829      1098217      5851.43
       7.131     0.999854      1098245      6826.67
       7.239     0.999878      1098270      8192.00
       7.279     0.999890      1098284      9102.22
       7.363     0.999902      1098298     10240.00
       7.423     0.999915      1098312     11702.86
       7.507     0.999927      1098325     13653.33
       7.603     0.999939      1098337     16384.00
       7.667     0.999945      1098344     18204.44
       7.735     0.999951      1098351     20480.00
       7.815     0.999957      1098358     23405.71
       7.927     0.999963      1098364     27306.67
       8.003     0.999969      1098371     32768.00
       8.015     0.999973      1098374     36408.89
       8.039     0.999976      1098378     40960.00
       8.067     0.999979      1098381     46811.43
       8.135     0.999982      1098384     54613.33
       8.199     0.999985      1098388     65536.00
       8.215     0.999986      1098389     72817.78
       8.247     0.999988      1098391     81920.00
       8.335     0.999989      1098393     93622.86
       8.343     0.999991      1098394    109226.67
       8.367     0.999992      1098396    131072.00
       8.375     0.999993      1098397    145635.56
       8.383     0.999994      1098398    163840.00
       8.471     0.999995      1098400    187245.71
       8.471     0.999995      1098400    218453.33
       8.471     0.999996      1098400    262144.00
       8.487     0.999997      1098401    291271.11
       8.487     0.999997      1098401    327680.00
       8.495     0.999997      1098402    374491.43
       8.495     0.999998      1098402    436906.67
       8.495     0.999998      1098402    524288.00
       8.519     0.999998      1098403    582542.22
       8.519     0.999998      1098403    655360.00
       8.519     0.999999      1098403    748982.86
       8.519     0.999999      1098403    873813.33
       8.519     0.999999      1098403   1048576.00
       8.879     0.999999      1098404   1165084.44
       8.879     1.000000      1098404          inf
#[Mean    =        0.964, StdDeviation   =        0.447]
#[Max     =        8.872, Total count    =      1098404]
#[Buckets =           27, SubBuckets     =         2048]
----------------------------------------------------------
  1199281 requests in 2.00m, 131.53MB read
Requests/sec:   9993.93
Transfer/sec:      1.10MB
