Running 2m test @ http://localhost:9003/api/v1/users
  4 threads and 128 connections
  Thread calibration: mean lat.: 1.751ms, rate sampling interval: 10ms
  Thread calibration: mean lat.: 1.763ms, rate sampling interval: 10ms
  Thread calibration: mean lat.: 1.752ms, rate sampling interval: 10ms
  Thread calibration: mean lat.: 1.772ms, rate sampling interval: 10ms
  Thread Stats   Avg      Stdev     Max   +/- Stdev
    Latency     1.80ms    1.07ms  40.64ms   94.64%
    Req/Sec     2.64k   239.58     4.89k    73.91%
  Latency Distribution (HdrHistogram - Recorded Latency)
 50.000%    1.66ms
 75.000%    2.11ms
 90.000%    2.58ms
 99.000%    3.74ms
 99.900%   18.80ms
 99.990%   32.45ms
 99.999%   38.27ms
100.000%   40.67ms

  Detailed Percentile spectrum:
       Value   Percentile   TotalCount 1/(1-Percentile)

       0.539     0.000000            1         1.00
       1.052     0.100000       110283         1.11
       1.231     0.200000       219737         1.25
       1.380     0.300000       329557         1.43
       1.521     0.400000       440119         1.67
       1.663     0.500000       549701         2.00
       1.737     0.550000       604327         2.22
       1.817     0.600000       659154         2.50
       1.905     0.650000       714186         2.86
       2.003     0.700000       769145         3.33
       2.113     0.750000       823837         4.00
       2.175     0.775000       851397         4.44
       2.241     0.800000       878887         5.00
       2.313     0.825000       906251         5.71
       2.393     0.850000       934212         6.67
       2.479     0.875000       961527         8.00
       2.525     0.887500       974875         8.89
       2.575     0.900000       988564        10.00
       2.631     0.912500      1002578        11.43
       2.693     0.925000      1016265        13.33
       2.765     0.937500      1029770        16.00
       2.809     0.943750      1036881        17.78
       2.855     0.950000      1043492        20.00
       2.911     0.956250      1050467        22.86
       2.975     0.962500      1057379        26.67
       3.051     0.968750      1064083        32.00
       3.097     0.971875      1067515        35.56
       3.153     0.975000      1070979        40.00
       3.219     0.978125      1074407        45.71
       3.301     0.981250      1077840        53.33
       3.409     0.984375      1081262        64.00
       3.477     0.985938      1082977        71.11
       3.555     0.987500      1084674        80.00
       3.661     0.989062      1086388        91.43
       3.797     0.990625      1088103       106.67
       4.011     0.992188      1089827       128.00
       4.167     0.992969      1090678       142.22
       4.363     0.993750      1091546       160.00
       4.643     0.994531      1092393       182.86
       5.031     0.995313      1093259       213.33
       5.567     0.996094      1094113       256.00
       5.911     0.996484      1094541       284.44
       6.407     0.996875      1094970       320.00
       7.047     0.997266      1095396       365.71
       8.139     0.997656      1095825       426.67
      10.167     0.998047      1096254       512.00
      11.679     0.998242      1096470       568.89
      13.199     0.998437      1096683       640.00
      14.999     0.998633      1096899       731.43
      16.911     0.998828      1097112       853.33
      18.991     0.999023      1097327      1024.00
      19.903     0.999121      1097434      1137.78
      20.911     0.999219      1097541      1280.00
      21.807     0.999316      1097654      1462.86
      22.751     0.999414      1097757      1706.67
      24.015     0.999512      1097863      2048.00
      24.735     0.999561      1097917      2275.56
      25.455     0.999609      1097970      2560.00
      26.351     0.999658      1098024      2925.71
      27.071     0.999707      1098078      3413.33
      28.271     0.999756      1098132      4096.00
      28.767     0.999780      1098158      4551.11
      29.439     0.999805      1098185      5120.00
      29.983     0.999829      1098213      5851.43
      30.847     0.999854      1098239      6826.67
      31.791     0.999878      1098265      8192.00
      32.223     0.999890      1098279      9102.22
      32.527     0.999902      1098292     10240.00
      32.927     0.999915      1098308     11702.86
      33.535     0.999927      1098319     13653.33
      33.887     0.999939      1098333     16384.00
      34.271     0.999945      1098339     18204.44
      34.527     0.999951      1098346     20480.00
      34.975     0.999957      1098353     23405.71
      35.359     0.999963      1098359     27306.67
      36.031     0.999969      1098366     32768.00
      36.095     0.999973      1098369     36408.89
      36.447     0.999976      1098373     40960.00
      36.575     0.999979      1098376     46811.43
      36.767     0.999982      1098379     54613.33
      37.023     0.999985      1098383     65536.00
      37.343     0.999986      1098384     72817.78
      37.887     0.999988      1098386     81920.00
      38.271     0.999989      1098388     93622.86
      38.655     0.999991      1098389    109226.67
      38.815     0.999992      1098391    131072.00
      38.847     0.999993      1098392    145635.56
      39.295     0.999994      1098393    163840.00
      39.359     0.999995      1098394    187245.71
      39.359     0.999995      1098394    218453.33
      39.679     0.999996      1098395    262144.00
      39.999     0.999997      1098396    291271.11
      39.999     0.999997      1098396    327680.00
      40.127     0.999997      1098397    374491.43
      40.127     0.999998      1098397    436906.67
      40.127     0.999998      1098397    524288.00
      40.319     0.999998      1098398    582542.22
      40.319     0.999998      1098398    655360.00
      40.319     0.999999      1098398    748982.86
      40.319     0.999999      1098398    873813.33
      40.319     0.999999      1098398   1048576.00
      40.671     0.999999      1098399   1165084.44
      40.671     1.000000      1098399          inf
#[Mean    =        1.796, StdDeviation   =        1.067]
#[Max     =       40.640, Total count    =      1098399]
#[Buckets =           27, SubBuckets     =         2048]
----------------------------------------------------------
  1199270 requests in 2.00m, 10.30GB read
Requests/sec:   9993.89
Transfer/sec:     87.86MB
