Running 2m test @ http://localhost:9002/api/v1/user?id=1
  4 threads and 128 connections
  Thread calibration: mean lat.: 1.414ms, rate sampling interval: 10ms
  Thread calibration: mean lat.: 1.401ms, rate sampling interval: 10ms
  Thread calibration: mean lat.: 1.412ms, rate sampling interval: 10ms
  Thread calibration: mean lat.: 1.400ms, rate sampling interval: 10ms
  Thread Stats   Avg      Stdev     Max   +/- Stdev
    Latency     1.41ms  840.40us  15.96ms   85.96%
    Req/Sec     6.32k   618.89    14.00k    87.42%
  Latency Distribution (HdrHistogram - Recorded Latency)
 50.000%    1.29ms
 75.000%    1.76ms
 90.000%    2.18ms
 99.000%    3.15ms
 99.900%   10.67ms
 99.990%   13.00ms
 99.999%   14.26ms
100.000%   15.97ms

  Detailed Percentile spectrum:
       Value   Percentile   TotalCount 1/(1-Percentile)

       0.152     0.000000            1         1.00
       0.665     0.100000       264831         1.11
       0.839     0.200000       527603         1.25
       0.990     0.300000       791582         1.43
       1.138     0.400000      1055670         1.67
       1.293     0.500000      1319485         2.00
       1.375     0.550000      1450578         2.22
       1.462     0.600000      1582868         2.50
       1.554     0.650000      1714383         2.86
       1.653     0.700000      1845323         3.33
       1.762     0.750000      1977499         4.00
       1.821     0.775000      2043839         4.44
       1.883     0.800000      2109899         5.00
       1.948     0.825000      2174842         5.71
       2.019     0.850000      2241306         6.67
       2.097     0.875000      2307868         8.00
       2.139     0.887500      2340841         8.89
       2.183     0.900000      2373257        10.00
       2.231     0.912500      2406105        11.43
       2.285     0.925000      2439093        13.33
       2.345     0.937500      2471832        16.00
       2.379     0.943750      2488322        17.78
       2.415     0.950000      2504361        20.00
       2.457     0.956250      2521052        22.86
       2.503     0.962500      2537299        26.67
       2.559     0.968750      2553815        32.00
       2.593     0.971875      2562480        35.56
       2.629     0.975000      2570492        40.00
       2.673     0.978125      2578823        45.71
       2.727     0.981250      2586795        53.33
       2.801     0.984375      2595093        64.00
       2.851     0.985938      2599218        71.11
       2.917     0.987500      2603265        80.00
       3.021     0.989062      2607353        91.43
       3.305     0.990625      2611442       106.67
       4.551     0.992188      2615564       128.00
       5.299     0.992969      2617617       142.22
       6.031     0.993750      2619676       160.00
       6.687     0.994531      2621735       182.86
       7.275     0.995313      2623801       213.33
       7.855     0.996094      2625854       256.00
       8.139     0.996484      2626887       284.44
       8.439     0.996875      2627915       320.00
       8.799     0.997266      2628947       365.71
       9.135     0.997656      2629981       426.67
       9.543     0.998047      2631013       512.00
       9.743     0.998242      2631532       568.89
       9.951     0.998437      2632042       640.00
      10.175     0.998633      2632554       731.43
      10.423     0.998828      2633067       853.33
      10.703     0.999023      2633582      1024.00
      10.839     0.999121      2633837      1137.78
      11.015     0.999219      2634101      1280.00
      11.191     0.999316      2634352      1462.86
      11.391     0.999414      2634613      1706.67
      11.575     0.999512      2634868      2048.00
      11.695     0.999561      2635002      2275.56
      11.823     0.999609      2635127      2560.00
      11.951     0.999658      2635249      2925.71
      12.135     0.999707      2635381      3413.33
      12.319     0.999756      2635511      4096.00
      12.399     0.999780      2635576      4551.11
      12.479     0.999805      2635639      5120.00
      12.607     0.999829      2635706      5851.43
      12.719     0.999854      2635766      6826.67
      12.855     0.999878      2635829      8192.00
      12.935     0.999890      2635862      9102.22
      13.031     0.999902      2635893     10240.00
      13.127     0.999915      2635925     11702.86
      13.247     0.999927      2635959     13653.33
      13.359     0.999939      2635990     16384.00
      13.407     0.999945      2636006     18204.44
      13.471     0.999951      2636022     20480.00
      13.519     0.999957      2636040     23405.71
      13.639     0.999963      2636054     27306.67
      13.735     0.999969      2636070     32768.00
      13.791     0.999973      2636078     36408.89
      13.871     0.999976      2636086     40960.00
      13.951     0.999979      2636095     46811.43
      14.007     0.999982      2636102     54613.33
      14.055     0.999985      2636111     65536.00
      14.119     0.999986      2636114     72817.78
      14.175     0.999988      2636118     81920.00
      14.223     0.999989      2636122     93622.86
      14.279     0.999991      2636126    109226.67
      14.351     0.999992      2636130    131072.00
      14.479     0.999993      2636132    145635.56
      14.495     0.999994      2636134    163840.00
      14.543     0.999995      2636136    187245.71
      14.727     0.999995      2636138    218453.33
      14.767     0.999996      2636140    262144.00
      14.839     0.999997      2636141    291271.11
      14.879     0.999997      2636142    327680.00
      14.927     0.999997      2636143    374491.43
      14.967     0.999998      2636144    436906.67
      15.039     0.999998      2636145    524288.00
      15.191     0.999998      2636146    582542.22
      15.191     0.999998      2636146    655360.00
      15.311     0.999999      2636147    748982.86
      15.311     0.999999      2636147    873813.33
      15.567     0.999999      2636148   1048576.00
      15.567     0.999999      2636148   1165084.44
      15.567     0.999999      2636148   1310720.00
      15.703     0.999999      2636149   1497965.71
      15.703     0.999999      2636149   1747626.67
      15.703     1.000000      2636149   2097152.00
      15.703     1.000000      2636149   2330168.89
      15.703     1.000000      2636149   2621440.00
      15.967     1.000000      2636150   2995931.43
      15.967     1.000000      2636150          inf
#[Mean    =        1.409, StdDeviation   =        0.840]
#[Max     =       15.960, Total count    =      2636150]
#[Buckets =           27, SubBuckets     =         2048]
----------------------------------------------------------
  2878168 requests in 2.00m, 315.66MB read
Requests/sec:  23984.56
Transfer/sec:      2.63MB
