Running 2m test @ http://localhost:9002/api/v1/user?id=1
  4 threads and 128 connections
  Thread calibration: mean lat.: 1.482ms, rate sampling interval: 10ms
  Thread calibration: mean lat.: 1.486ms, rate sampling interval: 10ms
  Thread calibration: mean lat.: 1.493ms, rate sampling interval: 10ms
  Thread calibration: mean lat.: 1.471ms, rate sampling interval: 10ms
  Thread Stats   Avg      Stdev     Max   +/- Stdev
    Latency     1.42ms    0.90ms  24.83ms   88.84%
    Req/Sec     6.33k   639.62    14.30k    88.91%
  Latency Distribution (HdrHistogram - Recorded Latency)
 50.000%    1.29ms
 75.000%    1.76ms
 90.000%    2.19ms
 99.000%    3.25ms
 99.900%   11.44ms
 99.990%   18.72ms
 99.999%   22.22ms
100.000%   24.85ms

  Detailed Percentile spectrum:
       Value   Percentile   TotalCount 1/(1-Percentile)

       0.136     0.000000            1         1.00
       0.664     0.100000       264912         1.11
       0.840     0.200000       527548         1.25
       0.992     0.300000       791435         1.43
       1.140     0.400000      1054907         1.67
       1.293     0.500000      1318217         2.00
       1.375     0.550000      1451141         2.22
       1.461     0.600000      1583198         2.50
       1.553     0.650000      1713997         2.86
       1.652     0.700000      1845585         3.33
       1.760     0.750000      1977462         4.00
       1.819     0.775000      2043255         4.44
       1.882     0.800000      2109589         5.00
       1.948     0.825000      2174924         5.71
       2.021     0.850000      2240929         6.67
       2.101     0.875000      2308036         8.00
       2.143     0.887500      2340390         8.89
       2.189     0.900000      2373372        10.00
       2.239     0.912500      2406492        11.43
       2.293     0.925000      2439205        13.33
       2.355     0.937500      2472201        16.00
       2.389     0.943750      2488571        17.78
       2.425     0.950000      2504479        20.00
       2.467     0.956250      2521126        22.86
       2.515     0.962500      2537677        26.67
       2.571     0.968750      2553857        32.00
       2.605     0.971875      2562462        35.56
       2.641     0.975000      2570241        40.00
       2.689     0.978125      2578752        45.71
       2.745     0.981250      2586922        53.33
       2.823     0.984375      2594980        64.00
       2.879     0.985938      2599120        71.11
       2.955     0.987500      2603228        80.00
       3.081     0.989062      2607323        91.43
       3.479     0.990625      2611436       106.67
       4.859     0.992188      2615548       128.00
       5.583     0.992969      2617615       142.22
       6.287     0.993750      2619675       160.00
       6.947     0.994531      2621733       182.86
       7.567     0.995313      2623797       213.33
       8.199     0.996094      2625865       256.00
       8.519     0.996484      2626883       284.44
       8.855     0.996875      2627906       320.00
       9.207     0.997266      2628941       365.71
       9.607     0.997656      2629972       426.67
      10.039     0.998047      2631011       512.00
      10.271     0.998242      2631512       568.89
      10.535     0.998437      2632026       640.00
      10.823     0.998633      2632539       731.43
      11.151     0.998828      2633060       853.33
      11.495     0.999023      2633577      1024.00
      11.695     0.999121      2633834      1137.78
      11.903     0.999219      2634088      1280.00
      12.175     0.999316      2634341      1462.86
      12.471     0.999414      2634601      1706.67
      12.895     0.999512      2634856      2048.00
      13.175     0.999561      2634987      2275.56
      13.543     0.999609      2635115      2560.00
      14.063     0.999658      2635241      2925.71
      14.839     0.999707      2635372      3413.33
      15.727     0.999756      2635499      4096.00
      16.255     0.999780      2635563      4551.11
      16.719     0.999805      2635628      5120.00
      17.167     0.999829      2635692      5851.43
      17.647     0.999854      2635756      6826.67
      18.239     0.999878      2635822      8192.00
      18.543     0.999890      2635853      9102.22
      18.751     0.999902      2635885     10240.00
      19.183     0.999915      2635917     11702.86
      19.551     0.999927      2635949     13653.33
      19.951     0.999939      2635982     16384.00
      20.079     0.999945      2635998     18204.44
      20.271     0.999951      2636014     20480.00
      20.495     0.999957      2636031     23405.71
      20.671     0.999963      2636046     27306.67
      20.895     0.999969      2636062     32768.00
      21.039     0.999973      2636070     36408.89
      21.263     0.999976      2636078     40960.00
      21.375     0.999979      2636086     46811.43
      21.583     0.999982      2636095     54613.33
      21.727     0.999985      2636102     65536.00
      21.791     0.999986      2636106     72817.78
      21.903     0.999988      2636110     81920.00
      22.127     0.999989      2636114     93622.86
      22.335     0.999991      2636118    109226.67
      22.543     0.999992      2636122    131072.00
      22.607     0.999993      2636124    145635.56
      22.751     0.999994      2636126    163840.00
      22.831     0.999995      2636129    187245.71
      22.991     0.999995      2636130    218453.33
      23.279     0.999996      2636132    262144.00
      23.423     0.999997      2636133    291271.11
      23.647     0.999997      2636135    327680.00
      23.647     0.999997      2636135    374491.43
      23.663     0.999998      2636136    436906.67
      23.743     0.999998      2636137    524288.00
      23.823     0.999998      2636138    582542.22
      23.823     0.999998      2636138    655360.00
      24.095     0.999999      2636139    748982.86
      24.095     0.999999      2636139    873813.33
      24.111     0.999999      2636141   1048576.00
      24.111     0.999999      2636141   1165084.44
      24.111     0.999999      2636141   1310720.00
      24.111     0.999999      2636141   1497965.71
      24.111     0.999999      2636141   1747626.67
      24.111     1.000000      2636141   2097152.00
      24.111     1.000000      2636141   2330168.89
      24.111     1.000000      2636141   2621440.00
      24.847     1.000000      2636142   2995931.43
      24.847     1.000000      2636142          inf
#[Mean    =        1.416, StdDeviation   =        0.898]
#[Max     =       24.832, Total count    =      2636142]
#[Buckets =           27, SubBuckets     =         2048]
----------------------------------------------------------
  2878154 requests in 2.00m, 315.65MB read
Requests/sec:  23984.57
Transfer/sec:      2.63MB
