Running 2m test @ http://localhost:9000/api/v1/users
  4 threads and 128 connections
  Thread calibration: mean lat.: 1.774ms, rate sampling interval: 10ms
  Thread calibration: mean lat.: 1.749ms, rate sampling interval: 10ms
  Thread calibration: mean lat.: 1.783ms, rate sampling interval: 10ms
  Thread calibration: mean lat.: 1.765ms, rate sampling interval: 10ms
  Thread Stats   Avg      Stdev     Max   +/- Stdev
    Latency     1.73ms    0.92ms  42.14ms   93.70%
    Req/Sec     2.11k   172.92     4.20k    71.03%
  Latency Distribution (HdrHistogram - Recorded Latency)
 50.000%    1.62ms
 75.000%    1.98ms
 90.000%    2.40ms
 99.000%    3.30ms
 99.900%   13.69ms
 99.990%   32.96ms
 99.999%   38.97ms
100.000%   42.17ms

  Detailed Percentile spectrum:
       Value   Percentile   TotalCount 1/(1-Percentile)

       0.641     0.000000            1         1.00
       1.122     0.100000        88011         1.11
       1.255     0.200000       175996         1.25
       1.371     0.300000       264059         1.43
       1.489     0.400000       352187         1.67
       1.618     0.500000       439937         2.00
       1.684     0.550000       483385         2.22
       1.753     0.600000       527347         2.50
       1.824     0.650000       571675         2.86
       1.896     0.700000       615557         3.33
       1.976     0.750000       659495         4.00
       2.021     0.775000       681176         4.44
       2.073     0.800000       703305         5.00
       2.133     0.825000       725212         5.71
       2.205     0.850000       747338         6.67
       2.289     0.875000       768883         8.00
       2.341     0.887500       780145         8.89
       2.399     0.900000       791065        10.00
       2.467     0.912500       802014        11.43
       2.545     0.925000       812841        13.33
       2.635     0.937500       823821        16.00
       2.683     0.943750       829479        17.78
       2.731     0.950000       834786        20.00
       2.783     0.956250       840286        22.86
       2.837     0.962500       845800        26.67
       2.895     0.968750       851306        32.00
       2.927     0.971875       854020        35.56
       2.963     0.975000       856815        40.00
       3.007     0.978125       859575        45.71
       3.059     0.981250       862338        53.33
       3.127     0.984375       865042        64.00
       3.167     0.985938       866392        71.11
       3.211     0.987500       867752        80.00
       3.263     0.989062       869117        91.43
       3.327     0.990625       870508       106.67
       3.407     0.992188       871857       128.00
       3.459     0.992969       872549       142.22
       3.521     0.993750       873240       160.00
       3.601     0.994531       873926       182.86
       3.687     0.995313       874601       213.33
       3.823     0.996094       875291       256.00
       3.917     0.996484       875636       284.44
       4.037     0.996875       875978       320.00
       4.215     0.997266       876321       365.71
       4.463     0.997656       876661       426.67
       4.947     0.998047       877004       512.00
       5.447     0.998242       877178       568.89
       6.483     0.998437       877347       640.00
       8.223     0.998633       877519       731.43
      10.919     0.998828       877693       853.33
      14.135     0.999023       877862      1024.00
      15.967     0.999121       877948      1137.78
      17.615     0.999219       878036      1280.00
      19.423     0.999316       878120      1462.86
      21.295     0.999414       878207      1706.67
      23.583     0.999512       878292      2048.00
      24.351     0.999561       878334      2275.56
      25.487     0.999609       878377      2560.00
      26.543     0.999658       878420      2925.71
      27.759     0.999707       878464      3413.33
      28.959     0.999756       878507      4096.00
      29.583     0.999780       878527      4551.11
      30.191     0.999805       878549      5120.00
      30.687     0.999829       878570      5851.43
      31.279     0.999854       878593      6826.67
      32.223     0.999878       878614      8192.00
      32.671     0.999890       878624      9102.22
      33.151     0.999902       878635     10240.00
      33.663     0.999915       878645     11702.86
      34.495     0.999927       878657     13653.33
      35.231     0.999939       878667     16384.00
      35.551     0.999945       878672     18204.44
      36.031     0.999951       878679     20480.00
      36.287     0.999957       878683     23405.71
      36.735     0.999963       878688     27306.67
      37.311     0.999969       878695     32768.00
      37.375     0.999973       878696     36408.89
      37.631     0.999976       878699     40960.00
      37.887     0.999979       878703     46811.43
      38.175     0.999982       878704     54613.33
      38.527     0.999985       878707     65536.00
      38.655     0.999986       878708     72817.78
      38.879     0.999988       878710     81920.00
      38.975     0.999989       878711     93622.86
      39.199     0.999991       878712    109226.67
      39.647     0.999992       878714    131072.00
      39.647     0.999993       878714    145635.56
      40.191     0.999994       878715    163840.00
      40.351     0.999995       878716    187245.71
      40.351     0.999995       878716    218453.33
      40.639     0.999996       878717    262144.00
      40.639     0.999997       878717    291271.11
      40.927     0.999997       878718    327680.00
      40.927     0.999997       878718    374491.43
      40.927     0.999998       878718    436906.67
      41.535     0.999998       878719    524288.00
      41.535     0.999998       878719    582542.22
      41.535     0.999998       878719    655360.00
      41.535     0.999999       878719    748982.86
      41.535     0.999999       878719    873813.33
      42.175     0.999999       878720   1048576.00
      42.175     1.000000       878720          inf
#[Mean    =        1.727, StdDeviation   =        0.917]
#[Max     =       42.144, Total count    =       878720]
#[Buckets =           27, SubBuckets     =         2048]
----------------------------------------------------------
  959430 requests in 2.00m, 8.22GB read
Requests/sec:   7995.23
Transfer/sec:     70.16MB
