Running 2m test @ http://localhost:9003/api/v1/users
  4 threads and 128 connections
  Thread calibration: mean lat.: 1.479ms, rate sampling interval: 10ms
  Thread calibration: mean lat.: 1.455ms, rate sampling interval: 10ms
  Thread calibration: mean lat.: 1.462ms, rate sampling interval: 10ms
  Thread calibration: mean lat.: 2.891ms, rate sampling interval: 10ms
  Thread Stats   Avg      Stdev     Max   +/- Stdev
    Latency     1.81ms    0.97ms  34.66ms   74.14%
    Req/Sec     1.06k   735.96     5.22k    76.95%
  Latency Distribution (HdrHistogram - Recorded Latency)
 50.000%    1.58ms
 75.000%    2.24ms
 90.000%    3.21ms
 99.000%    4.36ms
 99.900%    5.34ms
 99.990%   27.22ms
 99.999%   32.24ms
100.000%   34.69ms

  Detailed Percentile spectrum:
       Value   Percentile   TotalCount 1/(1-Percentile)

       0.510     0.000000            1         1.00
       0.852     0.100000        44005         1.11
       1.049     0.200000        87918         1.25
       1.226     0.300000       131991         1.43
       1.397     0.400000       175903         1.67
       1.579     0.500000       219724         2.00
       1.684     0.550000       241748         2.22
       1.807     0.600000       263661         2.50
       1.942     0.650000       285678         2.86
       2.081     0.700000       307624         3.33
       2.237     0.750000       329512         4.00
       2.349     0.775000       340658         4.44
       2.499     0.800000       351597         5.00
       2.683     0.825000       362559         5.71
       2.865     0.850000       373506         6.67
       3.037     0.875000       384506         8.00
       3.121     0.887500       390021         8.89
       3.209     0.900000       395501        10.00
       3.299     0.912500       400911        11.43
       3.393     0.925000       406510        13.33
       3.497     0.937500       411973        16.00
       3.551     0.943750       414642        17.78
       3.613     0.950000       417453        20.00
       3.681     0.956250       420174        22.86
       3.757     0.962500       422910        26.67
       3.845     0.968750       425630        32.00
       3.895     0.971875       427035        35.56
       3.953     0.975000       428391        40.00
       4.017     0.978125       429766        45.71
       4.089     0.981250       431129        53.33
       4.171     0.984375       432500        64.00
       4.219     0.985938       433221        71.11
       4.267     0.987500       433865        80.00
       4.323     0.989062       434544        91.43
       4.391     0.990625       435227       106.67
       4.467     0.992188       435931       128.00
       4.511     0.992969       436276       142.22
       4.555     0.993750       436605       160.00
       4.611     0.994531       436959       182.86
       4.675     0.995313       437295       213.33
       4.743     0.996094       437629       256.00
       4.783     0.996484       437813       284.44
       4.819     0.996875       437984       320.00
       4.871     0.997266       438157       365.71
       4.927     0.997656       438313       426.67
       4.999     0.998047       438487       512.00
       5.039     0.998242       438571       568.89
       5.083     0.998437       438663       640.00
       5.143     0.998633       438741       731.43
       5.227     0.998828       438827       853.33
       5.351     0.999023       438913      1024.00
       5.427     0.999121       438955      1137.78
       5.547     0.999219       438998      1280.00
       5.695     0.999316       439042      1462.86
       5.871     0.999414       439084      1706.67
       6.127     0.999512       439127      2048.00
       6.247     0.999561       439148      2275.56
       6.463     0.999609       439170      2560.00
       6.807     0.999658       439191      2925.71
       7.335     0.999707       439213      3413.33
      11.679     0.999756       439234      4096.00
      14.119     0.999780       439245      4551.11
      17.599     0.999805       439256      5120.00
      21.455     0.999829       439266      5851.43
      23.919     0.999854       439277      6826.67
      26.495     0.999878       439288      8192.00
      27.007     0.999890       439294      9102.22
      27.295     0.999902       439299     10240.00
      27.455     0.999915       439304     11702.86
      27.903     0.999927       439309     13653.33
      28.431     0.999939       439315     16384.00
      28.463     0.999945       439317     18204.44
      28.927     0.999951       439320     20480.00
      29.071     0.999957       439323     23405.71
      29.167     0.999963       439325     27306.67
      29.615     0.999969       439328     32768.00
      29.695     0.999973       439329     36408.89
      30.095     0.999976       439331     40960.00
      30.319     0.999979       439332     46811.43
      30.367     0.999982       439333     54613.33
      31.407     0.999985       439335     65536.00
      31.407     0.999986       439335     72817.78
      31.631     0.999988       439336     81920.00
      32.239     0.999989       439337     93622.86
      32.239     0.999991       439337    109226.67
      32.639     0.999992       439338    131072.00
      32.639     0.999993       439338    145635.56
      32.799     0.999994       439339    163840.00
      32.799     0.999995       439339    187245.71
      32.799     0.999995       439339    218453.33
      34.623     0.999996       439340    262144.00
      34.623     0.999997       439340    291271.11
      34.623     0.999997       439340    327680.00
      34.623     0.999997       439340    374491.43
      34.623     0.999998       439340    436906.67
      34.687     0.999998       439341    524288.00
      34.687     1.000000       439341          inf
#[Mean    =        1.814, StdDeviation   =        0.966]
#[Max     =       34.656, Total count    =       439341]
#[Buckets =           27, SubBuckets     =         2048]
----------------------------------------------------------
  478820 requests in 2.00m, 4.11GB read
Requests/sec:   3989.90
Transfer/sec:     35.08MB
