Running 2m test @ http://localhost:9000/api/v1/user?id=1
  4 threads and 128 connections
  Thread calibration: mean lat.: 1.366ms, rate sampling interval: 10ms
  Thread calibration: mean lat.: 1.350ms, rate sampling interval: 10ms
  Thread calibration: mean lat.: 1.364ms, rate sampling interval: 10ms
  Thread calibration: mean lat.: 1.364ms, rate sampling interval: 10ms
  Thread Stats   Avg      Stdev     Max   +/- Stdev
    Latency     1.30ms  604.39us  18.67ms   65.67%
    Req/Sec    10.53k   652.34    20.33k    73.78%
  Latency Distribution (HdrHistogram - Recorded Latency)
 50.000%    1.22ms
 75.000%    1.71ms
 90.000%    2.15ms
 99.000%    2.73ms
 99.900%    3.14ms
 99.990%    5.51ms
 99.999%   12.38ms
100.000%   18.69ms

  Detailed Percentile spectrum:
       Value   Percentile   TotalCount 1/(1-Percentile)

       0.076     0.000000            1         1.00
       0.563     0.100000       439694         1.11
       0.747     0.200000       879126         1.25
       0.904     0.300000      1319003         1.43
       1.057     0.400000      1758021         1.67
       1.218     0.500000      2197725         2.00
       1.304     0.550000      2418434         2.22
       1.396     0.600000      2637738         2.50
       1.493     0.650000      2857741         2.86
       1.598     0.700000      3076486         3.33
       1.711     0.750000      3295272         4.00
       1.773     0.775000      3405899         4.44
       1.838     0.800000      3515358         5.00
       1.906     0.825000      3625404         5.71
       1.980     0.850000      3734952         6.67
       2.061     0.875000      3845509         8.00
       2.105     0.887500      3901457         8.89
       2.151     0.900000      3956280        10.00
       2.199     0.912500      4009156        11.43
       2.253     0.925000      4064984        13.33
       2.311     0.937500      4119643        16.00
       2.343     0.943750      4147008        17.78
       2.379     0.950000      4175417        20.00
       2.415     0.956250      4201675        22.86
       2.457     0.962500      4230044        26.67
       2.501     0.968750      4256825        32.00
       2.525     0.971875      4270207        35.56
       2.551     0.975000      4283834        40.00
       2.581     0.978125      4297937        45.71
       2.613     0.981250      4311427        53.33
       2.649     0.984375      4325181        64.00
       2.669     0.985938      4332163        71.11
       2.691     0.987500      4339227        80.00
       2.713     0.989062      4345849        91.43
       2.739     0.990625      4352729       106.67
       2.769     0.992188      4359474       128.00
       2.787     0.992969      4362909       142.22
       2.807     0.993750      4366277       160.00
       2.829     0.994531      4369634       182.86
       2.853     0.995313      4373129       213.33
       2.879     0.996094      4376471       256.00
       2.895     0.996484      4378186       284.44
       2.913     0.996875      4379924       320.00
       2.935     0.997266      4381706       365.71
       2.959     0.997656      4383293       426.67
       2.995     0.998047      4385040       512.00
       3.017     0.998242      4385868       568.89
       3.039     0.998437      4386748       640.00
       3.063     0.998633      4387597       731.43
       3.095     0.998828      4388468       853.33
       3.143     0.999023      4389314      1024.00
       3.175     0.999121      4389730      1137.78
       3.221     0.999219      4390168      1280.00
       3.275     0.999316      4390579      1462.86
       3.353     0.999414      4391015      1706.67
       3.449     0.999512      4391442      2048.00
       3.519     0.999561      4391653      2275.56
       3.593     0.999609      4391866      2560.00
       3.691     0.999658      4392083      2925.71
       3.819     0.999707      4392295      3413.33
       3.995     0.999756      4392511      4096.00
       4.099     0.999780      4392619      4551.11
       4.231     0.999805      4392725      5120.00
       4.375     0.999829      4392833      5851.43
       4.599     0.999854      4392940      6826.67
       4.883     0.999878      4393046      8192.00
       5.215     0.999890      4393100      9102.22
       5.679     0.999902      4393153     10240.00
       6.735     0.999915      4393207     11702.86
       7.519     0.999927      4393261     13653.33
       8.351     0.999939      4393315     16384.00
       8.783     0.999945      4393341     18204.44
       9.375     0.999951      4393368     20480.00
       9.935     0.999957      4393395     23405.71
      10.335     0.999963      4393422     27306.67
      10.663     0.999969      4393449     32768.00
      10.815     0.999973      4393463     36408.89
      11.031     0.999976      4393475     40960.00
      11.231     0.999979      4393489     46811.43
      11.367     0.999982      4393502     54613.33
      11.831     0.999985      4393516     65536.00
      11.983     0.999986      4393522     72817.78
      12.111     0.999988      4393529     81920.00
      12.343     0.999989      4393536     93622.86
      12.527     0.999991      4393542    109226.67
      12.639     0.999992      4393550    131072.00
      12.719     0.999993      4393552    145635.56
      13.143     0.999994      4393556    163840.00
      13.231     0.999995      4393559    187245.71
      13.351     0.999995      4393562    218453.33
      13.655     0.999996      4393566    262144.00
      13.871     0.999997      4393567    291271.11
      14.527     0.999997      4393569    327680.00
      14.839     0.999997      4393571    374491.43
      15.591     0.999998      4393572    436906.67
      15.783     0.999998      4393574    524288.00
      15.895     0.999998      4393575    582542.22
      16.103     0.999998      4393576    655360.00
      16.231     0.999999      4393577    748982.86
      16.231     0.999999      4393577    873813.33
      16.343     0.999999      4393578   1048576.00
      16.447     0.999999      4393579   1165084.44
      16.447     0.999999      4393579   1310720.00
      17.023     0.999999      4393580   1497965.71
      17.023     0.999999      4393580   1747626.67
      17.023     1.000000      4393580   2097152.00
      17.967     1.000000      4393581   2330168.89
      17.967     1.000000      4393581   2621440.00
      17.967     1.000000      4393581   2995931.43
      17.967     1.000000      4393581   3495253.33
      17.967     1.000000      4393581   4194304.00
      18.687     1.000000      4393582   4660337.78
      18.687     1.000000      4393582          inf
#[Mean    =        1.296, StdDeviation   =        0.604]
#[Max     =       18.672, Total count    =      4393582]
#[Buckets =           27, SubBuckets     =         2048]
----------------------------------------------------------
  4796910 requests in 2.00m, 571.84MB read
Requests/sec:  39974.34
Transfer/sec:      4.77MB
