Running 2m test @ http://localhost:9001/api/v1/users
  4 threads and 128 connections
  Thread calibration: mean lat.: 2.028ms, rate sampling interval: 10ms
  Thread calibration: mean lat.: 2.040ms, rate sampling interval: 10ms
  Thread calibration: mean lat.: 2.018ms, rate sampling interval: 10ms
  Thread calibration: mean lat.: 2.026ms, rate sampling interval: 10ms
  Thread Stats   Avg      Stdev     Max   +/- Stdev
    Latency     2.04ms  500.73us  23.01ms   74.52%
    Req/Sec   159.44     94.39   666.00     72.48%
  Latency Distribution (HdrHistogram - Recorded Latency)
 50.000%    2.04ms
 75.000%    2.32ms
 90.000%    2.59ms
 99.000%    3.10ms
 99.900%    4.04ms
 99.990%   18.03ms
 99.999%   21.79ms
100.000%   23.02ms

  Detailed Percentile spectrum:
       Value   Percentile   TotalCount 1/(1-Percentile)

       1.011     0.000000            1         1.00
       1.460     0.100000         6592         1.11
       1.654     0.200000        13190         1.25
       1.804     0.300000        19792         1.43
       1.931     0.400000        26397         1.67
       2.040     0.500000        32995         2.00
       2.093     0.550000        36349         2.22
       2.145     0.600000        39602         2.50
       2.197     0.650000        42871         2.86
       2.255     0.700000        46197         3.33
       2.315     0.750000        49455         4.00
       2.349     0.775000        51095         4.44
       2.387     0.800000        52792         5.00
       2.427     0.825000        54420         5.71
       2.473     0.850000        56013         6.67
       2.527     0.875000        57696         8.00
       2.555     0.887500        58508         8.89
       2.587     0.900000        59344        10.00
       2.621     0.912500        60132        11.43
       2.661     0.925000        60954        13.33
       2.707     0.937500        61798        16.00
       2.733     0.943750        62207        17.78
       2.759     0.950000        62615        20.00
       2.789     0.956250        63033        22.86
       2.823     0.962500        63434        26.67
       2.859     0.968750        63839        32.00
       2.879     0.971875        64060        35.56
       2.901     0.975000        64258        40.00
       2.933     0.978125        64470        45.71
       2.965     0.981250        64665        53.33
       3.003     0.984375        64875        64.00
       3.023     0.985938        64973        71.11
       3.045     0.987500        65077        80.00
       3.077     0.989062        65181        91.43
       3.113     0.990625        65279       106.67
       3.165     0.992188        65382       128.00
       3.199     0.992969        65434       142.22
       3.239     0.993750        65487       160.00
       3.295     0.994531        65538       182.86
       3.363     0.995313        65588       213.33
       3.443     0.996094        65640       256.00
       3.473     0.996484        65665       284.44
       3.515     0.996875        65691       320.00
       3.567     0.997266        65718       365.71
       3.637     0.997656        65742       426.67
       3.721     0.998047        65769       512.00
       3.791     0.998242        65781       568.89
       3.843     0.998437        65794       640.00
       3.913     0.998633        65806       731.43
       3.961     0.998828        65819       853.33
       4.043     0.999023        65832      1024.00
       4.119     0.999121        65839      1137.78
       4.191     0.999219        65845      1280.00
       4.331     0.999316        65851      1462.86
       4.423     0.999414        65858      1706.67
       4.711     0.999512        65864      2048.00
       5.219     0.999561        65868      2275.56
       5.543     0.999609        65871      2560.00
       8.063     0.999658        65874      2925.71
       8.711     0.999707        65877      3413.33
      10.471     0.999756        65880      4096.00
      11.287     0.999780        65882      4551.11
      11.463     0.999805        65884      5120.00
      14.239     0.999829        65885      5851.43
      14.375     0.999854        65887      6826.67
      15.095     0.999878        65888      8192.00
      18.031     0.999890        65889      9102.22
      18.431     0.999902        65890     10240.00
      18.719     0.999915        65891     11702.86
      19.967     0.999927        65892     13653.33
      19.967     0.999939        65892     16384.00
      20.959     0.999945        65893     18204.44
      20.959     0.999951        65893     20480.00
      21.471     0.999957        65894     23405.71
      21.471     0.999963        65894     27306.67
      21.471     0.999969        65894     32768.00
      21.791     0.999973        65895     36408.89
      21.791     0.999976        65895     40960.00
      21.791     0.999979        65895     46811.43
      21.791     0.999982        65895     54613.33
      21.791     0.999985        65895     65536.00
      23.023     0.999986        65896     72817.78
      23.023     1.000000        65896          inf
#[Mean    =        2.041, StdDeviation   =        0.501]
#[Max     =       23.008, Total count    =        65896]
#[Buckets =           27, SubBuckets     =         2048]
----------------------------------------------------------
  72024 requests in 2.00m, 646.29MB read
Requests/sec:    600.19
Transfer/sec:      5.39MB
