Running 2m test @ http://localhost:9003/api/v1/users
  4 threads and 128 connections
  Thread calibration: mean lat.: 1.558ms, rate sampling interval: 10ms
  Thread calibration: mean lat.: 1.565ms, rate sampling interval: 10ms
  Thread calibration: mean lat.: 1.558ms, rate sampling interval: 10ms
  Thread calibration: mean lat.: 1.581ms, rate sampling interval: 10ms
  Thread Stats   Avg      Stdev     Max   +/- Stdev
    Latency     1.56ms  613.23us  26.66ms   72.35%
    Req/Sec     2.11k   157.97     4.78k    72.54%
  Latency Distribution (HdrHistogram - Recorded Latency)
 50.000%    1.47ms
 75.000%    1.90ms
 90.000%    2.35ms
 99.000%    2.93ms
 99.900%    5.03ms
 99.990%   17.34ms
 99.999%   24.00ms
100.000%   26.67ms

  Detailed Percentile spectrum:
       Value   Percentile   TotalCount 1/(1-Percentile)

       0.522     0.000000            1         1.00
       0.904     0.100000        87910         1.11
       1.056     0.200000       176395         1.25
       1.191     0.300000       263930         1.43
       1.326     0.400000       351940         1.67
       1.468     0.500000       439671         2.00
       1.541     0.550000       483491         2.22
       1.619     0.600000       527329         2.50
       1.702     0.650000       571323         2.86
       1.794     0.700000       615273         3.33
       1.902     0.750000       659094         4.00
       1.965     0.775000       681191         4.44
       2.032     0.800000       703172         5.00
       2.103     0.825000       725067         5.71
       2.179     0.850000       747093         6.67
       2.261     0.875000       769269         8.00
       2.303     0.887500       780159         8.89
       2.347     0.900000       791295        10.00
       2.391     0.912500       801954        11.43
       2.439     0.925000       813174        13.33
       2.489     0.937500       824067        16.00
       2.515     0.943750       829335        17.78
       2.545     0.950000       834965        20.00
       2.577     0.956250       840417        22.86
       2.613     0.962500       845851        26.67
       2.653     0.968750       851318        32.00
       2.677     0.971875       854210        35.56
       2.703     0.975000       856963        40.00
       2.731     0.978125       859504        45.71
       2.767     0.981250       862301        53.33
       2.809     0.984375       865054        64.00
       2.835     0.985938       866427        71.11
       2.863     0.987500       867753        80.00
       2.901     0.989062       869147        91.43
       2.949     0.990625       870526       106.67
       3.011     0.992188       871860       128.00
       3.051     0.992969       872550       142.22
       3.101     0.993750       873228       160.00
       3.167     0.994531       873925       182.86
       3.265     0.995313       874597       213.33
       3.415     0.996094       875281       256.00
       3.531     0.996484       875626       284.44
       3.659     0.996875       875967       320.00
       3.817     0.997266       876310       365.71
       4.011     0.997656       876654       426.67
       4.227     0.998047       877000       512.00
       4.351     0.998242       877168       568.89
       4.491     0.998437       877342       640.00
       4.659     0.998633       877511       731.43
       4.855     0.998828       877684       853.33
       5.083     0.999023       877856      1024.00
       5.223     0.999121       877941      1137.78
       5.403     0.999219       878028      1280.00
       5.551     0.999316       878113      1462.86
       5.791     0.999414       878200      1706.67
       6.071     0.999512       878283      2048.00
       6.291     0.999561       878326      2275.56
       6.499     0.999609       878369      2560.00
       7.035     0.999658       878414      2925.71
       7.743     0.999707       878455      3413.33
       9.831     0.999756       878498      4096.00
      10.903     0.999780       878519      4551.11
      12.383     0.999805       878541      5120.00
      13.391     0.999829       878562      5851.43
      14.831     0.999854       878584      6826.67
      16.127     0.999878       878605      8192.00
      16.815     0.999890       878616      9102.22
      17.455     0.999902       878627     10240.00
      18.527     0.999915       878637     11702.86
      19.343     0.999927       878648     13653.33
      20.175     0.999939       878659     16384.00
      20.399     0.999945       878664     18204.44
      20.719     0.999951       878670     20480.00
      21.071     0.999957       878675     23405.71
      21.311     0.999963       878680     27306.67
      22.143     0.999969       878686     32768.00
      22.207     0.999973       878688     36408.89
      22.351     0.999976       878691     40960.00
      22.815     0.999979       878694     46811.43
      23.055     0.999982       878697     54613.33
      23.647     0.999985       878699     65536.00
      23.743     0.999986       878700     72817.78
      23.775     0.999988       878702     81920.00
      23.999     0.999989       878703     93622.86
      24.239     0.999991       878704    109226.67
      24.687     0.999992       878706    131072.00
      24.687     0.999993       878706    145635.56
      24.799     0.999994       878707    163840.00
      25.039     0.999995       878708    187245.71
      25.039     0.999995       878708    218453.33
      25.119     0.999996       878709    262144.00
      25.119     0.999997       878709    291271.11
      25.999     0.999997       878710    327680.00
      25.999     0.999997       878710    374491.43
      25.999     0.999998       878710    436906.67
      26.463     0.999998       878711    524288.00
      26.463     0.999998       878711    582542.22
      26.463     0.999998       878711    655360.00
      26.463     0.999999       878711    748982.86
      26.463     0.999999       878711    873813.33
      26.671     0.999999       878712   1048576.00
      26.671     1.000000       878712          inf
#[Mean    =        1.557, StdDeviation   =        0.613]
#[Max     =       26.656, Total count    =       878712]
#[Buckets =           27, SubBuckets     =         2048]
----------------------------------------------------------
  959427 requests in 2.00m, 8.24GB read
Requests/sec:   7995.21
Transfer/sec:     70.29MB
