Running 2m test @ http://localhost:9002/api/v1/users
  4 threads and 128 connections
  Thread calibration: mean lat.: 1.743ms, rate sampling interval: 10ms
  Thread calibration: mean lat.: 1.792ms, rate sampling interval: 10ms
  Thread calibration: mean lat.: 1.760ms, rate sampling interval: 10ms
  Thread calibration: mean lat.: 1.742ms, rate sampling interval: 10ms
  Thread Stats   Avg      Stdev     Max   +/- Stdev
    Latency     1.79ms    0.98ms  42.37ms   94.61%
    Req/Sec     2.11k   181.03     4.44k    70.92%
  Latency Distribution (HdrHistogram - Recorded Latency)
 50.000%    1.68ms
 75.000%    2.01ms
 90.000%    2.50ms
 99.000%    3.37ms
 99.900%   17.60ms
 99.990%   33.15ms
 99.999%   38.94ms
100.000%   42.40ms

  Detailed Percentile spectrum:
       Value   Percentile   TotalCount 1/(1-Percentile)

       0.674     0.000000            1         1.00
       1.144     0.100000        87882         1.11
       1.321     0.200000       175878         1.25
       1.451     0.300000       263780         1.43
       1.571     0.400000       352071         1.67
       1.680     0.500000       439921         2.00
       1.735     0.550000       483974         2.22
       1.792     0.600000       527757         2.50
       1.854     0.650000       571275         2.86
       1.925     0.700000       615135         3.33
       2.008     0.750000       659077         4.00
       2.059     0.775000       681671         4.44
       2.119     0.800000       703619         5.00
       2.193     0.825000       725316         5.71
       2.281     0.850000       747195         6.67
       2.379     0.875000       769045         8.00
       2.435     0.887500       780141         8.89
       2.497     0.900000       791123        10.00
       2.563     0.912500       802004        11.43
       2.631     0.925000       812882        13.33
       2.705     0.937500       823848        16.00
       2.747     0.943750       829434        17.78
       2.791     0.950000       834833        20.00
       2.841     0.956250       840460        22.86
       2.895     0.962500       845820        26.67
       2.955     0.968750       851405        32.00
       2.989     0.971875       854086        35.56
       3.027     0.975000       856818        40.00
       3.071     0.978125       859580        45.71
       3.125     0.981250       862260        53.33
       3.191     0.984375       865016        64.00
       3.231     0.985938       866378        71.11
       3.275     0.987500       867732        80.00
       3.329     0.989062       869107        91.43
       3.391     0.990625       870505       106.67
       3.469     0.992188       871870       128.00
       3.525     0.992969       872544       142.22
       3.593     0.993750       873237       160.00
       3.683     0.994531       873915       182.86
       3.795     0.995313       874595       213.33
       3.969     0.996094       875280       256.00
       4.123     0.996484       875630       284.44
       4.327     0.996875       875970       320.00
       4.603     0.997266       876312       365.71
       5.107     0.997656       876653       426.67
       6.615     0.998047       876997       512.00
       8.187     0.998242       877168       568.89
      10.095     0.998437       877340       640.00
      12.575     0.998633       877511       731.43
      15.103     0.998828       877683       853.33
      18.015     0.999023       877854      1024.00
      19.567     0.999121       877941      1137.78
      20.911     0.999219       878026      1280.00
      22.127     0.999316       878113      1462.86
      23.311     0.999414       878198      1706.67
      24.415     0.999512       878283      2048.00
      25.391     0.999561       878327      2275.56
      26.335     0.999609       878369      2560.00
      27.071     0.999658       878412      2925.71
      28.127     0.999707       878455      3413.33
      29.263     0.999756       878499      4096.00
      29.919     0.999780       878520      4551.11
      30.511     0.999805       878541      5120.00
      31.103     0.999829       878562      5851.43
      31.695     0.999854       878584      6826.67
      32.431     0.999878       878606      8192.00
      32.863     0.999890       878617      9102.22
      33.215     0.999902       878627     10240.00
      33.695     0.999915       878637     11702.86
      33.919     0.999927       878648     13653.33
      34.367     0.999939       878659     16384.00
      34.655     0.999945       878664     18204.44
      35.007     0.999951       878671     20480.00
      35.263     0.999957       878675     23405.71
      35.583     0.999963       878680     27306.67
      36.159     0.999969       878686     32768.00
      36.287     0.999973       878688     36408.89
      36.703     0.999976       878691     40960.00
      37.215     0.999979       878694     46811.43
      37.311     0.999982       878696     54613.33
      37.919     0.999985       878699     65536.00
      37.951     0.999986       878700     72817.78
      38.847     0.999988       878702     81920.00
      38.943     0.999989       878703     93622.86
      38.975     0.999991       878704    109226.67
      39.263     0.999992       878706    131072.00
      39.263     0.999993       878706    145635.56
      39.455     0.999994       878707    163840.00
      39.679     0.999995       878708    187245.71
      39.679     0.999995       878708    218453.33
      39.711     0.999996       878709    262144.00
      39.711     0.999997       878709    291271.11
      40.447     0.999997       878710    327680.00
      40.447     0.999997       878710    374491.43
      40.447     0.999998       878710    436906.67
      41.567     0.999998       878711    524288.00
      41.567     0.999998       878711    582542.22
      41.567     0.999998       878711    655360.00
      41.567     0.999999       878711    748982.86
      41.567     0.999999       878711    873813.33
      42.399     0.999999       878712   1048576.00
      42.399     1.000000       878712          inf
#[Mean    =        1.787, StdDeviation   =        0.984]
#[Max     =       42.368, Total count    =       878712]
#[Buckets =           27, SubBuckets     =         2048]
----------------------------------------------------------
  959427 requests in 2.00m, 8.24GB read
Requests/sec:   7995.24
Transfer/sec:     70.29MB
