Running 2m test @ http://localhost:9000/api/v1/users
  4 threads and 128 connections
  Thread calibration: mean lat.: 1.680ms, rate sampling interval: 10ms
  Thread calibration: mean lat.: 1.776ms, rate sampling interval: 10ms
  Thread calibration: mean lat.: 1.707ms, rate sampling interval: 10ms
  Thread calibration: mean lat.: 1.668ms, rate sampling interval: 10ms
  Thread Stats   Avg      Stdev     Max   +/- Stdev
    Latency     1.71ms  787.31us  39.81ms   92.05%
    Req/Sec     2.11k   167.49     4.11k    72.48%
  Latency Distribution (HdrHistogram - Recorded Latency)
 50.000%    1.61ms
 75.000%    1.93ms
 90.000%    2.35ms
 99.000%    3.22ms
 99.900%   10.07ms
 99.990%   28.32ms
 99.999%   33.76ms
100.000%   39.84ms

  Detailed Percentile spectrum:
       Value   Percentile   TotalCount 1/(1-Percentile)

       0.678     0.000000            1         1.00
       1.155     0.100000        88316         1.11
       1.286     0.200000       176237         1.25
       1.396     0.300000       264135         1.43
       1.499     0.400000       351994         1.67
       1.607     0.500000       440121         2.00
       1.664     0.550000       483684         2.22
       1.724     0.600000       527763         2.50
       1.787     0.650000       571633         2.86
       1.856     0.700000       615256         3.33
       1.935     0.750000       659201         4.00
       1.981     0.775000       681417         4.44
       2.032     0.800000       703027         5.00
       2.091     0.825000       724956         5.71
       2.163     0.850000       746998         6.67
       2.249     0.875000       768985         8.00
       2.299     0.887500       780143         8.89
       2.353     0.900000       791004        10.00
       2.415     0.912500       802070        11.43
       2.487     0.925000       813031        13.33
       2.569     0.937500       823959        16.00
       2.613     0.943750       829372        17.78
       2.661     0.950000       834982        20.00
       2.711     0.956250       840415        22.86
       2.765     0.962500       845801        26.67
       2.827     0.968750       851323        32.00
       2.861     0.971875       854057        35.56
       2.899     0.975000       856798        40.00
       2.941     0.978125       859522        45.71
       2.989     0.981250       862248        53.33
       3.049     0.984375       865039        64.00
       3.087     0.985938       866371        71.11
       3.135     0.987500       867796        80.00
       3.185     0.989062       869152        91.43
       3.249     0.990625       870517       106.67
       3.325     0.992188       871878       128.00
       3.375     0.992969       872570       142.22
       3.429     0.993750       873230       160.00
       3.499     0.994531       873925       182.86
       3.595     0.995313       874606       213.33
       3.719     0.996094       875292       256.00
       3.795     0.996484       875638       284.44
       3.911     0.996875       875982       320.00
       4.061     0.997266       876321       365.71
       4.287     0.997656       876672       426.67
       4.659     0.998047       877007       512.00
       5.003     0.998242       877181       568.89
       5.703     0.998437       877349       640.00
       6.715     0.998633       877521       731.43
       8.247     0.998828       877694       853.33
      10.367     0.999023       877864      1024.00
      12.119     0.999121       877950      1137.78
      13.951     0.999219       878036      1280.00
      15.839     0.999316       878122      1462.86
      17.743     0.999414       878208      1706.67
      19.263     0.999512       878293      2048.00
      20.175     0.999561       878336      2275.56
      21.023     0.999609       878380      2560.00
      22.207     0.999658       878422      2925.71
      23.471     0.999707       878465      3413.33
      24.623     0.999756       878508      4096.00
      25.023     0.999780       878529      4551.11
      25.455     0.999805       878551      5120.00
      26.015     0.999829       878572      5851.43
      26.847     0.999854       878594      6826.67
      27.487     0.999878       878615      8192.00
      28.063     0.999890       878626      9102.22
      28.431     0.999902       878637     10240.00
      28.927     0.999915       878647     11702.86
      29.647     0.999927       878658     13653.33
      30.143     0.999939       878669     16384.00
      30.223     0.999945       878674     18204.44
      30.991     0.999951       878680     20480.00
      31.375     0.999957       878686     23405.71
      31.471     0.999963       878690     27306.67
      31.775     0.999969       878696     32768.00
      31.903     0.999973       878698     36408.89
      32.159     0.999976       878701     40960.00
      32.559     0.999979       878704     46811.43
      32.895     0.999982       878706     54613.33
      33.151     0.999985       878709     65536.00
      33.407     0.999986       878710     72817.78
      33.631     0.999988       878712     81920.00
      33.759     0.999989       878713     93622.86
      33.823     0.999991       878714    109226.67
      34.175     0.999992       878716    131072.00
      34.175     0.999993       878716    145635.56
      34.207     0.999994       878717    163840.00
      34.527     0.999995       878718    187245.71
      34.527     0.999995       878718    218453.33
      35.743     0.999996       878719    262144.00
      35.743     0.999997       878719    291271.11
      35.999     0.999997       878720    327680.00
      35.999     0.999997       878720    374491.43
      35.999     0.999998       878720    436906.67
      36.031     0.999998       878721    524288.00
      36.031     0.999998       878721    582542.22
      36.031     0.999998       878721    655360.00
      36.031     0.999999       878721    748982.86
      36.031     0.999999       878721    873813.33
      39.839     0.999999       878722   1048576.00
      39.839     1.000000       878722          inf
#[Mean    =        1.712, StdDeviation   =        0.787]
#[Max     =       39.808, Total count    =       878722]
#[Buckets =           27, SubBuckets     =         2048]
----------------------------------------------------------
  959428 requests in 2.00m, 8.22GB read
Requests/sec:   7995.21
Transfer/sec:     70.16MB
