Running 2m test @ http://localhost:9000/api/v1/users
  4 threads and 128 connections
  Thread calibration: mean lat.: 1.457ms, rate sampling interval: 10ms
  Thread calibration: mean lat.: 1.482ms, rate sampling interval: 10ms
  Thread calibration: mean lat.: 1.487ms, rate sampling interval: 10ms
  Thread calibration: mean lat.: 1.453ms, rate sampling interval: 10ms
  Thread Stats   Avg      Stdev     Max   +/- Stdev
    Latency     1.49ms  601.30us  36.74ms   80.07%
    Req/Sec     1.05k    84.63     4.55k    87.00%
  Latency Distribution (HdrHistogram - Recorded Latency)
 50.000%    1.43ms
 75.000%    1.77ms
 90.000%    2.15ms
 99.000%    2.59ms
 99.900%    2.86ms
 99.990%   26.29ms
 99.999%   35.46ms
100.000%   36.77ms

  Detailed Percentile spectrum:
       Value   Percentile   TotalCount 1/(1-Percentile)

       0.593     0.000000            1         1.00
       0.914     0.100000        44195         1.11
       1.058     0.200000        87986         1.25
       1.187     0.300000       131909         1.43
       1.307     0.400000       175820         1.67
       1.428     0.500000       219790         2.00
       1.490     0.550000       241678         2.22
       1.555     0.600000       263908         2.50
       1.621     0.650000       285848         2.86
       1.692     0.700000       307778         3.33
       1.771     0.750000       329527         4.00
       1.817     0.775000       340536         4.44
       1.869     0.800000       351584         5.00
       1.927     0.825000       362616         5.71
       1.992     0.850000       373594         6.67
       2.067     0.875000       384624         8.00
       2.105     0.887500       390002         8.89
       2.147     0.900000       395637        10.00
       2.191     0.912500       401067        11.43
       2.239     0.925000       406516        13.33
       2.291     0.937500       411961        16.00
       2.319     0.943750       414822        17.78
       2.347     0.950000       417480        20.00
       2.377     0.956250       420289        22.86
       2.407     0.962500       422945        26.67
       2.439     0.968750       425688        32.00
       2.457     0.971875       427124        35.56
       2.475     0.975000       428480        40.00
       2.493     0.978125       429766        45.71
       2.515     0.981250       431261        53.33
       2.537     0.984375       432595        64.00
       2.549     0.985938       433275        71.11
       2.563     0.987500       433962        80.00
       2.577     0.989062       434598        91.43
       2.595     0.990625       435305       106.67
       2.613     0.992188       435945       128.00
       2.625     0.992969       436304       142.22
       2.637     0.993750       436634       160.00
       2.651     0.994531       436996       182.86
       2.667     0.995313       437305       213.33
       2.685     0.996094       437647       256.00
       2.695     0.996484       437821       284.44
       2.707     0.996875       438006       320.00
       2.719     0.997266       438161       365.71
       2.737     0.997656       438341       426.67
       2.757     0.998047       438512       512.00
       2.769     0.998242       438593       568.89
       2.783     0.998437       438678       640.00
       2.803     0.998633       438758       731.43
       2.831     0.998828       438846       853.33
       2.867     0.999023       438928      1024.00
       2.899     0.999121       438972      1137.78
       2.953     0.999219       439015      1280.00
       3.059     0.999316       439057      1462.86
       3.205     0.999414       439100      1706.67
       3.519     0.999512       439143      2048.00
       4.615     0.999561       439164      2275.56
       7.115     0.999609       439186      2560.00
       9.839     0.999658       439207      2925.71
      12.087     0.999707       439229      3413.33
      14.415     0.999756       439250      4096.00
      15.887     0.999780       439261      4551.11
      17.151     0.999805       439272      5120.00
      18.959     0.999829       439282      5851.43
      21.919     0.999854       439293      6826.67
      24.047     0.999878       439304      8192.00
      25.631     0.999890       439309      9102.22
      27.215     0.999902       439315     10240.00
      28.287     0.999915       439320     11702.86
      28.943     0.999927       439325     13653.33
      29.487     0.999939       439331     16384.00
      30.271     0.999945       439333     18204.44
      31.199     0.999951       439336     20480.00
      31.375     0.999957       439339     23405.71
      32.143     0.999963       439341     27306.67
      33.023     0.999969       439344     32768.00
      33.247     0.999973       439346     36408.89
      33.471     0.999976       439347     40960.00
      34.111     0.999979       439348     46811.43
      34.399     0.999982       439349     54613.33
      35.135     0.999985       439351     65536.00
      35.135     0.999986       439351     72817.78
      35.327     0.999988       439352     81920.00
      35.455     0.999989       439353     93622.86
      35.455     0.999991       439353    109226.67
      35.583     0.999992       439354    131072.00
      35.583     0.999993       439354    145635.56
      36.063     0.999994       439356    163840.00
      36.063     0.999995       439356    187245.71
      36.063     0.999995       439356    218453.33
      36.063     0.999996       439356    262144.00
      36.063     0.999997       439356    291271.11
      36.063     0.999997       439356    327680.00
      36.063     0.999997       439356    374491.43
      36.063     0.999998       439356    436906.67
      36.767     0.999998       439357    524288.00
      36.767     1.000000       439357          inf
#[Mean    =        1.486, StdDeviation   =        0.601]
#[Max     =       36.736, Total count    =       439357]
#[Buckets =           27, SubBuckets     =         2048]
----------------------------------------------------------
  479750 requests in 2.00m, 4.11GB read
Requests/sec:   3997.88
Transfer/sec:     35.08MB
