Running 2m test @ http://localhost:9008/api/v1/users
  4 threads and 128 connections
  Thread calibration: mean lat.: 1.344ms, rate sampling interval: 10ms
  Thread calibration: mean lat.: 1.352ms, rate sampling interval: 10ms
  Thread calibration: mean lat.: 1.336ms, rate sampling interval: 10ms
  Thread calibration: mean lat.: 3.062ms, rate sampling interval: 10ms
  Thread Stats   Avg      Stdev     Max   +/- Stdev
    Latency     1.72ms  833.91us   5.59ms   71.14%
    Req/Sec   157.17    349.13     3.56k    98.66%
  Latency Distribution (HdrHistogram - Recorded Latency)
 50.000%    1.49ms
 75.000%    2.07ms
 90.000%    3.11ms
 99.000%    4.04ms
 99.900%    4.61ms
 99.990%    5.11ms
 99.999%    5.47ms
100.000%    5.59ms

  Detailed Percentile spectrum:
       Value   Percentile   TotalCount 1/(1-Percentile)

       0.554     0.000000            1         1.00
       0.869     0.100000         6623         1.11
       1.057     0.200000        13201         1.25
       1.219     0.300000        19803         1.43
       1.362     0.400000        26363         1.67
       1.494     0.500000        32971         2.00
       1.559     0.550000        36289         2.22
       1.621     0.600000        39558         2.50
       1.708     0.650000        42850         2.86
       1.853     0.700000        46135         3.33
       2.069     0.750000        49447         4.00
       2.215     0.775000        51075         4.44
       2.391     0.800000        52729         5.00
       2.589     0.825000        54385         5.71
       2.779     0.850000        56030         6.67
       2.943     0.875000        57676         8.00
       3.021     0.887500        58493         8.89
       3.105     0.900000        59320        10.00
       3.187     0.912500        60150        11.43
       3.271     0.925000        60964        13.33
       3.365     0.937500        61801        16.00
       3.413     0.943750        62203        17.78
       3.465     0.950000        62617        20.00
       3.527     0.956250        63023        22.86
       3.593     0.962500        63433        26.67
       3.671     0.968750        63845        32.00
       3.713     0.971875        64052        35.56
       3.757     0.975000        64261        40.00
       3.801     0.978125        64472        45.71
       3.849     0.981250        64671        53.33
       3.909     0.984375        64876        64.00
       3.941     0.985938        64978        71.11
       3.977     0.987500        65080        80.00
       4.019     0.989062        65189        91.43
       4.065     0.990625        65287       106.67
       4.123     0.992188        65389       128.00
       4.155     0.992969        65443       142.22
       4.195     0.993750        65494       160.00
       4.235     0.994531        65547       182.86
       4.283     0.995313        65597       213.33
       4.335     0.996094        65650       256.00
       4.375     0.996484        65674       284.44
       4.395     0.996875        65699       320.00
       4.427     0.997266        65723       365.71
       4.459     0.997656        65754       426.67
       4.503     0.998047        65777       512.00
       4.527     0.998242        65789       568.89
       4.551     0.998437        65805       640.00
       4.567     0.998633        65814       731.43
       4.595     0.998828        65828       853.33
       4.627     0.999023        65839      1024.00
       4.679     0.999121        65846      1137.78
       4.715     0.999219        65853      1280.00
       4.731     0.999316        65858      1462.86
       4.795     0.999414        65865      1706.67
       4.807     0.999512        65871      2048.00
       4.843     0.999561        65875      2275.56
       4.847     0.999609        65878      2560.00
       4.863     0.999658        65881      2925.71
       4.895     0.999707        65884      3413.33
       4.923     0.999756        65887      4096.00
       4.947     0.999780        65889      4551.11
       4.963     0.999805        65891      5120.00
       5.003     0.999829        65893      5851.43
       5.011     0.999854        65894      6826.67
       5.019     0.999878        65895      8192.00
       5.107     0.999890        65896      9102.22
       5.143     0.999902        65898     10240.00
       5.143     0.999915        65898     11702.86
       5.151     0.999927        65899     13653.33
       5.151     0.999939        65899     16384.00
       5.175     0.999945        65900     18204.44
       5.175     0.999951        65900     20480.00
       5.179     0.999957        65901     23405.71
       5.179     0.999963        65901     27306.67
       5.179     0.999969        65901     32768.00
       5.467     0.999973        65902     36408.89
       5.467     0.999976        65902     40960.00
       5.467     0.999979        65902     46811.43
       5.467     0.999982        65902     54613.33
       5.467     0.999985        65902     65536.00
       5.595     0.999986        65903     72817.78
       5.595     1.000000        65903          inf
#[Mean    =        1.725, StdDeviation   =        0.834]
#[Max     =        5.592, Total count    =        65903]
#[Buckets =           27, SubBuckets     =         2048]
----------------------------------------------------------
  71876 requests in 2.00m, 644.96MB read
Requests/sec:    598.75
Transfer/sec:      5.37MB
