Running 2m test @ http://localhost:9002/api/v1/users
  4 threads and 128 connections
  Thread calibration: mean lat.: 1.531ms, rate sampling interval: 10ms
  Thread calibration: mean lat.: 1.549ms, rate sampling interval: 10ms
  Thread calibration: mean lat.: 1.533ms, rate sampling interval: 10ms
  Thread calibration: mean lat.: 1.549ms, rate sampling interval: 10ms
  Thread Stats   Avg      Stdev     Max   +/- Stdev
    Latency     1.57ms  847.67us  39.26ms   94.90%
    Req/Sec     1.06k    98.11     4.33k    86.47%
  Latency Distribution (HdrHistogram - Recorded Latency)
 50.000%    1.49ms
 75.000%    1.85ms
 90.000%    2.23ms
 99.000%    2.68ms
 99.900%   11.64ms
 99.990%   32.32ms
 99.999%   37.15ms
100.000%   39.29ms

  Detailed Percentile spectrum:
       Value   Percentile   TotalCount 1/(1-Percentile)

       0.646     0.000000            1         1.00
       0.968     0.100000        44196         1.11
       1.116     0.200000        88069         1.25
       1.247     0.300000       131997         1.43
       1.366     0.400000       175989         1.67
       1.485     0.500000       219856         2.00
       1.549     0.550000       241906         2.22
       1.616     0.600000       263732         2.50
       1.688     0.650000       285845         2.86
       1.764     0.700000       307615         3.33
       1.851     0.750000       329615         4.00
       1.902     0.775000       340633         4.44
       1.958     0.800000       351549         5.00
       2.019     0.825000       362503         5.71
       2.085     0.850000       373484         6.67
       2.155     0.875000       384683         8.00
       2.191     0.887500       390102         8.89
       2.229     0.900000       395603        10.00
       2.269     0.912500       401060        11.43
       2.313     0.925000       406459        13.33
       2.361     0.937500       412029        16.00
       2.387     0.943750       414755        17.78
       2.413     0.950000       417489        20.00
       2.441     0.956250       420220        22.86
       2.471     0.962500       422926        26.67
       2.505     0.968750       425675        32.00
       2.525     0.971875       427108        35.56
       2.543     0.975000       428383        40.00
       2.565     0.978125       429851        45.71
       2.589     0.981250       431211        53.33
       2.617     0.984375       432553        64.00
       2.633     0.985938       433246        71.11
       2.649     0.987500       433883        80.00
       2.667     0.989062       434559        91.43
       2.689     0.990625       435257       106.67
       2.715     0.992188       435942       128.00
       2.731     0.992969       436301       142.22
       2.747     0.993750       436625       160.00
       2.769     0.994531       436984       182.86
       2.795     0.995313       437312       213.33
       2.829     0.996094       437654       256.00
       2.855     0.996484       437815       284.44
       2.885     0.996875       437996       320.00
       2.933     0.997266       438161       365.71
       3.041     0.997656       438332       426.67
       3.295     0.998047       438501       512.00
       3.489     0.998242       438587       568.89
       3.765     0.998437       438673       640.00
       4.879     0.998633       438759       731.43
       8.319     0.998828       438845       853.33
      12.103     0.999023       438930      1024.00
      14.495     0.999121       438973      1137.78
      16.063     0.999219       439016      1280.00
      17.903     0.999316       439059      1462.86
      19.599     0.999414       439102      1706.67
      21.759     0.999512       439145      2048.00
      22.815     0.999561       439168      2275.56
      23.855     0.999609       439188      2560.00
      25.727     0.999658       439210      2925.71
      26.639     0.999707       439231      3413.33
      27.743     0.999756       439252      4096.00
      28.975     0.999780       439263      4551.11
      29.423     0.999805       439274      5120.00
      29.967     0.999829       439284      5851.43
      30.911     0.999854       439295      6826.67
      31.759     0.999878       439306      8192.00
      32.191     0.999890       439312      9102.22
      32.591     0.999902       439317     10240.00
      33.087     0.999915       439322     11702.86
      33.407     0.999927       439327     13653.33
      33.887     0.999939       439333     16384.00
      34.239     0.999945       439336     18204.44
      34.879     0.999951       439338     20480.00
      35.039     0.999957       439341     23405.71
      35.199     0.999963       439343     27306.67
      36.031     0.999969       439346     32768.00
      36.319     0.999973       439347     36408.89
      36.479     0.999976       439349     40960.00
      36.575     0.999979       439350     46811.43
      36.863     0.999982       439351     54613.33
      36.927     0.999985       439353     65536.00
      36.927     0.999986       439353     72817.78
      37.119     0.999988       439354     81920.00
      37.151     0.999989       439355     93622.86
      37.151     0.999991       439355    109226.67
      37.343     0.999992       439356    131072.00
      37.343     0.999993       439356    145635.56
      37.503     0.999994       439357    163840.00
      37.503     0.999995       439357    187245.71
      37.503     0.999995       439357    218453.33
      37.951     0.999996       439358    262144.00
      37.951     0.999997       439358    291271.11
      37.951     0.999997       439358    327680.00
      37.951     0.999997       439358    374491.43
      37.951     0.999998       439358    436906.67
      39.295     0.999998       439359    524288.00
      39.295     1.000000       439359          inf
#[Mean    =        1.567, StdDeviation   =        0.848]
#[Max     =       39.264, Total count    =       439359]
#[Buckets =           27, SubBuckets     =         2048]
----------------------------------------------------------
  479751 requests in 2.00m, 4.12GB read
Requests/sec:   3997.88
Transfer/sec:     35.15MB
