Running 2m test @ http://localhost:9000/api/v1/users
  4 threads and 128 connections
  Thread calibration: mean lat.: 1.443ms, rate sampling interval: 10ms
  Thread calibration: mean lat.: 1.457ms, rate sampling interval: 10ms
  Thread calibration: mean lat.: 1.459ms, rate sampling interval: 10ms
  Thread calibration: mean lat.: 1.447ms, rate sampling interval: 10ms
  Thread Stats   Avg      Stdev     Max   +/- Stdev
    Latency     1.52ms  641.05us  39.97ms   81.05%
    Req/Sec     1.05k    88.98     3.70k    84.27%
  Latency Distribution (HdrHistogram - Recorded Latency)
 50.000%    1.45ms
 75.000%    1.82ms
 90.000%    2.21ms
 99.000%    2.65ms
 99.900%    3.21ms
 99.990%   27.50ms
 99.999%   38.05ms
100.000%   40.00ms

  Detailed Percentile spectrum:
       Value   Percentile   TotalCount 1/(1-Percentile)

       0.585     0.000000            1         1.00
       0.921     0.100000        43959         1.11
       1.068     0.200000        88046         1.25
       1.201     0.300000       131922         1.43
       1.325     0.400000       176020         1.67
       1.448     0.500000       219715         2.00
       1.513     0.550000       241693         2.22
       1.581     0.600000       263677         2.50
       1.653     0.650000       285712         2.86
       1.728     0.700000       307685         3.33
       1.815     0.750000       329627         4.00
       1.867     0.775000       340640         4.44
       1.925     0.800000       351650         5.00
       1.991     0.825000       362609         5.71
       2.063     0.850000       373690         6.67
       2.137     0.875000       384671         8.00
       2.175     0.887500       390074         8.89
       2.215     0.900000       395534        10.00
       2.257     0.912500       401088        11.43
       2.301     0.925000       406575        13.33
       2.347     0.937500       411955        16.00
       2.373     0.943750       414866        17.78
       2.399     0.950000       417543        20.00
       2.425     0.956250       420162        22.86
       2.455     0.962500       423023        26.67
       2.487     0.968750       425682        32.00
       2.505     0.971875       427008        35.56
       2.525     0.975000       428506        40.00
       2.545     0.978125       429813        45.71
       2.567     0.981250       431179        53.33
       2.593     0.984375       432563        64.00
       2.607     0.985938       433216        71.11
       2.623     0.987500       433913        80.00
       2.641     0.989062       434566        91.43
       2.663     0.990625       435278       106.67
       2.687     0.992188       435946       128.00
       2.701     0.992969       436312       142.22
       2.715     0.993750       436625       160.00
       2.733     0.994531       436967       182.86
       2.753     0.995313       437310       213.33
       2.777     0.996094       437647       256.00
       2.793     0.996484       437831       284.44
       2.809     0.996875       438005       320.00
       2.829     0.997266       438170       365.71
       2.853     0.997656       438327       426.67
       2.885     0.998047       438498       512.00
       2.905     0.998242       438584       568.89
       2.931     0.998437       438670       640.00
       2.973     0.998633       438757       731.43
       3.055     0.998828       438843       853.33
       3.227     0.999023       438927      1024.00
       3.339     0.999121       438970      1137.78
       3.551     0.999219       439014      1280.00
       4.039     0.999316       439056      1462.86
       5.443     0.999414       439099      1706.67
       8.191     0.999512       439142      2048.00
       9.663     0.999561       439163      2275.56
      11.063     0.999609       439185      2560.00
      12.207     0.999658       439206      2925.71
      13.727     0.999707       439228      3413.33
      15.407     0.999756       439249      4096.00
      16.231     0.999780       439260      4551.11
      17.743     0.999805       439271      5120.00
      19.535     0.999829       439281      5851.43
      21.407     0.999854       439292      6826.67
      24.879     0.999878       439303      8192.00
      26.095     0.999890       439308      9102.22
      27.663     0.999902       439314     10240.00
      29.183     0.999915       439319     11702.86
      30.911     0.999927       439324     13653.33
      31.855     0.999939       439330     16384.00
      32.415     0.999945       439332     18204.44
      33.119     0.999951       439335     20480.00
      33.983     0.999957       439338     23405.71
      34.463     0.999963       439340     27306.67
      35.647     0.999969       439343     32768.00
      36.095     0.999973       439344     36408.89
      36.351     0.999976       439346     40960.00
      36.383     0.999979       439347     46811.43
      36.543     0.999982       439348     54613.33
      37.887     0.999985       439350     65536.00
      37.887     0.999986       439350     72817.78
      37.951     0.999988       439351     81920.00
      38.047     0.999989       439352     93622.86
      38.047     0.999991       439352    109226.67
      38.143     0.999992       439353    131072.00
      38.143     0.999993       439353    145635.56
      39.231     0.999994       439354    163840.00
      39.231     0.999995       439354    187245.71
      39.231     0.999995       439354    218453.33
      39.839     0.999996       439355    262144.00
      39.839     0.999997       439355    291271.11
      39.839     0.999997       439355    327680.00
      39.839     0.999997       439355    374491.43
      39.839     0.999998       439355    436906.67
      39.999     0.999998       439356    524288.00
      39.999     1.000000       439356          inf
#[Mean    =        1.517, StdDeviation   =        0.641]
#[Max     =       39.968, Total count    =       439356]
#[Buckets =           27, SubBuckets     =         2048]
----------------------------------------------------------
  479748 requests in 2.00m, 4.11GB read
Requests/sec:   3997.88
Transfer/sec:     35.08MB
