Running 2m test @ http://localhost:9002/api/v1/users
  4 threads and 128 connections
  Thread calibration: mean lat.: 1.504ms, rate sampling interval: 10ms
  Thread calibration: mean lat.: 1.540ms, rate sampling interval: 10ms
  Thread calibration: mean lat.: 1.525ms, rate sampling interval: 10ms
  Thread calibration: mean lat.: 1.522ms, rate sampling interval: 10ms
  Thread Stats   Avg      Stdev     Max   +/- Stdev
    Latency     1.54ms  632.18us  40.26ms   82.42%
    Req/Sec     1.05k    85.61     4.67k    87.07%
  Latency Distribution (HdrHistogram - Recorded Latency)
 50.000%    1.48ms
 75.000%    1.82ms
 90.000%    2.20ms
 99.000%    2.72ms
 99.900%    3.75ms
 99.990%   28.13ms
 99.999%   37.02ms
100.000%   40.29ms

  Detailed Percentile spectrum:
       Value   Percentile   TotalCount 1/(1-Percentile)

       0.644     0.000000            1         1.00
       0.957     0.100000        44086         1.11
       1.097     0.200000        87918         1.25
       1.228     0.300000       131838         1.43
       1.353     0.400000       176026         1.67
       1.475     0.500000       219869         2.00
       1.537     0.550000       241936         2.22
       1.600     0.600000       263682         2.50
       1.667     0.650000       285834         2.86
       1.737     0.700000       307754         3.33
       1.815     0.750000       329545         4.00
       1.860     0.775000       340644         4.44
       1.909     0.800000       351644         5.00
       1.964     0.825000       362565         5.71
       2.028     0.850000       373470         6.67
       2.109     0.875000       384599         8.00
       2.155     0.887500       390170         8.89
       2.201     0.900000       395466        10.00
       2.253     0.912500       400985        11.43
       2.309     0.925000       406472        13.33
       2.369     0.937500       411958        16.00
       2.399     0.943750       414719        17.78
       2.429     0.950000       417412        20.00
       2.461     0.956250       420292        22.86
       2.493     0.962500       422904        26.67
       2.531     0.968750       425675        32.00
       2.551     0.971875       427006        35.56
       2.575     0.975000       428491        40.00
       2.597     0.978125       429756        45.71
       2.623     0.981250       431167        53.33
       2.653     0.984375       432514        64.00
       2.671     0.985938       433247        71.11
       2.689     0.987500       433901        80.00
       2.711     0.989062       434575        91.43
       2.737     0.990625       435297       106.67
       2.765     0.992188       435951       128.00
       2.785     0.992969       436290       142.22
       2.807     0.993750       436625       160.00
       2.829     0.994531       436964       182.86
       2.855     0.995313       437309       213.33
       2.889     0.996094       437649       256.00
       2.911     0.996484       437829       284.44
       2.937     0.996875       437986       320.00
       2.975     0.997266       438167       365.71
       3.035     0.997656       438330       426.67
       3.145     0.998047       438498       512.00
       3.235     0.998242       438588       568.89
       3.327     0.998437       438670       640.00
       3.443     0.998633       438756       731.43
       3.593     0.998828       438843       853.33
       3.779     0.999023       438927      1024.00
       3.875     0.999121       438971      1137.78
       4.001     0.999219       439013      1280.00
       4.155     0.999316       439056      1462.86
       4.455     0.999414       439100      1706.67
       5.027     0.999512       439142      2048.00
       6.415     0.999561       439163      2275.56
       7.655     0.999609       439185      2560.00
       9.695     0.999658       439206      2925.71
      12.351     0.999707       439228      3413.33
      14.551     0.999756       439249      4096.00
      16.975     0.999780       439260      4551.11
      19.023     0.999805       439271      5120.00
      20.927     0.999829       439281      5851.43
      24.159     0.999854       439292      6826.67
      26.575     0.999878       439303      8192.00
      27.519     0.999890       439308      9102.22
      28.511     0.999902       439314     10240.00
      29.183     0.999915       439319     11702.86
      30.431     0.999927       439324     13653.33
      32.831     0.999939       439330     16384.00
      33.183     0.999945       439332     18204.44
      33.471     0.999951       439335     20480.00
      34.143     0.999957       439338     23405.71
      34.271     0.999963       439340     27306.67
      34.719     0.999969       439343     32768.00
      34.815     0.999973       439344     36408.89
      35.391     0.999976       439346     40960.00
      35.487     0.999979       439347     46811.43
      36.447     0.999982       439348     54613.33
      36.639     0.999985       439350     65536.00
      36.639     0.999986       439350     72817.78
      36.735     0.999988       439351     81920.00
      37.023     0.999989       439352     93622.86
      37.023     0.999991       439352    109226.67
      37.439     0.999992       439353    131072.00
      37.439     0.999993       439353    145635.56
      37.631     0.999994       439354    163840.00
      37.631     0.999995       439354    187245.71
      37.631     0.999995       439354    218453.33
      39.199     0.999996       439355    262144.00
      39.199     0.999997       439355    291271.11
      39.199     0.999997       439355    327680.00
      39.199     0.999997       439355    374491.43
      39.199     0.999998       439355    436906.67
      40.287     0.999998       439356    524288.00
      40.287     1.000000       439356          inf
#[Mean    =        1.536, StdDeviation   =        0.632]
#[Max     =       40.256, Total count    =       439356]
#[Buckets =           27, SubBuckets     =         2048]
----------------------------------------------------------
  479748 requests in 2.00m, 4.12GB read
Requests/sec:   3997.89
Transfer/sec:     35.15MB
