Running 2m test @ http://localhost:9000/api/v1/user?id=1
  4 threads and 128 connections
  Thread calibration: mean lat.: 0.834ms, rate sampling interval: 10ms
  Thread calibration: mean lat.: 0.832ms, rate sampling interval: 10ms
  Thread calibration: mean lat.: 0.829ms, rate sampling interval: 10ms
  Thread calibration: mean lat.: 0.829ms, rate sampling interval: 10ms
  Thread Stats   Avg      Stdev     Max   +/- Stdev
    Latency   833.73us  442.80us  22.77ms   68.34%
    Req/Sec     6.56k   375.26    17.30k    73.18%
  Latency Distribution (HdrHistogram - Recorded Latency)
 50.000%  825.00us
 75.000%    1.14ms
 90.000%    1.35ms
 99.000%    1.84ms
 99.900%    2.25ms
 99.990%   12.54ms
 99.999%   19.79ms
100.000%   22.78ms

  Detailed Percentile spectrum:
       Value   Percentile   TotalCount 1/(1-Percentile)

       0.070     0.000000            1         1.00
       0.293     0.100000       275383         1.11
       0.428     0.200000       549214         1.25
       0.561     0.300000       824862         1.43
       0.693     0.400000      1100297         1.67
       0.825     0.500000      1374397         2.00
       0.890     0.550000      1511056         2.22
       0.955     0.600000      1648811         2.50
       1.017     0.650000      1784965         2.86
       1.078     0.700000      1923660         3.33
       1.139     0.750000      2060113         4.00
       1.171     0.775000      2130063         4.44
       1.203     0.800000      2197766         5.00
       1.237     0.825000      2266773         5.71
       1.272     0.850000      2335125         6.67
       1.309     0.875000      2404415         8.00
       1.328     0.887500      2438216         8.89
       1.348     0.900000      2471759        10.00
       1.370     0.912500      2506095        11.43
       1.395     0.925000      2541033        13.33
       1.424     0.937500      2574957        16.00
       1.442     0.943750      2592406        17.78
       1.461     0.950000      2608750        20.00
       1.485     0.956250      2625970        22.86
       1.515     0.962500      2643314        26.67
       1.553     0.968750      2660527        32.00
       1.576     0.971875      2668962        35.56
       1.603     0.975000      2677378        40.00
       1.636     0.978125      2686046        45.71
       1.675     0.981250      2694568        53.33
       1.725     0.984375      2703222        64.00
       1.753     0.985938      2707423        71.11
       1.786     0.987500      2711769        80.00
       1.820     0.989062      2715992        91.43
       1.860     0.990625      2720347       106.67
       1.903     0.992188      2724585       128.00
       1.929     0.992969      2726755       142.22
       1.956     0.993750      2728843       160.00
       1.986     0.994531      2731001       182.86
       2.018     0.995313      2733154       213.33
       2.055     0.996094      2735386       256.00
       2.073     0.996484      2736403       284.44
       2.093     0.996875      2737493       320.00
       2.113     0.997266      2738512       365.71
       2.137     0.997656      2739640       426.67
       2.161     0.998047      2740694       512.00
       2.175     0.998242      2741215       568.89
       2.189     0.998437      2741704       640.00
       2.205     0.998633      2742239       731.43
       2.225     0.998828      2742779       853.33
       2.251     0.999023      2743323      1024.00
       2.265     0.999121      2743591      1137.78
       2.281     0.999219      2743844      1280.00
       2.307     0.999316      2744131      1462.86
       2.345     0.999414      2744392      1706.67
       2.445     0.999512      2744652      2048.00
       2.617     0.999561      2744784      2275.56
       2.847     0.999609      2744918      2560.00
       3.181     0.999658      2745053      2925.71
       3.613     0.999707      2745185      3413.33
       4.065     0.999756      2745319      4096.00
       4.331     0.999780      2745386      4551.11
       4.799     0.999805      2745453      5120.00
       6.055     0.999829      2745520      5851.43
       8.375     0.999854      2745587      6826.67
      10.431     0.999878      2745654      8192.00
      11.543     0.999890      2745688      9102.22
      12.719     0.999902      2745721     10240.00
      13.623     0.999915      2745756     11702.86
      14.455     0.999927      2745788     13653.33
      15.503     0.999939      2745823     16384.00
      16.079     0.999945      2745839     18204.44
      16.575     0.999951      2745855     20480.00
      16.815     0.999957      2745873     23405.71
      17.263     0.999963      2745889     27306.67
      17.967     0.999969      2745908     32768.00
      18.175     0.999973      2745914     36408.89
      18.415     0.999976      2745922     40960.00
      18.495     0.999979      2745931     46811.43
      18.671     0.999982      2745940     54613.33
      19.055     0.999985      2745948     65536.00
      19.359     0.999986      2745952     72817.78
      19.551     0.999988      2745956     81920.00
      19.759     0.999989      2745960     93622.86
      19.887     0.999991      2745964    109226.67
      20.095     0.999992      2745969    131072.00
      20.239     0.999993      2745971    145635.56
      20.351     0.999994      2745973    163840.00
      20.511     0.999995      2745975    187245.71
      20.863     0.999995      2745977    218453.33
      20.975     0.999996      2745979    262144.00
      21.343     0.999997      2745981    291271.11
      21.343     0.999997      2745981    327680.00
      21.455     0.999997      2745982    374491.43
      21.695     0.999998      2745983    436906.67
      21.711     0.999998      2745984    524288.00
      21.727     0.999998      2745985    582542.22
      21.727     0.999998      2745985    655360.00
      21.791     0.999999      2745986    748982.86
      21.791     0.999999      2745986    873813.33
      21.951     0.999999      2745987   1048576.00
      21.951     0.999999      2745987   1165084.44
      21.951     0.999999      2745987   1310720.00
      21.967     0.999999      2745988   1497965.71
      21.967     0.999999      2745988   1747626.67
      21.967     1.000000      2745988   2097152.00
      21.967     1.000000      2745988   2330168.89
      21.967     1.000000      2745988   2621440.00
      22.783     1.000000      2745989   2995931.43
      22.783     1.000000      2745989          inf
#[Mean    =        0.834, StdDeviation   =        0.443]
#[Max     =       22.768, Total count    =      2745989]
#[Buckets =           27, SubBuckets     =         2048]
----------------------------------------------------------
  2998088 requests in 2.00m, 357.40MB read
Requests/sec:  24983.93
Transfer/sec:      2.98MB
