Running 2m test @ http://localhost:9008/api/v1/user?id=1
  4 threads and 128 connections
  Thread calibration: mean lat.: 1.334ms, rate sampling interval: 10ms
  Thread calibration: mean lat.: 1.344ms, rate sampling interval: 10ms
  Thread calibration: mean lat.: 1.338ms, rate sampling interval: 10ms
  Thread calibration: mean lat.: 1.528ms, rate sampling interval: 10ms
  Thread Stats   Avg      Stdev     Max   +/- Stdev
    Latency     1.39ms  595.30us  15.37ms   68.67%
    Req/Sec     5.26k   735.83     8.56k    77.42%
  Latency Distribution (HdrHistogram - Recorded Latency)
 50.000%    1.35ms
 75.000%    1.77ms
 90.000%    2.15ms
 99.000%    2.92ms
 99.900%    4.14ms
 99.990%   10.10ms
 99.999%   13.52ms
100.000%   15.38ms

  Detailed Percentile spectrum:
       Value   Percentile   TotalCount 1/(1-Percentile)

       0.161     0.000000            1         1.00
       0.676     0.100000       219996         1.11
       0.871     0.200000       440261         1.25
       1.036     0.300000       659148         1.43
       1.191     0.400000       878841         1.67
       1.345     0.500000      1099416         2.00
       1.422     0.550000      1208291         2.22
       1.502     0.600000      1318597         2.50
       1.585     0.650000      1428476         2.86
       1.673     0.700000      1538469         3.33
       1.768     0.750000      1647773         4.00
       1.820     0.775000      1702846         4.44
       1.875     0.800000      1757532         5.00
       1.935     0.825000      1812620         5.71
       2.001     0.850000      1867819         6.67
       2.073     0.875000      1922610         8.00
       2.113     0.887500      1950367         8.89
       2.155     0.900000      1977349        10.00
       2.203     0.912500      2005060        11.43
       2.255     0.925000      2032409        13.33
       2.315     0.937500      2059672        16.00
       2.349     0.943750      2073232        17.78
       2.389     0.950000      2087503        20.00
       2.431     0.956250      2100845        22.86
       2.481     0.962500      2114492        26.67
       2.541     0.968750      2128405        32.00
       2.575     0.971875      2135255        35.56
       2.613     0.975000      2142115        40.00
       2.655     0.978125      2148901        45.71
       2.705     0.981250      2155775        53.33
       2.765     0.984375      2162552        64.00
       2.801     0.985938      2166001        71.11
       2.841     0.987500      2169471        80.00
       2.887     0.989062      2172830        91.43
       2.941     0.990625      2176224       106.67
       3.007     0.992188      2179641       128.00
       3.047     0.992969      2181387       142.22
       3.093     0.993750      2183099       160.00
       3.145     0.994531      2184771       182.86
       3.209     0.995313      2186496       213.33
       3.289     0.996094      2188238       256.00
       3.333     0.996484      2189092       284.44
       3.383     0.996875      2189934       320.00
       3.445     0.997266      2190784       365.71
       3.525     0.997656      2191651       426.67
       3.627     0.998047      2192500       512.00
       3.691     0.998242      2192926       568.89
       3.767     0.998437      2193355       640.00
       3.875     0.998633      2193779       731.43
       4.007     0.998828      2194210       853.33
       4.171     0.999023      2194641      1024.00
       4.271     0.999121      2194855      1137.78
       4.399     0.999219      2195074      1280.00
       4.563     0.999316      2195281      1462.86
       4.799     0.999414      2195497      1706.67
       5.087     0.999512      2195711      2048.00
       5.259     0.999561      2195819      2275.56
       5.479     0.999609      2195926      2560.00
       5.771     0.999658      2196032      2925.71
       6.107     0.999707      2196139      3413.33
       6.499     0.999756      2196246      4096.00
       6.831     0.999780      2196301      4551.11
       7.171     0.999805      2196353      5120.00
       7.819     0.999829      2196407      5851.43
       8.535     0.999854      2196461      6826.67
       9.335     0.999878      2196514      8192.00
       9.695     0.999890      2196542      9102.22
      10.183     0.999902      2196568     10240.00
      10.607     0.999915      2196596     11702.86
      10.983     0.999927      2196622     13653.33
      11.487     0.999939      2196648     16384.00
      11.863     0.999945      2196662     18204.44
      12.127     0.999951      2196675     20480.00
      12.399     0.999957      2196689     23405.71
      12.671     0.999963      2196704     27306.67
      12.815     0.999969      2196715     32768.00
      12.863     0.999973      2196722     36408.89
      12.959     0.999976      2196729     40960.00
      13.079     0.999979      2196736     46811.43
      13.199     0.999982      2196742     54613.33
      13.359     0.999985      2196749     65536.00
      13.407     0.999986      2196752     72817.78
      13.471     0.999988      2196757     81920.00
      13.495     0.999989      2196759     93622.86
      13.567     0.999991      2196762    109226.67
      13.663     0.999992      2196766    131072.00
      13.671     0.999993      2196767    145635.56
      13.807     0.999994      2196769    163840.00
      13.879     0.999995      2196771    187245.71
      13.911     0.999995      2196772    218453.33
      14.047     0.999996      2196774    262144.00
      14.055     0.999997      2196775    291271.11
      14.135     0.999997      2196776    327680.00
      14.151     0.999997      2196777    374491.43
      14.151     0.999998      2196777    436906.67
      14.391     0.999998      2196779    524288.00
      14.391     0.999998      2196779    582542.22
      14.391     0.999998      2196779    655360.00
      14.487     0.999999      2196780    748982.86
      14.487     0.999999      2196780    873813.33
      14.487     0.999999      2196780   1048576.00
      14.567     0.999999      2196781   1165084.44
      14.567     0.999999      2196781   1310720.00
      14.567     0.999999      2196781   1497965.71
      14.567     0.999999      2196781   1747626.67
      14.567     1.000000      2196781   2097152.00
      15.375     1.000000      2196782   2330168.89
      15.375     1.000000      2196782          inf
#[Mean    =        1.394, StdDeviation   =        0.595]
#[Max     =       15.368, Total count    =      2196782]
#[Buckets =           27, SubBuckets     =         2048]
----------------------------------------------------------
  2393870 requests in 2.00m, 742.40MB read
Requests/sec:  19948.70
Transfer/sec:      6.19MB
