Running 5m test @ http://localhost:8080/api/v1/users
  4 threads and 128 connections
  Thread calibration: mean lat.: 1.567ms, rate sampling interval: 10ms
  Thread calibration: mean lat.: 1.554ms, rate sampling interval: 10ms
  Thread calibration: mean lat.: 1.567ms, rate sampling interval: 10ms
  Thread calibration: mean lat.: 1.550ms, rate sampling interval: 10ms
  Thread Stats   Avg      Stdev     Max   +/- Stdev
    Latency     1.55ms  694.64us  45.47ms   80.08%
    Req/Sec     2.64k   200.99     4.89k    70.62%
  Latency Distribution (HdrHistogram - Recorded Latency)
 50.000%    1.46ms
 75.000%    1.90ms
 90.000%    2.31ms
 99.000%    2.91ms
 99.900%    8.11ms
 99.990%   21.45ms
 99.999%   33.69ms
100.000%   45.50ms

  Detailed Percentile spectrum:
       Value   Percentile   TotalCount 1/(1-Percentile)

       0.462     0.000000            1         1.00
       0.891     0.100000       291048         1.11
       1.052     0.200000       580640         1.25
       1.190     0.300000       869591         1.43
       1.324     0.400000      1161134         1.67
       1.461     0.500000      1450804         2.00
       1.534     0.550000      1594852         2.22
       1.612     0.600000      1739393         2.50
       1.697     0.650000      1884692         2.86
       1.791     0.700000      2028942         3.33
       1.898     0.750000      2173999         4.00
       1.957     0.775000      2247403         4.44
       2.018     0.800000      2318827         5.00
       2.085     0.825000      2393247         5.71
       2.153     0.850000      2464868         6.67
       2.227     0.875000      2537836         8.00
       2.265     0.887500      2573965         8.89
       2.305     0.900000      2610129        10.00
       2.347     0.912500      2645618        11.43
       2.393     0.925000      2681938        13.33
       2.443     0.937500      2717780        16.00
       2.471     0.943750      2735936        17.78
       2.501     0.950000      2753583        20.00
       2.535     0.956250      2771619        22.86
       2.575     0.962500      2790014        26.67
       2.621     0.968750      2808231        32.00
       2.647     0.971875      2817203        35.56
       2.677     0.975000      2826461        40.00
       2.709     0.978125      2835058        45.71
       2.747     0.981250      2844113        53.33
       2.793     0.984375      2853396        64.00
       2.819     0.985938      2857778        71.11
       2.849     0.987500      2862381        80.00
       2.883     0.989062      2866800        91.43
       2.925     0.990625      2871327       106.67
       2.975     0.992188      2875832       128.00
       3.007     0.992969      2878125       142.22
       3.043     0.993750      2880406       160.00
       3.087     0.994531      2882604       182.86
       3.143     0.995313      2884831       213.33
       3.221     0.996094      2887110       256.00
       3.273     0.996484      2888217       284.44
       3.345     0.996875      2889355       320.00
       3.465     0.997266      2890482       365.71
       3.719     0.997656      2891604       426.67
       4.539     0.998047      2892738       512.00
       5.091     0.998242      2893306       568.89
       5.647     0.998437      2893868       640.00
       6.267     0.998633      2894436       731.43
       7.135     0.998828      2895000       853.33
       8.295     0.999023      2895570      1024.00
       8.967     0.999121      2895849      1137.78
       9.639     0.999219      2896134      1280.00
      10.303     0.999316      2896415      1462.86
      10.943     0.999414      2896699      1706.67
      11.695     0.999512      2896984      2048.00
      12.167     0.999561      2897123      2275.56
      12.711     0.999609      2897264      2560.00
      13.431     0.999658      2897406      2925.71
      14.519     0.999707      2897547      3413.33
      16.015     0.999756      2897689      4096.00
      16.911     0.999780      2897761      4551.11
      17.679     0.999805      2897830      5120.00
      18.463     0.999829      2897901      5851.43
      19.295     0.999854      2897974      6826.67
      20.463     0.999878      2898044      8192.00
      21.055     0.999890      2898078      9102.22
      21.567     0.999902      2898113     10240.00
      22.495     0.999915      2898150     11702.86
      23.167     0.999927      2898184     13653.33
      24.511     0.999939      2898220     16384.00
      25.199     0.999945      2898238     18204.44
      25.679     0.999951      2898255     20480.00
      26.223     0.999957      2898273     23405.71
      26.895     0.999963      2898290     27306.67
      28.703     0.999969      2898308     32768.00
      29.487     0.999973      2898317     36408.89
      30.255     0.999976      2898326     40960.00
      30.911     0.999979      2898335     46811.43
      31.359     0.999982      2898343     54613.33
      32.207     0.999985      2898352     65536.00
      32.671     0.999986      2898357     72817.78
      33.087     0.999988      2898361     81920.00
      33.695     0.999989      2898367     93622.86
      34.591     0.999991      2898370    109226.67
      34.847     0.999992      2898374    131072.00
      35.423     0.999993      2898377    145635.56
      35.967     0.999994      2898379    163840.00
      37.919     0.999995      2898382    187245.71
      38.047     0.999995      2898383    218453.33
      38.495     0.999996      2898385    262144.00
      38.783     0.999997      2898387    291271.11
      39.071     0.999997      2898388    327680.00
      39.519     0.999997      2898389    374491.43
      40.479     0.999998      2898390    436906.67
      40.511     0.999998      2898391    524288.00
      41.087     0.999998      2898392    582542.22
      41.087     0.999998      2898392    655360.00
      42.111     0.999999      2898393    748982.86
      42.111     0.999999      2898393    873813.33
      42.655     0.999999      2898394   1048576.00
      42.655     0.999999      2898394   1165084.44
      42.655     0.999999      2898394   1310720.00
      44.863     0.999999      2898395   1497965.71
      44.863     0.999999      2898395   1747626.67
      44.863     1.000000      2898395   2097152.00
      44.863     1.000000      2898395   2330168.89
      44.863     1.000000      2898395   2621440.00
      45.503     1.000000      2898396   2995931.43
      45.503     1.000000      2898396          inf
#[Mean    =        1.552, StdDeviation   =        0.695]
#[Max     =       45.472, Total count    =      2898396]
#[Buckets =           27, SubBuckets     =         2048]
----------------------------------------------------------
  2999274 requests in 5.00m, 25.70GB read
Requests/sec:   9997.56
Transfer/sec:     87.74MB
