Running 2m test @ http://localhost:9003/api/v1/users
  4 threads and 128 connections
  Thread calibration: mean lat.: 1.372ms, rate sampling interval: 10ms
  Thread calibration: mean lat.: 1.363ms, rate sampling interval: 10ms
  Thread calibration: mean lat.: 2.839ms, rate sampling interval: 10ms
  Thread calibration: mean lat.: 1.325ms, rate sampling interval: 10ms
  Thread Stats   Avg      Stdev     Max   +/- Stdev
    Latency     1.68ms  844.05us   5.75ms   71.13%
    Req/Sec   525.82    581.62     3.56k    95.72%
  Latency Distribution (HdrHistogram - Recorded Latency)
 50.000%    1.47ms
 75.000%    2.11ms
 90.000%    2.99ms
 99.000%    4.16ms
 99.900%    4.70ms
 99.990%    5.25ms
 99.999%    5.55ms
100.000%    5.75ms

  Detailed Percentile spectrum:
       Value   Percentile   TotalCount 1/(1-Percentile)

       0.504     0.000000            1         1.00
       0.801     0.100000        22045         1.11
       0.975     0.200000        44044         1.25
       1.141     0.300000        65944         1.43
       1.306     0.400000        87944         1.67
       1.466     0.500000       109966         2.00
       1.543     0.550000       120933         2.22
       1.628     0.600000       131852         2.50
       1.750     0.650000       142824         2.86
       1.916     0.700000       153791         3.33
       2.105     0.750000       164774         4.00
       2.203     0.775000       170302         4.44
       2.325     0.800000       175777         5.00
       2.481     0.825000       181264         5.71
       2.649     0.850000       186730         6.67
       2.821     0.875000       192278         8.00
       2.905     0.887500       194969         8.89
       2.993     0.900000       197728        10.00
       3.089     0.912500       200453        11.43
       3.189     0.925000       203199        13.33
       3.303     0.937500       205969        16.00
       3.363     0.943750       207330        17.78
       3.431     0.950000       208710        20.00
       3.509     0.956250       210075        22.86
       3.593     0.962500       211453        26.67
       3.683     0.968750       212816        32.00
       3.733     0.971875       213494        35.56
       3.793     0.975000       214186        40.00
       3.855     0.978125       214864        45.71
       3.923     0.981250       215566        53.33
       3.991     0.984375       216236        64.00
       4.033     0.985938       216577        71.11
       4.079     0.987500       216930        80.00
       4.127     0.989062       217281        91.43
       4.175     0.990625       217611       106.67
       4.235     0.992188       217968       128.00
       4.259     0.992969       218123       142.22
       4.295     0.993750       218300       160.00
       4.335     0.994531       218482       182.86
       4.371     0.995313       218646       213.33
       4.415     0.996094       218813       256.00
       4.439     0.996484       218901       284.44
       4.467     0.996875       218989       320.00
       4.503     0.997266       219071       365.71
       4.535     0.997656       219157       426.67
       4.575     0.998047       219246       512.00
       4.591     0.998242       219282       568.89
       4.615     0.998437       219323       640.00
       4.639     0.998633       219371       731.43
       4.667     0.998828       219409       853.33
       4.707     0.999023       219453      1024.00
       4.743     0.999121       219480      1137.78
       4.759     0.999219       219496      1280.00
       4.787     0.999316       219519      1462.86
       4.815     0.999414       219539      1706.67
       4.855     0.999512       219560      2048.00
       4.879     0.999561       219570      2275.56
       4.899     0.999609       219581      2560.00
       4.923     0.999658       219591      2925.71
       4.963     0.999707       219602      3413.33
       5.003     0.999756       219613      4096.00
       5.031     0.999780       219618      4551.11
       5.055     0.999805       219624      5120.00
       5.087     0.999829       219629      5851.43
       5.119     0.999854       219634      6826.67
       5.203     0.999878       219640      8192.00
       5.227     0.999890       219643      9102.22
       5.271     0.999902       219645     10240.00
       5.295     0.999915       219648     11702.86
       5.319     0.999927       219650     13653.33
       5.359     0.999939       219654     16384.00
       5.359     0.999945       219654     18204.44
       5.375     0.999951       219656     20480.00
       5.391     0.999957       219657     23405.71
       5.435     0.999963       219658     27306.67
       5.463     0.999969       219660     32768.00
       5.463     0.999973       219660     36408.89
       5.503     0.999976       219661     40960.00
       5.535     0.999979       219662     46811.43
       5.535     0.999982       219662     54613.33
       5.547     0.999985       219663     65536.00
       5.547     0.999986       219663     72817.78
       5.551     0.999988       219664     81920.00
       5.551     0.999989       219664     93622.86
       5.551     0.999991       219664    109226.67
       5.575     0.999992       219665    131072.00
       5.575     0.999993       219665    145635.56
       5.575     0.999994       219665    163840.00
       5.575     0.999995       219665    187245.71
       5.575     0.999995       219665    218453.33
       5.751     0.999996       219666    262144.00
       5.751     1.000000       219666          inf
#[Mean    =        1.684, StdDeviation   =        0.844]
#[Max     =        5.748, Total count    =       219666]
#[Buckets =           27, SubBuckets     =         2048]
----------------------------------------------------------
  239448 requests in 2.00m, 2.06GB read
Requests/sec:   1994.72
Transfer/sec:     17.54MB
