Running 2m test @ http://localhost:9000/api/v1/user?id=1
  4 threads and 128 connections
  Thread calibration: mean lat.: 0.755ms, rate sampling interval: 10ms
  Thread calibration: mean lat.: 0.753ms, rate sampling interval: 10ms
  Thread calibration: mean lat.: 0.760ms, rate sampling interval: 10ms
  Thread calibration: mean lat.: 0.757ms, rate sampling interval: 10ms
  Thread Stats   Avg      Stdev     Max   +/- Stdev
    Latency   754.00us  366.75us  13.64ms   60.97%
    Req/Sec     4.82k   220.51     6.00k    72.60%
  Latency Distribution (HdrHistogram - Recorded Latency)
 50.000%  752.00us
 75.000%    1.05ms
 90.000%    1.24ms
 99.000%    1.54ms
 99.900%    1.93ms
 99.990%    2.64ms
 99.999%    3.94ms
100.000%   13.65ms

  Detailed Percentile spectrum:
       Value   Percentile   TotalCount 1/(1-Percentile)

       0.068     0.000000            1         1.00
       0.256     0.100000       198687         1.11
       0.388     0.200000       396937         1.25
       0.511     0.300000       593908         1.43
       0.632     0.400000       790853         1.67
       0.752     0.500000       990062         2.00
       0.810     0.550000      1087597         2.22
       0.870     0.600000      1186928         2.50
       0.929     0.650000      1285280         2.86
       0.989     0.700000      1384327         3.33
       1.050     0.750000      1484202         4.00
       1.080     0.775000      1532420         4.44
       1.111     0.800000      1583020         5.00
       1.141     0.825000      1631771         5.71
       1.172     0.850000      1681329         6.67
       1.203     0.875000      1730495         8.00
       1.219     0.887500      1755563         8.89
       1.235     0.900000      1780459        10.00
       1.251     0.912500      1804506        11.43
       1.268     0.925000      1829017        13.33
       1.287     0.937500      1854008        16.00
       1.298     0.943750      1866624        17.78
       1.310     0.950000      1878935        20.00
       1.324     0.956250      1891095        22.86
       1.342     0.962500      1903251        26.67
       1.365     0.968750      1915393        32.00
       1.380     0.971875      1921640        35.56
       1.397     0.975000      1927825        40.00
       1.416     0.978125      1933956        45.71
       1.439     0.981250      1940153        53.33
       1.467     0.984375      1946305        64.00
       1.484     0.985938      1949491        71.11
       1.501     0.987500      1952416        80.00
       1.522     0.989062      1955538        91.43
       1.546     0.990625      1958596       106.67
       1.575     0.992188      1961701       128.00
       1.592     0.992969      1963257       142.22
       1.611     0.993750      1964791       160.00
       1.633     0.994531      1966303       182.86
       1.659     0.995313      1967900       213.33
       1.689     0.996094      1969422       256.00
       1.707     0.996484      1970165       284.44
       1.728     0.996875      1970967       320.00
       1.749     0.997266      1971709       365.71
       1.777     0.997656      1972496       426.67
       1.808     0.998047      1973275       512.00
       1.827     0.998242      1973639       568.89
       1.848     0.998437      1974027       640.00
       1.872     0.998633      1974420       731.43
       1.900     0.998828      1974810       853.33
       1.934     0.999023      1975185      1024.00
       1.957     0.999121      1975382      1137.78
       1.977     0.999219      1975570      1280.00
       2.001     0.999316      1975765      1462.86
       2.030     0.999414      1975962      1706.67
       2.059     0.999512      1976155      2048.00
       2.081     0.999561      1976254      2275.56
       2.107     0.999609      1976350      2560.00
       2.135     0.999658      1976441      2925.71
       2.169     0.999707      1976538      3413.33
       2.217     0.999756      1976632      4096.00
       2.249     0.999780      1976683      4551.11
       2.293     0.999805      1976728      5120.00
       2.349     0.999829      1976777      5851.43
       2.413     0.999854      1976825      6826.67
       2.511     0.999878      1976873      8192.00
       2.559     0.999890      1976897      9102.22
       2.669     0.999902      1976922     10240.00
       2.763     0.999915      1976947     11702.86
       2.855     0.999927      1976971     13653.33
       2.963     0.999939      1976994     16384.00
       3.001     0.999945      1977006     18204.44
       3.061     0.999951      1977018     20480.00
       3.129     0.999957      1977030     23405.71
       3.253     0.999963      1977043     27306.67
       3.399     0.999969      1977054     32768.00
       3.495     0.999973      1977060     36408.89
       3.567     0.999976      1977066     40960.00
       3.643     0.999979      1977072     46811.43
       3.739     0.999982      1977079     54613.33
       3.775     0.999985      1977084     65536.00
       3.839     0.999986      1977087     72817.78
       3.865     0.999988      1977090     81920.00
       3.911     0.999989      1977093     93622.86
       3.985     0.999991      1977096    109226.67
       4.027     0.999992      1977099    131072.00
       4.039     0.999993      1977101    145635.56
       4.041     0.999994      1977102    163840.00
       4.167     0.999995      1977104    187245.71
       4.339     0.999995      1977105    218453.33
       4.527     0.999996      1977107    262144.00
       4.531     0.999997      1977108    291271.11
       4.531     0.999997      1977108    327680.00
       4.635     0.999997      1977109    374491.43
       4.875     0.999998      1977110    436906.67
       4.907     0.999998      1977111    524288.00
       4.907     0.999998      1977111    582542.22
       4.907     0.999998      1977111    655360.00
       5.415     0.999999      1977112    748982.86
       5.415     0.999999      1977112    873813.33
       6.655     0.999999      1977113   1048576.00
       6.655     0.999999      1977113   1165084.44
       6.655     0.999999      1977113   1310720.00
       6.655     0.999999      1977113   1497965.71
       6.655     0.999999      1977113   1747626.67
      13.647     1.000000      1977114   2097152.00
      13.647     1.000000      1977114          inf
#[Mean    =        0.754, StdDeviation   =        0.367]
#[Max     =       13.640, Total count    =      1977114]
#[Buckets =           27, SubBuckets     =         2048]
----------------------------------------------------------
  2158636 requests in 2.00m, 257.33MB read
Requests/sec:  17988.56
Transfer/sec:      2.14MB
