Running 2m test @ http://localhost:9003/api/v1/users
  4 threads and 128 connections
  Thread calibration: mean lat.: 2.270ms, rate sampling interval: 10ms
  Thread calibration: mean lat.: 2.371ms, rate sampling interval: 10ms
  Thread calibration: mean lat.: 2.331ms, rate sampling interval: 10ms
  Thread calibration: mean lat.: 4.431ms, rate sampling interval: 11ms
  Thread Stats   Avg      Stdev     Max   +/- Stdev
    Latency     2.91ms    1.60ms  37.34ms   66.09%
    Req/Sec     2.63k   457.24     5.20k    71.03%
  Latency Distribution (HdrHistogram - Recorded Latency)
 50.000%    2.52ms
 75.000%    4.11ms
 90.000%    5.18ms
 99.000%    6.52ms
 99.900%    8.99ms
 99.990%   27.42ms
 99.999%   33.98ms
100.000%   37.38ms

  Detailed Percentile spectrum:
       Value   Percentile   TotalCount 1/(1-Percentile)

       0.537     0.000000            1         1.00
       1.170     0.100000       110161         1.11
       1.461     0.200000       219873         1.25
       1.744     0.300000       329563         1.43
       2.089     0.400000       439484         1.67
       2.517     0.500000       549312         2.00
       2.773     0.550000       604343         2.22
       3.079     0.600000       659163         2.50
       3.415     0.650000       714079         2.86
       3.765     0.700000       768962         3.33
       4.115     0.750000       824125         4.00
       4.287     0.775000       851676         4.44
       4.459     0.800000       879067         5.00
       4.631     0.825000       906624         5.71
       4.803     0.850000       933993         6.67
       4.983     0.875000       961448         8.00
       5.079     0.887500       975342         8.89
       5.179     0.900000       989058        10.00
       5.279     0.912500      1002506        11.43
       5.391     0.925000      1016194        13.33
       5.515     0.937500      1029904        16.00
       5.583     0.943750      1036781        17.78
       5.655     0.950000      1043548        20.00
       5.735     0.956250      1050557        22.86
       5.823     0.962500      1057322        26.67
       5.923     0.968750      1064092        32.00
       5.979     0.971875      1067530        35.56
       6.043     0.975000      1071047        40.00
       6.111     0.978125      1074413        45.71
       6.187     0.981250      1077798        53.33
       6.283     0.984375      1081276        64.00
       6.339     0.985938      1083020        71.11
       6.399     0.987500      1084701        80.00
       6.471     0.989062      1086445        91.43
       6.551     0.990625      1088171       106.67
       6.647     0.992188      1089867       128.00
       6.703     0.992969      1090716       142.22
       6.771     0.993750      1091573       160.00
       6.847     0.994531      1092392       182.86
       6.935     0.995313      1093245       213.33
       7.071     0.996094      1094123       256.00
       7.151     0.996484      1094540       284.44
       7.247     0.996875      1094960       320.00
       7.371     0.997266      1095396       365.71
       7.523     0.997656      1095822       426.67
       7.755     0.998047      1096250       512.00
       7.907     0.998242      1096462       568.89
       8.099     0.998437      1096676       640.00
       8.351     0.998633      1096897       731.43
       8.631     0.998828      1097105       853.33
       9.039     0.999023      1097325      1024.00
       9.295     0.999121      1097431      1137.78
       9.599     0.999219      1097539      1280.00
      10.015     0.999316      1097643      1462.86
      10.695     0.999414      1097749      1706.67
      11.855     0.999512      1097856      2048.00
      13.103     0.999561      1097910      2275.56
      14.951     0.999609      1097963      2560.00
      17.007     0.999658      1098017      2925.71
      19.263     0.999707      1098071      3413.33
      21.327     0.999756      1098124      4096.00
      22.207     0.999780      1098151      4551.11
      23.183     0.999805      1098178      5120.00
      24.495     0.999829      1098207      5851.43
      25.423     0.999854      1098232      6826.67
      26.431     0.999878      1098258      8192.00
      27.087     0.999890      1098272      9102.22
      27.743     0.999902      1098285     10240.00
      28.399     0.999915      1098299     11702.86
      28.927     0.999927      1098312     13653.33
      29.439     0.999939      1098325     16384.00
      29.903     0.999945      1098332     18204.44
      30.191     0.999951      1098339     20480.00
      30.703     0.999957      1098347     23405.71
      31.055     0.999963      1098352     27306.67
      31.711     0.999969      1098359     32768.00
      31.919     0.999973      1098362     36408.89
      32.207     0.999976      1098366     40960.00
      32.399     0.999979      1098369     46811.43
      32.527     0.999982      1098372     54613.33
      32.831     0.999985      1098376     65536.00
      33.023     0.999986      1098377     72817.78
      33.183     0.999988      1098379     81920.00
      33.983     0.999989      1098381     93622.86
      34.015     0.999991      1098382    109226.67
      34.271     0.999992      1098385    131072.00
      34.271     0.999993      1098385    145635.56
      34.399     0.999994      1098386    163840.00
      34.783     0.999995      1098387    187245.71
      34.783     0.999995      1098387    218453.33
      35.071     0.999996      1098388    262144.00
      35.551     0.999997      1098389    291271.11
      35.551     0.999997      1098389    327680.00
      35.871     0.999997      1098390    374491.43
      35.871     0.999998      1098390    436906.67
      35.871     0.999998      1098390    524288.00
      37.343     0.999998      1098391    582542.22
      37.343     0.999998      1098391    655360.00
      37.343     0.999999      1098391    748982.86
      37.343     0.999999      1098391    873813.33
      37.343     0.999999      1098391   1048576.00
      37.375     0.999999      1098392   1165084.44
      37.375     1.000000      1098392          inf
#[Mean    =        2.910, StdDeviation   =        1.597]
#[Max     =       37.344, Total count    =      1098392]
#[Buckets =           27, SubBuckets     =         2048]
----------------------------------------------------------
  1196964 requests in 2.00m, 10.28GB read
Requests/sec:   9974.48
Transfer/sec:     87.69MB
