Running 5m test @ http://localhost:8080/api/v1/user?id=1
  4 threads and 32 connections
  Thread calibration: mean lat.: 0.796ms, rate sampling interval: 10ms
  Thread calibration: mean lat.: 0.769ms, rate sampling interval: 10ms
  Thread calibration: mean lat.: 0.757ms, rate sampling interval: 10ms
  Thread calibration: mean lat.: 0.763ms, rate sampling interval: 10ms
  Thread Stats   Avg      Stdev     Max   +/- Stdev
    Latency   834.80us  346.57us  13.46ms   66.36%
    Req/Sec   262.97     77.96   555.00     86.98%
  Latency Distribution (HdrHistogram - Recorded Latency)
 50.000%  837.00us
 75.000%    1.08ms
 90.000%    1.28ms
 99.000%    1.58ms
 99.900%    1.81ms
 99.990%    1.99ms
 99.999%   12.90ms
100.000%   13.47ms

  Detailed Percentile spectrum:
       Value   Percentile   TotalCount 1/(1-Percentile)

       0.072     0.000000            1         1.00
       0.378     0.100000        29059         1.11
       0.520     0.200000        58007         1.25
       0.638     0.300000        87044         1.43
       0.740     0.400000       116075         1.67
       0.837     0.500000       145193         2.00
       0.885     0.550000       159708         2.22
       0.934     0.600000       174135         2.50
       0.983     0.650000       188750         2.86
       1.031     0.700000       203073         3.33
       1.082     0.750000       217614         4.00
       1.109     0.775000       224896         4.44
       1.136     0.800000       232208         5.00
       1.165     0.825000       239390         5.71
       1.200     0.850000       246600         6.67
       1.238     0.875000       253729         8.00
       1.258     0.887500       257348         8.89
       1.280     0.900000       261012        10.00
       1.302     0.912500       264663        11.43
       1.328     0.925000       268288        13.33
       1.357     0.937500       271847        16.00
       1.374     0.943750       273679        17.78
       1.392     0.950000       275503        20.00
       1.412     0.956250       277302        22.86
       1.434     0.962500       279135        26.67
       1.458     0.968750       280906        32.00
       1.471     0.971875       281805        35.56
       1.486     0.975000       282743        40.00
       1.501     0.978125       283632        45.71
       1.518     0.981250       284548        53.33
       1.537     0.984375       285461        64.00
       1.547     0.985938       285889        71.11
       1.559     0.987500       286347        80.00
       1.572     0.989062       286793        91.43
       1.587     0.990625       287267       106.67
       1.603     0.992188       287710       128.00
       1.613     0.992969       287937       142.22
       1.623     0.993750       288151       160.00
       1.636     0.994531       288383       182.86
       1.651     0.995313       288611       213.33
       1.667     0.996094       288828       256.00
       1.677     0.996484       288941       284.44
       1.688     0.996875       289064       320.00
       1.701     0.997266       289169       365.71
       1.717     0.997656       289283       426.67
       1.733     0.998047       289396       512.00
       1.746     0.998242       289454       568.89
       1.761     0.998437       289509       640.00
       1.774     0.998633       289564       731.43
       1.791     0.998828       289623       853.33
       1.809     0.999023       289679      1024.00
       1.822     0.999121       289707      1137.78
       1.834     0.999219       289735      1280.00
       1.847     0.999316       289762      1462.86
       1.866     0.999414       289791      1706.67
       1.886     0.999512       289819      2048.00
       1.893     0.999561       289833      2275.56
       1.900     0.999609       289847      2560.00
       1.912     0.999658       289861      2925.71
       1.923     0.999707       289878      3413.33
       1.934     0.999756       289890      4096.00
       1.943     0.999780       289897      4551.11
       1.956     0.999805       289904      5120.00
       1.961     0.999829       289911      5851.43
       1.975     0.999854       289920      6826.67
       1.985     0.999878       289925      8192.00
       1.989     0.999890       289930      9102.22
       1.992     0.999902       289932     10240.00
       2.011     0.999915       289937     11702.86
       2.016     0.999927       289939     13653.33
       2.026     0.999939       289943     16384.00
       2.061     0.999945       289945     18204.44
       2.127     0.999951       289946     20480.00
       2.663     0.999957       289948     23405.71
       7.027     0.999963       289950     27306.67
       7.291     0.999969       289952     32768.00
      11.391     0.999973       289953     36408.89
      11.391     0.999976       289953     40960.00
      11.471     0.999979       289954     46811.43
      11.583     0.999982       289955     54613.33
      12.271     0.999985       289956     65536.00
      12.895     0.999986       289957     72817.78
      12.895     0.999988       289957     81920.00
      12.895     0.999989       289957     93622.86
      13.271     0.999991       289959    109226.67
      13.271     0.999992       289959    131072.00
      13.271     0.999993       289959    145635.56
      13.271     0.999994       289959    163840.00
      13.271     0.999995       289959    187245.71
      13.271     0.999995       289959    218453.33
      13.271     0.999996       289959    262144.00
      13.471     0.999997       289960    291271.11
      13.471     1.000000       289960          inf
#[Mean    =        0.835, StdDeviation   =        0.347]
#[Max     =       13.464, Total count    =       289960]
#[Buckets =           27, SubBuckets     =         2048]
----------------------------------------------------------
  300000 requests in 5.00m, 35.76MB read
Requests/sec:   1000.00
Transfer/sec:    122.07KB
