Running 2m test @ http://localhost:9000/api/v1/users
  4 threads and 128 connections
  Thread calibration: mean lat.: 1.859ms, rate sampling interval: 10ms
  Thread calibration: mean lat.: 1.812ms, rate sampling interval: 10ms
  Thread calibration: mean lat.: 1.804ms, rate sampling interval: 10ms
  Thread calibration: mean lat.: 3.797ms, rate sampling interval: 10ms
  Thread Stats   Avg      Stdev     Max   +/- Stdev
    Latency     2.51ms    1.47ms  42.46ms   75.03%
    Req/Sec     1.58k   763.78     4.11k    78.50%
  Latency Distribution (HdrHistogram - Recorded Latency)
 50.000%    2.06ms
 75.000%    3.36ms
 90.000%    4.66ms
 99.000%    6.20ms
 99.900%    9.78ms
 99.990%   28.96ms
 99.999%   37.22ms
100.000%   42.49ms

  Detailed Percentile spectrum:
       Value   Percentile   TotalCount 1/(1-Percentile)

       0.588     0.000000            1         1.00
       1.096     0.100000        65951         1.11
       1.329     0.200000       131977         1.25
       1.540     0.300000       197844         1.43
       1.768     0.400000       263733         1.67
       2.055     0.500000       329706         2.00
       2.229     0.550000       362683         2.22
       2.425     0.600000       395721         2.50
       2.649     0.650000       428468         2.86
       2.971     0.700000       461483         3.33
       3.357     0.750000       494357         4.00
       3.555     0.775000       510809         4.44
       3.757     0.800000       527365         5.00
       3.967     0.825000       543839         5.71
       4.183     0.850000       560328         6.67
       4.407     0.875000       576658         8.00
       4.531     0.887500       585096         8.89
       4.655     0.900000       593237        10.00
       4.787     0.912500       601438        11.43
       4.927     0.925000       609795        13.33
       5.079     0.937500       618022        16.00
       5.159     0.943750       621995        17.78
       5.247     0.950000       626081        20.00
       5.347     0.956250       630249        22.86
       5.451     0.962500       634357        26.67
       5.567     0.968750       638467        32.00
       5.635     0.971875       640599        35.56
       5.703     0.975000       642551        40.00
       5.779     0.978125       644606        45.71
       5.867     0.981250       646692        53.33
       5.963     0.984375       648723        64.00
       6.019     0.985938       649772        71.11
       6.079     0.987500       650789        80.00
       6.151     0.989062       651840        91.43
       6.227     0.990625       652833       106.67
       6.327     0.992188       653870       128.00
       6.379     0.992969       654405       142.22
       6.443     0.993750       654913       160.00
       6.519     0.994531       655436       182.86
       6.611     0.995313       655931       213.33
       6.723     0.996094       656438       256.00
       6.795     0.996484       656695       284.44
       6.879     0.996875       656957       320.00
       6.999     0.997266       657212       365.71
       7.159     0.997656       657468       426.67
       7.407     0.998047       657723       512.00
       7.591     0.998242       657851       568.89
       7.927     0.998437       657983       640.00
       8.367     0.998633       658110       731.43
       9.023     0.998828       658237       853.33
       9.943     0.999023       658366      1024.00
      10.351     0.999121       658430      1137.78
      10.783     0.999219       658495      1280.00
      11.847     0.999316       658559      1462.86
      13.711     0.999414       658623      1706.67
      16.687     0.999512       658688      2048.00
      18.159     0.999561       658720      2275.56
      19.343     0.999609       658753      2560.00
      20.335     0.999658       658784      2925.71
      21.455     0.999707       658816      3413.33
      23.471     0.999756       658849      4096.00
      24.207     0.999780       658865      4551.11
      24.767     0.999805       658881      5120.00
      25.887     0.999829       658897      5851.43
      26.943     0.999854       658913      6826.67
      28.095     0.999878       658929      8192.00
      28.607     0.999890       658937      9102.22
      29.071     0.999902       658945     10240.00
      29.663     0.999915       658953     11702.86
      30.367     0.999927       658961     13653.33
      31.599     0.999939       658969     16384.00
      32.639     0.999945       658973     18204.44
      32.895     0.999951       658977     20480.00
      33.119     0.999957       658981     23405.71
      33.791     0.999963       658985     27306.67
      34.111     0.999969       658989     32768.00
      34.335     0.999973       658991     36408.89
      35.007     0.999976       658993     40960.00
      35.839     0.999979       658995     46811.43
      36.415     0.999982       658997     54613.33
      37.023     0.999985       658999     65536.00
      37.087     0.999986       659000     72817.78
      37.183     0.999988       659001     81920.00
      37.215     0.999989       659002     93622.86
      37.343     0.999991       659003    109226.67
      38.175     0.999992       659004    131072.00
      38.847     0.999993       659005    145635.56
      38.847     0.999994       659005    163840.00
      40.543     0.999995       659006    187245.71
      40.543     0.999995       659006    218453.33
      41.535     0.999996       659007    262144.00
      41.535     0.999997       659007    291271.11
      41.535     0.999997       659007    327680.00
      41.567     0.999997       659008    374491.43
      41.567     0.999998       659008    436906.67
      41.567     0.999998       659008    524288.00
      41.567     0.999998       659008    582542.22
      41.567     0.999998       659008    655360.00
      42.495     0.999999       659009    748982.86
      42.495     1.000000       659009          inf
#[Mean    =        2.510, StdDeviation   =        1.472]
#[Max     =       42.464, Total count    =       659009]
#[Buckets =           27, SubBuckets     =         2048]
----------------------------------------------------------
  718187 requests in 2.00m, 6.15GB read
Requests/sec:   5984.81
Transfer/sec:     52.52MB
