Running 2m test @ http://localhost:9000/api/v1/user?id=1
  4 threads and 128 connections
  Thread calibration: mean lat.: 0.845ms, rate sampling interval: 10ms
  Thread calibration: mean lat.: 0.838ms, rate sampling interval: 10ms
  Thread calibration: mean lat.: 0.832ms, rate sampling interval: 10ms
  Thread calibration: mean lat.: 0.866ms, rate sampling interval: 10ms
  Thread Stats   Avg      Stdev     Max   +/- Stdev
    Latency   849.83us  504.28us  23.02ms   75.73%
    Req/Sec     6.54k   415.92    16.70k    73.53%
  Latency Distribution (HdrHistogram - Recorded Latency)
 50.000%  836.00us
 75.000%    1.15ms
 90.000%    1.37ms
 99.000%    1.85ms
 99.900%    3.51ms
 99.990%   15.81ms
 99.999%   20.17ms
100.000%   23.04ms

  Detailed Percentile spectrum:
       Value   Percentile   TotalCount 1/(1-Percentile)

       0.075     0.000000            1         1.00
       0.296     0.100000       275515         1.11
       0.434     0.200000       550629         1.25
       0.570     0.300000       825289         1.43
       0.704     0.400000      1099156         1.67
       0.836     0.500000      1373537         2.00
       0.901     0.550000      1510701         2.22
       0.966     0.600000      1649508         2.50
       1.029     0.650000      1786655         2.86
       1.092     0.700000      1924134         3.33
       1.155     0.750000      2059928         4.00
       1.188     0.775000      2129790         4.44
       1.221     0.800000      2197639         5.00
       1.256     0.825000      2266949         5.71
       1.291     0.850000      2334639         6.67
       1.328     0.875000      2403270         8.00
       1.348     0.887500      2438121         8.89
       1.369     0.900000      2472588        10.00
       1.391     0.912500      2505860        11.43
       1.418     0.925000      2541115        13.33
       1.449     0.937500      2575134        16.00
       1.467     0.943750      2592012        17.78
       1.488     0.950000      2609389        20.00
       1.512     0.956250      2626257        22.86
       1.541     0.962500      2643333        26.67
       1.577     0.968750      2660182        32.00
       1.600     0.971875      2668943        35.56
       1.626     0.975000      2677519        40.00
       1.656     0.978125      2686055        45.71
       1.692     0.981250      2694559        53.33
       1.738     0.984375      2703219        64.00
       1.765     0.985938      2707496        71.11
       1.795     0.987500      2711691        80.00
       1.830     0.989062      2716029        91.43
       1.869     0.990625      2720345       106.67
       1.913     0.992188      2724590       128.00
       1.938     0.992969      2726696       142.22
       1.967     0.993750      2728875       160.00
       1.999     0.994531      2730987       182.86
       2.034     0.995313      2733142       213.33
       2.073     0.996094      2735269       256.00
       2.097     0.996484      2736412       284.44
       2.121     0.996875      2737429       320.00
       2.149     0.997266      2738523       365.71
       2.183     0.997656      2739572       426.67
       2.229     0.998047      2740666       512.00
       2.257     0.998242      2741195       568.89
       2.295     0.998437      2741708       640.00
       2.375     0.998633      2742235       731.43
       2.821     0.998828      2742772       853.33
       3.631     0.999023      2743307      1024.00
       4.119     0.999121      2743577      1137.78
       4.687     0.999219      2743846      1280.00
       5.407     0.999316      2744111      1462.86
       6.527     0.999414      2744380      1706.67
       8.059     0.999512      2744648      2048.00
       8.711     0.999561      2744783      2275.56
       9.295     0.999609      2744916      2560.00
      10.263     0.999658      2745052      2925.71
      11.503     0.999707      2745184      3413.33
      12.663     0.999756      2745321      4096.00
      13.047     0.999780      2745386      4551.11
      13.391     0.999805      2745452      5120.00
      13.863     0.999829      2745519      5851.43
      14.423     0.999854      2745586      6826.67
      15.239     0.999878      2745655      8192.00
      15.599     0.999890      2745688      9102.22
      15.847     0.999902      2745724     10240.00
      16.231     0.999915      2745754     11702.86
      16.607     0.999927      2745788     13653.33
      17.199     0.999939      2745821     16384.00
      17.487     0.999945      2745839     18204.44
      17.759     0.999951      2745854     20480.00
      18.127     0.999957      2745871     23405.71
      18.703     0.999963      2745888     27306.67
      19.119     0.999969      2745906     32768.00
      19.327     0.999973      2745913     36408.89
      19.439     0.999976      2745922     40960.00
      19.551     0.999979      2745931     46811.43
      19.679     0.999982      2745938     54613.33
      19.839     0.999985      2745947     65536.00
      19.887     0.999986      2745951     72817.78
      20.015     0.999988      2745955     81920.00
      20.143     0.999989      2745960     93622.86
      20.319     0.999991      2745963    109226.67
      20.431     0.999992      2745968    131072.00
      20.479     0.999993      2745970    145635.56
      20.543     0.999994      2745973    163840.00
      20.623     0.999995      2745974    187245.71
      20.639     0.999995      2745976    218453.33
      20.767     0.999996      2745978    262144.00
      20.799     0.999997      2745979    291271.11
      20.815     0.999997      2745980    327680.00
      20.831     0.999997      2745981    374491.43
      20.911     0.999998      2745982    436906.67
      20.959     0.999998      2745983    524288.00
      21.135     0.999998      2745984    582542.22
      21.135     0.999998      2745984    655360.00
      21.279     0.999999      2745986    748982.86
      21.279     0.999999      2745986    873813.33
      21.279     0.999999      2745986   1048576.00
      21.279     0.999999      2745986   1165084.44
      21.279     0.999999      2745986   1310720.00
      22.287     0.999999      2745987   1497965.71
      22.287     0.999999      2745987   1747626.67
      22.287     1.000000      2745987   2097152.00
      22.287     1.000000      2745987   2330168.89
      22.287     1.000000      2745987   2621440.00
      23.039     1.000000      2745988   2995931.43
      23.039     1.000000      2745988          inf
#[Mean    =        0.850, StdDeviation   =        0.504]
#[Max     =       23.024, Total count    =      2745988]
#[Buckets =           27, SubBuckets     =         2048]
----------------------------------------------------------
  2998089 requests in 2.00m, 357.40MB read
Requests/sec:  24983.90
Transfer/sec:      2.98MB
