Running 5m test @ https://localhost:8080/api/v1/user?id=1
  4 threads and 32 connections
  Thread calibration: mean lat.: 0.887ms, rate sampling interval: 10ms
  Thread calibration: mean lat.: 0.803ms, rate sampling interval: 10ms
  Thread calibration: mean lat.: 0.869ms, rate sampling interval: 10ms
  Thread calibration: mean lat.: 0.807ms, rate sampling interval: 10ms
  Thread Stats   Avg      Stdev     Max   +/- Stdev
    Latency   773.33us  354.34us  14.66ms   66.22%
    Req/Sec   266.01     76.60   700.00     88.82%
  Latency Distribution (HdrHistogram - Recorded Latency)
 50.000%  771.00us
 75.000%    1.02ms
 90.000%    1.18ms
 99.000%    1.72ms
 99.900%    1.90ms
 99.990%    2.21ms
 99.999%   10.65ms
100.000%   14.67ms

  Detailed Percentile spectrum:
       Value   Percentile   TotalCount 1/(1-Percentile)

       0.117     0.000000            1         1.00
       0.302     0.100000        29225         1.11
       0.427     0.200000        58206         1.25
       0.543     0.300000        87068         1.43
       0.662     0.400000       116022         1.67
       0.771     0.500000       145142         2.00
       0.826     0.550000       159707         2.22
       0.881     0.600000       174153         2.50
       0.930     0.650000       188608         2.86
       0.977     0.700000       203046         3.33
       1.023     0.750000       217528         4.00
       1.049     0.775000       224768         4.44
       1.074     0.800000       232000         5.00
       1.099     0.825000       239415         5.71
       1.124     0.850000       246722         6.67
       1.150     0.875000       253896         8.00
       1.164     0.887500       257343         8.89
       1.178     0.900000       261118        10.00
       1.190     0.912500       264655        11.43
       1.217     0.925000       268290        13.33
       1.269     0.937500       271857        16.00
       1.309     0.943750       273661        17.78
       1.358     0.950000       275469        20.00
       1.407     0.956250       277277        22.86
       1.459     0.962500       279132        26.67
       1.514     0.968750       280905        32.00
       1.543     0.971875       281830        35.56
       1.573     0.975000       282718        40.00
       1.600     0.978125       283628        45.71
       1.632     0.981250       284538        53.33
       1.660     0.984375       285443        64.00
       1.674     0.985938       285887        71.11
       1.690     0.987500       286344        80.00
       1.705     0.989062       286799        91.43
       1.721     0.990625       287267       106.67
       1.735     0.992188       287699       128.00
       1.743     0.992969       287928       142.22
       1.753     0.993750       288157       160.00
       1.764     0.994531       288383       182.86
       1.776     0.995313       288610       213.33
       1.791     0.996094       288839       256.00
       1.799     0.996484       288941       284.44
       1.808     0.996875       289060       320.00
       1.818     0.997266       289169       365.71
       1.830     0.997656       289287       426.67
       1.845     0.998047       289399       512.00
       1.854     0.998242       289457       568.89
       1.864     0.998437       289510       640.00
       1.874     0.998633       289567       731.43
       1.889     0.998828       289623       853.33
       1.904     0.999023       289680      1024.00
       1.918     0.999121       289708      1137.78
       1.931     0.999219       289737      1280.00
       1.948     0.999316       289763      1462.86
       1.965     0.999414       289793      1706.67
       1.996     0.999512       289820      2048.00
       2.007     0.999561       289833      2275.56
       2.023     0.999609       289847      2560.00
       2.040     0.999658       289861      2925.71
       2.067     0.999707       289877      3413.33
       2.107     0.999756       289891      4096.00
       2.123     0.999780       289898      4551.11
       2.143     0.999805       289904      5120.00
       2.157     0.999829       289911      5851.43
       2.177     0.999854       289918      6826.67
       2.195     0.999878       289925      8192.00
       2.207     0.999890       289929      9102.22
       2.221     0.999902       289933     10240.00
       2.235     0.999915       289936     11702.86
       2.247     0.999927       289939     13653.33
       2.307     0.999939       289943     16384.00
       2.363     0.999945       289945     18204.44
       3.213     0.999951       289946     20480.00
       4.687     0.999957       289948     23405.71
       5.703     0.999963       289950     27306.67
       5.811     0.999969       289952     32768.00
       6.735     0.999973       289953     36408.89
       6.735     0.999976       289953     40960.00
       6.743     0.999979       289954     46811.43
       6.751     0.999982       289955     54613.33
       9.703     0.999985       289956     65536.00
      10.647     0.999986       289957     72817.78
      10.647     0.999988       289957     81920.00
      10.647     0.999989       289957     93622.86
      10.695     0.999991       289958    109226.67
      10.695     0.999992       289958    131072.00
      10.719     0.999993       289959    145635.56
      10.719     0.999994       289959    163840.00
      10.719     0.999995       289959    187245.71
      10.719     0.999995       289959    218453.33
      10.719     0.999996       289959    262144.00
      14.671     0.999997       289960    291271.11
      14.671     1.000000       289960          inf
#[Mean    =        0.773, StdDeviation   =        0.354]
#[Max     =       14.664, Total count    =       289960]
#[Buckets =           27, SubBuckets     =         2048]
----------------------------------------------------------
  300000 requests in 5.00m, 32.90MB read
Requests/sec:    999.99
Transfer/sec:    112.30KB
