Running 2m test @ http://localhost:9000/api/v1/user?id=1
  4 threads and 128 connections
  Thread calibration: mean lat.: 0.896ms, rate sampling interval: 10ms
  Thread calibration: mean lat.: 0.904ms, rate sampling interval: 10ms
  Thread calibration: mean lat.: 1.089ms, rate sampling interval: 10ms
  Thread calibration: mean lat.: 0.899ms, rate sampling interval: 10ms
  Thread Stats   Avg      Stdev     Max   +/- Stdev
    Latency     0.93ms  411.26us   4.91ms   63.65%
    Req/Sec     4.01k   540.32     7.11k    89.34%
  Latency Distribution (HdrHistogram - Recorded Latency)
 50.000%    0.93ms
 75.000%    1.24ms
 90.000%    1.48ms
 99.000%    1.84ms
 99.900%    2.09ms
 99.990%    2.58ms
 99.999%    4.51ms
100.000%    4.91ms

  Detailed Percentile spectrum:
       Value   Percentile   TotalCount 1/(1-Percentile)

       0.075     0.000000            1         1.00
       0.387     0.100000       165077         1.11
       0.538     0.200000       329648         1.25
       0.675     0.300000       495080         1.43
       0.804     0.400000       659694         1.67
       0.928     0.500000       824024         2.00
       0.989     0.550000       906343         2.22
       1.051     0.600000       989285         2.50
       1.113     0.650000      1071950         2.86
       1.175     0.700000      1153549         3.33
       1.238     0.750000      1235787         4.00
       1.272     0.775000      1278036         4.44
       1.307     0.800000      1318657         5.00
       1.346     0.825000      1359303         5.71
       1.389     0.850000      1400716         6.67
       1.434     0.875000      1442185         8.00
       1.457     0.887500      1462330         8.89
       1.482     0.900000      1483631        10.00
       1.507     0.912500      1503625        11.43
       1.536     0.925000      1524547        13.33
       1.568     0.937500      1545084        16.00
       1.585     0.943750      1554959        17.78
       1.605     0.950000      1565440        20.00
       1.627     0.956250      1575767        22.86
       1.651     0.962500      1585983        26.67
       1.679     0.968750      1596257        32.00
       1.695     0.971875      1601358        35.56
       1.712     0.975000      1606458        40.00
       1.732     0.978125      1611656        45.71
       1.754     0.981250      1616829        53.33
       1.779     0.984375      1621872        64.00
       1.794     0.985938      1624594        71.11
       1.808     0.987500      1627040        80.00
       1.826     0.989062      1629667        91.43
       1.845     0.990625      1632174       106.67
       1.867     0.992188      1634796       128.00
       1.880     0.992969      1636108       142.22
       1.894     0.993750      1637386       160.00
       1.909     0.994531      1638677       182.86
       1.926     0.995313      1639943       213.33
       1.945     0.996094      1641176       256.00
       1.957     0.996484      1641866       284.44
       1.968     0.996875      1642458       320.00
       1.983     0.997266      1643146       365.71
       1.998     0.997656      1643746       426.67
       2.018     0.998047      1644418       512.00
       2.028     0.998242      1644727       568.89
       2.039     0.998437      1645034       640.00
       2.053     0.998633      1645371       731.43
       2.069     0.998828      1645700       853.33
       2.087     0.999023      1646011      1024.00
       2.099     0.999121      1646187      1137.78
       2.111     0.999219      1646329      1280.00
       2.125     0.999316      1646493      1462.86
       2.141     0.999414      1646645      1706.67
       2.159     0.999512      1646805      2048.00
       2.173     0.999561      1646889      2275.56
       2.187     0.999609      1646967      2560.00
       2.203     0.999658      1647059      2925.71
       2.221     0.999707      1647125      3413.33
       2.251     0.999756      1647203      4096.00
       2.267     0.999780      1647244      4551.11
       2.285     0.999805      1647284      5120.00
       2.313     0.999829      1647327      5851.43
       2.357     0.999854      1647367      6826.67
       2.419     0.999878      1647404      8192.00
       2.481     0.999890      1647424      9102.22
       2.601     0.999902      1647445     10240.00
       2.671     0.999915      1647465     11702.86
       2.805     0.999927      1647485     13653.33
       3.145     0.999939      1647505     16384.00
       3.431     0.999945      1647515     18204.44
       3.553     0.999951      1647525     20480.00
       3.759     0.999957      1647535     23405.71
       3.833     0.999963      1647545     27306.67
       3.937     0.999969      1647555     32768.00
       4.009     0.999973      1647560     36408.89
       4.045     0.999976      1647565     40960.00
       4.091     0.999979      1647570     46811.43
       4.191     0.999982      1647575     54613.33
       4.307     0.999985      1647580     65536.00
       4.331     0.999986      1647583     72817.78
       4.387     0.999988      1647585     81920.00
       4.431     0.999989      1647588     93622.86
       4.563     0.999991      1647590    109226.67
       4.659     0.999992      1647593    131072.00
       4.691     0.999993      1647594    145635.56
       4.731     0.999994      1647595    163840.00
       4.759     0.999995      1647597    187245.71
       4.763     0.999995      1647598    218453.33
       4.815     0.999996      1647599    262144.00
       4.835     0.999997      1647600    291271.11
       4.835     0.999997      1647600    327680.00
       4.843     0.999997      1647601    374491.43
       4.867     0.999998      1647602    436906.67
       4.867     0.999998      1647602    524288.00
       4.887     0.999998      1647603    582542.22
       4.887     0.999998      1647603    655360.00
       4.887     0.999999      1647603    748982.86
       4.907     0.999999      1647604    873813.33
       4.907     0.999999      1647604   1048576.00
       4.907     0.999999      1647604   1165084.44
       4.907     0.999999      1647604   1310720.00
       4.907     0.999999      1647604   1497965.71
       4.911     0.999999      1647605   1747626.67
       4.911     1.000000      1647605          inf
#[Mean    =        0.933, StdDeviation   =        0.411]
#[Max     =        4.908, Total count    =      1647605]
#[Buckets =           27, SubBuckets     =         2048]
----------------------------------------------------------
  1795440 requests in 2.00m, 214.03MB read
Requests/sec:  14961.31
Transfer/sec:      1.78MB
