Running 2m test @ http://localhost:9000/api/v1/user?id=1
  4 threads and 128 connections
  Thread calibration: mean lat.: 0.759ms, rate sampling interval: 10ms
  Thread calibration: mean lat.: 0.760ms, rate sampling interval: 10ms
  Thread calibration: mean lat.: 0.761ms, rate sampling interval: 10ms
  Thread calibration: mean lat.: 0.759ms, rate sampling interval: 10ms
  Thread Stats   Avg      Stdev     Max   +/- Stdev
    Latency   754.18us  372.83us   4.81ms   60.22%
    Req/Sec     5.38k   253.07     6.78k    73.64%
  Latency Distribution (HdrHistogram - Recorded Latency)
 50.000%  745.00us
 75.000%    1.06ms
 90.000%    1.25ms
 99.000%    1.57ms
 99.900%    2.02ms
 99.990%    2.27ms
 99.999%    3.96ms
100.000%    4.82ms

  Detailed Percentile spectrum:
       Value   Percentile   TotalCount 1/(1-Percentile)

       0.074     0.000000            1         1.00
       0.251     0.100000       220961         1.11
       0.377     0.200000       440132         1.25
       0.505     0.300000       660804         1.43
       0.625     0.400000       878917         1.67
       0.745     0.500000      1099450         2.00
       0.807     0.550000      1209877         2.22
       0.869     0.600000      1319489         2.50
       0.931     0.650000      1428361         2.86
       0.995     0.700000      1538515         3.33
       1.059     0.750000      1648852         4.00
       1.091     0.775000      1703632         4.44
       1.123     0.800000      1758834         5.00
       1.152     0.825000      1813146         5.71
       1.182     0.850000      1867957         6.67
       1.214     0.875000      1923698         8.00
       1.229     0.887500      1949803         8.89
       1.245     0.900000      1978155        10.00
       1.260     0.912500      2005196        11.43
       1.276     0.925000      2032643        13.33
       1.294     0.937500      2060468        16.00
       1.303     0.943750      2073682        17.78
       1.313     0.950000      2087374        20.00
       1.324     0.956250      2101142        22.86
       1.338     0.962500      2114805        26.67
       1.357     0.968750      2128193        32.00
       1.370     0.971875      2135116        35.56
       1.387     0.975000      2142216        40.00
       1.407     0.978125      2148879        45.71
       1.433     0.981250      2155656        53.33
       1.468     0.984375      2162578        64.00
       1.490     0.985938      2165926        71.11
       1.518     0.987500      2169473        80.00
       1.550     0.989062      2172876        91.43
       1.587     0.990625      2176219       106.67
       1.635     0.992188      2179675       128.00
       1.661     0.992969      2181386       142.22
       1.693     0.993750      2183084       160.00
       1.732     0.994531      2184791       182.86
       1.776     0.995313      2186514       213.33
       1.821     0.996094      2188236       256.00
       1.842     0.996484      2189097       284.44
       1.865     0.996875      2189954       320.00
       1.890     0.997266      2190818       365.71
       1.917     0.997656      2191681       426.67
       1.945     0.998047      2192535       512.00
       1.958     0.998242      2192949       568.89
       1.971     0.998437      2193392       640.00
       1.986     0.998633      2193804       731.43
       2.002     0.998828      2194249       853.33
       2.021     0.999023      2194684      1024.00
       2.032     0.999121      2194893      1137.78
       2.042     0.999219      2195103      1280.00
       2.053     0.999316      2195307      1462.86
       2.063     0.999414      2195526      1706.67
       2.075     0.999512      2195732      2048.00
       2.083     0.999561      2195855      2275.56
       2.091     0.999609      2195960      2560.00
       2.099     0.999658      2196059      2925.71
       2.109     0.999707      2196171      3413.33
       2.121     0.999756      2196272      4096.00
       2.131     0.999780      2196333      4551.11
       2.141     0.999805      2196379      5120.00
       2.151     0.999829      2196432      5851.43
       2.171     0.999854      2196487      6826.67
       2.193     0.999878      2196537      8192.00
       2.223     0.999890      2196563      9102.22
       2.287     0.999902      2196590     10240.00
       2.347     0.999915      2196617     11702.86
       2.491     0.999927      2196644     13653.33
       2.635     0.999939      2196670     16384.00
       2.699     0.999945      2196685     18204.44
       2.777     0.999951      2196697     20480.00
       2.965     0.999957      2196711     23405.71
       3.095     0.999963      2196724     27306.67
       3.261     0.999969      2196737     32768.00
       3.335     0.999973      2196744     36408.89
       3.389     0.999976      2196752     40960.00
       3.503     0.999979      2196758     46811.43
       3.585     0.999982      2196764     54613.33
       3.783     0.999985      2196771     65536.00
       3.843     0.999986      2196774     72817.78
       3.887     0.999988      2196778     81920.00
       3.961     0.999989      2196781     93622.86
       4.007     0.999991      2196785    109226.67
       4.083     0.999992      2196788    131072.00
       4.087     0.999993      2196789    145635.56
       4.135     0.999994      2196791    163840.00
       4.183     0.999995      2196793    187245.71
       4.187     0.999995      2196794    218453.33
       4.259     0.999996      2196796    262144.00
       4.319     0.999997      2196797    291271.11
       4.331     0.999997      2196798    327680.00
       4.355     0.999997      2196799    374491.43
       4.355     0.999998      2196799    436906.67
       4.419     0.999998      2196800    524288.00
       4.423     0.999998      2196801    582542.22
       4.423     0.999998      2196801    655360.00
       4.639     0.999999      2196802    748982.86
       4.639     0.999999      2196802    873813.33
       4.639     0.999999      2196802   1048576.00
       4.803     0.999999      2196803   1165084.44
       4.803     0.999999      2196803   1310720.00
       4.803     0.999999      2196803   1497965.71
       4.803     0.999999      2196803   1747626.67
       4.803     1.000000      2196803   2097152.00
       4.815     1.000000      2196804   2330168.89
       4.815     1.000000      2196804          inf
#[Mean    =        0.754, StdDeviation   =        0.373]
#[Max     =        4.812, Total count    =      2196804]
#[Buckets =           27, SubBuckets     =         2048]
----------------------------------------------------------
  2398500 requests in 2.00m, 285.92MB read
Requests/sec:  19987.37
Transfer/sec:      2.38MB
