Running 2m test @ http://localhost:9002/api/v1/user?id=1
  4 threads and 128 connections
  Thread calibration: mean lat.: 0.895ms, rate sampling interval: 10ms
  Thread calibration: mean lat.: 0.900ms, rate sampling interval: 10ms
  Thread calibration: mean lat.: 1.225ms, rate sampling interval: 10ms
  Thread calibration: mean lat.: 0.891ms, rate sampling interval: 10ms
  Thread Stats   Avg      Stdev     Max   +/- Stdev
    Latency     0.97ms  473.16us  17.02ms   68.88%
    Req/Sec     1.33k   810.66     3.56k    75.71%
  Latency Distribution (HdrHistogram - Recorded Latency)
 50.000%    0.96ms
 75.000%    1.27ms
 90.000%    1.56ms
 99.000%    2.01ms
 99.900%    3.87ms
 99.990%    8.19ms
 99.999%   13.66ms
100.000%   17.04ms

  Detailed Percentile spectrum:
       Value   Percentile   TotalCount 1/(1-Percentile)

       0.118     0.000000            1         1.00
       0.383     0.100000        55133         1.11
       0.549     0.200000       110134         1.25
       0.696     0.300000       165009         1.43
       0.833     0.400000       219961         1.67
       0.963     0.500000       274961         2.00
       1.025     0.550000       302387         2.22
       1.086     0.600000       329725         2.50
       1.145     0.650000       357025         2.86
       1.203     0.700000       384608         3.33
       1.267     0.750000       412002         4.00
       1.303     0.775000       425940         4.44
       1.340     0.800000       439517         5.00
       1.381     0.825000       453362         5.71
       1.430     0.850000       466853         6.67
       1.491     0.875000       480696         8.00
       1.526     0.887500       487594         8.89
       1.562     0.900000       494447        10.00
       1.599     0.912500       501171        11.43
       1.639     0.925000       508098        13.33
       1.683     0.937500       515000        16.00
       1.705     0.943750       518326        17.78
       1.730     0.950000       521799        20.00
       1.757     0.956250       525215        22.86
       1.785     0.962500       528655        26.67
       1.818     0.968750       532111        32.00
       1.835     0.971875       533773        35.56
       1.855     0.975000       535511        40.00
       1.877     0.978125       537227        45.71
       1.902     0.981250       538946        53.33
       1.933     0.984375       540655        64.00
       1.951     0.985938       541508        71.11
       1.970     0.987500       542377        80.00
       1.992     0.989062       543234        91.43
       2.016     0.990625       544076       106.67
       2.044     0.992188       544930       128.00
       2.061     0.992969       545381       142.22
       2.079     0.993750       545819       160.00
       2.099     0.994531       546222       182.86
       2.121     0.995313       546646       213.33
       2.149     0.996094       547084       256.00
       2.165     0.996484       547285       284.44
       2.185     0.996875       547510       320.00
       2.209     0.997266       547718       365.71
       2.241     0.997656       547934       426.67
       2.289     0.998047       548144       512.00
       2.325     0.998242       548252       568.89
       2.383     0.998437       548355       640.00
       2.635     0.998633       548464       731.43
       3.423     0.998828       548569       853.33
       3.909     0.999023       548678      1024.00
       4.211     0.999121       548730      1137.78
       4.607     0.999219       548783      1280.00
       4.939     0.999316       548837      1462.86
       5.419     0.999414       548891      1706.67
       5.879     0.999512       548944      2048.00
       6.195     0.999561       548971      2275.56
       6.507     0.999609       548998      2560.00
       6.759     0.999658       549025      2925.71
       7.139     0.999707       549052      3413.33
       7.351     0.999756       549078      4096.00
       7.447     0.999780       549092      4551.11
       7.543     0.999805       549106      5120.00
       7.663     0.999829       549119      5851.43
       7.859     0.999854       549132      6826.67
       7.971     0.999878       549145      8192.00
       8.075     0.999890       549152      9102.22
       8.215     0.999902       549160     10240.00
       8.671     0.999915       549166     11702.86
       8.919     0.999927       549172     13653.33
       9.543     0.999939       549179     16384.00
      10.047     0.999945       549183     18204.44
      10.543     0.999951       549186     20480.00
      10.967     0.999957       549189     23405.71
      11.375     0.999963       549192     27306.67
      11.735     0.999969       549196     32768.00
      11.887     0.999973       549197     36408.89
      12.039     0.999976       549199     40960.00
      12.415     0.999979       549201     46811.43
      12.647     0.999982       549202     54613.33
      13.455     0.999985       549204     65536.00
      13.479     0.999986       549205     72817.78
      13.607     0.999988       549206     81920.00
      13.663     0.999989       549207     93622.86
      13.663     0.999991       549207    109226.67
      13.759     0.999992       549208    131072.00
      13.807     0.999993       549209    145635.56
      13.807     0.999994       549209    163840.00
      13.935     0.999995       549210    187245.71
      13.935     0.999995       549210    218453.33
      13.935     0.999996       549210    262144.00
      14.431     0.999997       549211    291271.11
      14.431     0.999997       549211    327680.00
      14.431     0.999997       549211    374491.43
      14.431     0.999998       549211    436906.67
      14.431     0.999998       549211    524288.00
      17.039     0.999998       549212    582542.22
      17.039     1.000000       549212          inf
#[Mean    =        0.972, StdDeviation   =        0.473]
#[Max     =       17.024, Total count    =       549212]
#[Buckets =           27, SubBuckets     =         2048]
----------------------------------------------------------
  598524 requests in 2.00m, 65.64MB read
Requests/sec:   4987.12
Transfer/sec:    560.08KB
