Running 2m test @ http://localhost:9003/api/v1/users
  4 threads and 128 connections
  Thread calibration: mean lat.: 1.344ms, rate sampling interval: 10ms
  Thread calibration: mean lat.: 1.361ms, rate sampling interval: 10ms
  Thread calibration: mean lat.: 1.352ms, rate sampling interval: 10ms
  Thread calibration: mean lat.: 1.352ms, rate sampling interval: 10ms
  Thread Stats   Avg      Stdev     Max   +/- Stdev
    Latency     1.36ms  428.46us   4.12ms   64.31%
    Req/Sec   527.55    111.76     0.89k    55.03%
  Latency Distribution (HdrHistogram - Recorded Latency)
 50.000%    1.33ms
 75.000%    1.65ms
 90.000%    1.96ms
 99.000%    2.32ms
 99.900%    2.57ms
 99.990%    3.36ms
 99.999%    3.77ms
100.000%    4.12ms

  Detailed Percentile spectrum:
       Value   Percentile   TotalCount 1/(1-Percentile)

       0.512     0.000000            1         1.00
       0.794     0.100000        22004         1.11
       0.952     0.200000        43973         1.25
       1.087     0.300000        65997         1.43
       1.211     0.400000        87936         1.67
       1.334     0.500000       109910         2.00
       1.396     0.550000       120924         2.22
       1.457     0.600000       131979         2.50
       1.518     0.650000       142908         2.86
       1.580     0.700000       153846         3.33
       1.650     0.750000       164868         4.00
       1.689     0.775000       170282         4.44
       1.734     0.800000       175801         5.00
       1.784     0.825000       181256         5.71
       1.839     0.850000       186750         6.67
       1.899     0.875000       192236         8.00
       1.930     0.887500       195024         8.89
       1.961     0.900000       197772        10.00
       1.992     0.912500       200486        11.43
       2.026     0.925000       203217        13.33
       2.065     0.937500       206026        16.00
       2.085     0.943750       207325        17.78
       2.107     0.950000       208740        20.00
       2.129     0.956250       210114        22.86
       2.153     0.962500       211501        26.67
       2.179     0.968750       212888        32.00
       2.191     0.971875       213510        35.56
       2.207     0.975000       214249        40.00
       2.223     0.978125       214916        45.71
       2.241     0.981250       215583        53.33
       2.265     0.984375       216288        64.00
       2.277     0.985938       216590        71.11
       2.293     0.987500       216956        80.00
       2.307     0.989062       217289        91.43
       2.325     0.990625       217649       106.67
       2.343     0.992188       217957       128.00
       2.355     0.992969       218153       142.22
       2.367     0.993750       218309       160.00
       2.383     0.994531       218487       182.86
       2.401     0.995313       218661       213.33
       2.419     0.996094       218818       256.00
       2.433     0.996484       218906       284.44
       2.445     0.996875       218989       320.00
       2.461     0.997266       219084       365.71
       2.477     0.997656       219159       426.67
       2.497     0.998047       219244       512.00
       2.511     0.998242       219286       568.89
       2.523     0.998437       219329       640.00
       2.541     0.998633       219376       731.43
       2.559     0.998828       219417       853.33
       2.577     0.999023       219461      1024.00
       2.585     0.999121       219480      1137.78
       2.607     0.999219       219501      1280.00
       2.633     0.999316       219523      1462.86
       2.655     0.999414       219544      1706.67
       2.713     0.999512       219565      2048.00
       2.733     0.999561       219576      2275.56
       2.767     0.999609       219587      2560.00
       2.873     0.999658       219597      2925.71
       2.927     0.999707       219608      3413.33
       3.003     0.999756       219619      4096.00
       3.033     0.999780       219624      4551.11
       3.099     0.999805       219630      5120.00
       3.187     0.999829       219635      5851.43
       3.203     0.999854       219640      6826.67
       3.299     0.999878       219646      8192.00
       3.327     0.999890       219648      9102.22
       3.369     0.999902       219651     10240.00
       3.399     0.999915       219654     11702.86
       3.411     0.999927       219656     13653.33
       3.483     0.999939       219659     16384.00
       3.489     0.999945       219660     18204.44
       3.513     0.999951       219662     20480.00
       3.523     0.999957       219663     23405.71
       3.533     0.999963       219664     27306.67
       3.553     0.999969       219666     32768.00
       3.553     0.999973       219666     36408.89
       3.571     0.999976       219667     40960.00
       3.673     0.999979       219668     46811.43
       3.673     0.999982       219668     54613.33
       3.687     0.999985       219669     65536.00
       3.687     0.999986       219669     72817.78
       3.771     0.999988       219670     81920.00
       3.771     0.999989       219670     93622.86
       3.771     0.999991       219670    109226.67
       3.921     0.999992       219671    131072.00
       3.921     0.999993       219671    145635.56
       3.921     0.999994       219671    163840.00
       3.921     0.999995       219671    187245.71
       3.921     0.999995       219671    218453.33
       4.119     0.999996       219672    262144.00
       4.119     1.000000       219672          inf
#[Mean    =        1.355, StdDeviation   =        0.428]
#[Max     =        4.116, Total count    =       219672]
#[Buckets =           27, SubBuckets     =         2048]
----------------------------------------------------------
  239904 requests in 2.00m, 2.06GB read
Requests/sec:   1999.16
Transfer/sec:     17.57MB
