Running 2m test @ http://localhost:9001/api/v1/users
  4 threads and 128 connections
  Thread calibration: mean lat.: 4.496ms, rate sampling interval: 19ms
  Thread calibration: mean lat.: 4.594ms, rate sampling interval: 20ms
  Thread calibration: mean lat.: 4.581ms, rate sampling interval: 20ms
  Thread calibration: mean lat.: 8.967ms, rate sampling interval: 24ms
  Thread Stats   Avg      Stdev     Max   +/- Stdev
    Latency     5.74ms    3.85ms  33.28ms   68.38%
    Req/Sec   768.37    316.03     1.50k    73.84%
  Latency Distribution (HdrHistogram - Recorded Latency)
 50.000%    4.44ms
 75.000%    8.90ms
 90.000%   11.22ms
 99.000%   15.07ms
 99.900%   19.31ms
 99.990%   24.61ms
 99.999%   29.06ms
100.000%   33.31ms

  Detailed Percentile spectrum:
       Value   Percentile   TotalCount 1/(1-Percentile)

       1.022     0.000000            1         1.00
       1.822     0.100000        32961         1.11
       2.173     0.200000        66015         1.25
       2.491     0.300000        98894         1.43
       2.957     0.400000       131896         1.67
       4.439     0.500000       164803         2.00
       5.643     0.550000       181274         2.22
       6.583     0.600000       197718         2.50
       7.415     0.650000       214255         2.86
       8.207     0.700000       230762         3.33
       8.903     0.750000       247164         4.00
       9.231     0.775000       255459         4.44
       9.567     0.800000       263648         5.00
       9.919     0.825000       271931         5.71
      10.295     0.850000       280186         6.67
      10.719     0.875000       288340         8.00
      10.959     0.887500       292547         8.89
      11.215     0.900000       296597        10.00
      11.503     0.912500       300763        11.43
      11.815     0.925000       304898        13.33
      12.159     0.937500       308974        16.00
      12.351     0.943750       311017        17.78
      12.567     0.950000       313060        20.00
      12.791     0.956250       315098        22.86
      13.055     0.962500       317193        26.67
      13.351     0.968750       319246        32.00
      13.527     0.971875       320261        35.56
      13.711     0.975000       321287        40.00
      13.919     0.978125       322337        45.71
      14.135     0.981250       323352        53.33
      14.407     0.984375       324385        64.00
      14.567     0.985938       324887        71.11
      14.743     0.987500       325401        80.00
      14.935     0.989062       325912        91.43
      15.159     0.990625       326429       106.67
      15.431     0.992188       326948       128.00
      15.591     0.992969       327205       142.22
      15.775     0.993750       327455       160.00
      15.999     0.994531       327716       182.86
      16.247     0.995313       327973       213.33
      16.527     0.996094       328232       256.00
      16.703     0.996484       328356       284.44
      16.911     0.996875       328495       320.00
      17.119     0.997266       328616       365.71
      17.407     0.997656       328741       426.67
      17.807     0.998047       328879       512.00
      18.063     0.998242       328937       568.89
      18.303     0.998437       329000       640.00
      18.623     0.998633       329065       731.43
      19.007     0.998828       329129       853.33
      19.391     0.999023       329197      1024.00
      19.615     0.999121       329225      1137.78
      19.903     0.999219       329257      1280.00
      20.415     0.999316       329289      1462.86
      21.119     0.999414       329321      1706.67
      21.743     0.999512       329353      2048.00
      21.983     0.999561       329370      2275.56
      22.191     0.999609       329385      2560.00
      22.527     0.999658       329401      2925.71
      22.783     0.999707       329417      3413.33
      23.183     0.999756       329433      4096.00
      23.343     0.999780       329441      4551.11
      23.583     0.999805       329449      5120.00
      23.743     0.999829       329457      5851.43
      23.935     0.999854       329465      6826.67
      24.191     0.999878       329473      8192.00
      24.495     0.999890       329477      9102.22
      24.751     0.999902       329481     10240.00
      25.199     0.999915       329485     11702.86
      25.823     0.999927       329489     13653.33
      26.815     0.999939       329493     16384.00
      27.071     0.999945       329495     18204.44
      27.423     0.999951       329497     20480.00
      27.727     0.999957       329499     23405.71
      28.079     0.999963       329503     27306.67
      28.079     0.999969       329503     32768.00
      28.255     0.999973       329505     36408.89
      28.255     0.999976       329505     40960.00
      28.399     0.999979       329506     46811.43
      28.463     0.999982       329507     54613.33
      28.575     0.999985       329508     65536.00
      29.007     0.999986       329509     72817.78
      29.007     0.999988       329509     81920.00
      29.055     0.999989       329510     93622.86
      29.055     0.999991       329510    109226.67
      29.791     0.999992       329511    131072.00
      29.791     0.999993       329511    145635.56
      29.791     0.999994       329511    163840.00
      32.431     0.999995       329512    187245.71
      32.431     0.999995       329512    218453.33
      32.431     0.999996       329512    262144.00
      32.431     0.999997       329512    291271.11
      32.431     0.999997       329512    327680.00
      33.311     0.999997       329513    374491.43
      33.311     1.000000       329513          inf
#[Mean    =        5.739, StdDeviation   =        3.846]
#[Max     =       33.280, Total count    =       329513]
#[Buckets =           27, SubBuckets     =         2048]
----------------------------------------------------------
  359121 requests in 2.00m, 3.15GB read
Requests/sec:   2992.47
Transfer/sec:     26.85MB
