Running 2m test @ http://localhost:9000/api/v1/user?id=1
  4 threads and 128 connections
  Thread calibration: mean lat.: 0.772ms, rate sampling interval: 10ms
  Thread calibration: mean lat.: 0.772ms, rate sampling interval: 10ms
  Thread calibration: mean lat.: 0.776ms, rate sampling interval: 10ms
  Thread calibration: mean lat.: 0.778ms, rate sampling interval: 10ms
  Thread Stats   Avg      Stdev     Max   +/- Stdev
    Latency   757.68us  448.68us  31.02ms   74.23%
    Req/Sec     4.82k   254.98    15.50k    73.73%
  Latency Distribution (HdrHistogram - Recorded Latency)
 50.000%  754.00us
 75.000%    1.05ms
 90.000%    1.23ms
 99.000%    1.53ms
 99.900%    1.96ms
 99.990%   18.06ms
 99.999%   27.90ms
100.000%   31.04ms

  Detailed Percentile spectrum:
       Value   Percentile   TotalCount 1/(1-Percentile)

       0.065     0.000000            1         1.00
       0.257     0.100000       197954         1.11
       0.389     0.200000       396842         1.25
       0.511     0.300000       593218         1.43
       0.633     0.400000       792449         1.67
       0.754     0.500000       990137         2.00
       0.813     0.550000      1088860         2.22
       0.872     0.600000      1187505         2.50
       0.931     0.650000      1286397         2.86
       0.990     0.700000      1385406         3.33
       1.049     0.750000      1484068         4.00
       1.079     0.775000      1533021         4.44
       1.109     0.800000      1582287         5.00
       1.139     0.825000      1631256         5.71
       1.170     0.850000      1681127         6.67
       1.202     0.875000      1731410         8.00
       1.218     0.887500      1756150         8.89
       1.234     0.900000      1780810        10.00
       1.250     0.912500      1804863        11.43
       1.267     0.925000      1829353        13.33
       1.286     0.937500      1854473        16.00
       1.296     0.943750      1866407        17.78
       1.308     0.950000      1878892        20.00
       1.322     0.956250      1891289        22.86
       1.339     0.962500      1903070        26.67
       1.362     0.968750      1915424        32.00
       1.376     0.971875      1921586        35.56
       1.393     0.975000      1927946        40.00
       1.412     0.978125      1934157        45.71
       1.434     0.981250      1940243        53.33
       1.460     0.984375      1946298        64.00
       1.476     0.985938      1949457        71.11
       1.494     0.987500      1952557        80.00
       1.514     0.989062      1955642        91.43
       1.537     0.990625      1958610       106.67
       1.567     0.992188      1961773       128.00
       1.583     0.992969      1963248       142.22
       1.602     0.993750      1964802       160.00
       1.625     0.994531      1966375       182.86
       1.650     0.995313      1967872       213.33
       1.683     0.996094      1969434       256.00
       1.701     0.996484      1970180       284.44
       1.723     0.996875      1970968       320.00
       1.748     0.997266      1971725       365.71
       1.778     0.997656      1972488       426.67
       1.817     0.998047      1973269       512.00
       1.838     0.998242      1973645       568.89
       1.863     0.998437      1974041       640.00
       1.891     0.998633      1974424       731.43
       1.923     0.998828      1974807       853.33
       1.968     0.999023      1975191      1024.00
       1.995     0.999121      1975384      1137.78
       2.027     0.999219      1975579      1280.00
       2.065     0.999316      1975768      1462.86
       2.115     0.999414      1975964      1706.67
       2.199     0.999512      1976156      2048.00
       2.267     0.999561      1976252      2275.56
       2.389     0.999609      1976347      2560.00
       2.689     0.999658      1976444      2925.71
       3.245     0.999707      1976540      3413.33
       4.207     0.999756      1976637      4096.00
       6.099     0.999780      1976685      4551.11
       8.503     0.999805      1976733      5120.00
      10.911     0.999829      1976782      5851.43
      13.391     0.999854      1976830      6826.67
      15.639     0.999878      1976878      8192.00
      16.943     0.999890      1976902      9102.22
      18.191     0.999902      1976926     10240.00
      19.599     0.999915      1976951     11702.86
      20.559     0.999927      1976975     13653.33
      21.887     0.999939      1976999     16384.00
      22.319     0.999945      1977011     18204.44
      22.847     0.999951      1977023     20480.00
      23.519     0.999957      1977035     23405.71
      24.111     0.999963      1977047     27306.67
      24.735     0.999969      1977059     32768.00
      24.975     0.999973      1977065     36408.89
      25.535     0.999976      1977071     40960.00
      25.823     0.999979      1977077     46811.43
      26.207     0.999982      1977083     54613.33
      26.799     0.999985      1977089     65536.00
      27.151     0.999986      1977093     72817.78
      27.215     0.999988      1977095     81920.00
      27.391     0.999989      1977098     93622.86
      28.207     0.999991      1977101    109226.67
      28.431     0.999992      1977104    131072.00
      28.511     0.999993      1977106    145635.56
      28.767     0.999994      1977107    163840.00
      28.847     0.999995      1977110    187245.71
      28.847     0.999995      1977110    218453.33
      29.151     0.999996      1977112    262144.00
      29.167     0.999997      1977113    291271.11
      29.167     0.999997      1977113    327680.00
      29.327     0.999997      1977114    374491.43
      29.343     0.999998      1977115    436906.67
      29.967     0.999998      1977116    524288.00
      29.967     0.999998      1977116    582542.22
      29.967     0.999998      1977116    655360.00
      30.335     0.999999      1977117    748982.86
      30.335     0.999999      1977117    873813.33
      30.527     0.999999      1977118   1048576.00
      30.527     0.999999      1977118   1165084.44
      30.527     0.999999      1977118   1310720.00
      30.527     0.999999      1977118   1497965.71
      30.527     0.999999      1977118   1747626.67
      31.039     1.000000      1977119   2097152.00
      31.039     1.000000      1977119          inf
#[Mean    =        0.758, StdDeviation   =        0.449]
#[Max     =       31.024, Total count    =      1977119]
#[Buckets =           27, SubBuckets     =         2048]
----------------------------------------------------------
  2158654 requests in 2.00m, 257.33MB read
Requests/sec:  17988.69
Transfer/sec:      2.14MB
