Running 2m test @ http://localhost:9003/api/v1/user?id=1
  4 threads and 128 connections
  Thread calibration: mean lat.: 1.255ms, rate sampling interval: 10ms
  Thread calibration: mean lat.: 1.253ms, rate sampling interval: 10ms
  Thread calibration: mean lat.: 1.264ms, rate sampling interval: 10ms
  Thread calibration: mean lat.: 1.356ms, rate sampling interval: 10ms
  Thread Stats   Avg      Stdev     Max   +/- Stdev
    Latency     1.32ms    1.03ms  37.76ms   96.16%
    Req/Sec     6.32k   791.20    16.50k    91.87%
  Latency Distribution (HdrHistogram - Recorded Latency)
 50.000%    1.22ms
 75.000%    1.62ms
 90.000%    1.96ms
 99.000%    3.18ms
 99.900%   13.12ms
 99.990%   29.61ms
 99.999%   35.62ms
100.000%   37.79ms

  Detailed Percentile spectrum:
       Value   Percentile   TotalCount 1/(1-Percentile)

       0.124     0.000000            1         1.00
       0.579     0.100000       264400         1.11
       0.761     0.200000       528387         1.25
       0.919     0.300000       792247         1.43
       1.067     0.400000      1056138         1.67
       1.216     0.500000      1319127         2.00
       1.292     0.550000      1451342         2.22
       1.369     0.600000      1582049         2.50
       1.449     0.650000      1713637         2.86
       1.533     0.700000      1845908         3.33
       1.621     0.750000      1977881         4.00
       1.667     0.775000      2043184         4.44
       1.716     0.800000      2109832         5.00
       1.768     0.825000      2175894         5.71
       1.823     0.850000      2240802         6.67
       1.886     0.875000      2307585         8.00
       1.920     0.887500      2339657         8.89
       1.958     0.900000      2373009        10.00
       2.000     0.912500      2405524        11.43
       2.049     0.925000      2439304        13.33
       2.105     0.937500      2471786        16.00
       2.139     0.943750      2488423        17.78
       2.175     0.950000      2504505        20.00
       2.219     0.956250      2521405        22.86
       2.269     0.962500      2537869        26.67
       2.329     0.968750      2554011        32.00
       2.367     0.971875      2562336        35.56
       2.409     0.975000      2570523        40.00
       2.459     0.978125      2578732        45.71
       2.521     0.981250      2586783        53.33
       2.609     0.984375      2595032        64.00
       2.669     0.985938      2599158        71.11
       2.755     0.987500      2603239        80.00
       2.915     0.989062      2607350        91.43
       3.669     0.990625      2611464       106.67
       5.315     0.992188      2615583       128.00
       6.199     0.992969      2617644       142.22
       7.107     0.993750      2619707       160.00
       7.855     0.994531      2621771       182.86
       8.583     0.995313      2623821       213.33
       9.359     0.996094      2625885       256.00
       9.759     0.996484      2626922       284.44
      10.199     0.996875      2627958       320.00
      10.615     0.997266      2628975       365.71
      11.079     0.997656      2630012       426.67
      11.559     0.998047      2631033       512.00
      11.823     0.998242      2631550       568.89
      12.119     0.998437      2632057       640.00
      12.431     0.998633      2632573       731.43
      12.783     0.998828      2633091       853.33
      13.159     0.999023      2633603      1024.00
      13.375     0.999121      2633866      1137.78
      13.663     0.999219      2634120      1280.00
      13.991     0.999316      2634374      1462.86
      14.407     0.999414      2634635      1706.67
      15.063     0.999512      2634889      2048.00
      15.511     0.999561      2635020      2275.56
      16.295     0.999609      2635147      2560.00
      17.423     0.999658      2635275      2925.71
      19.615     0.999707      2635404      3413.33
      22.447     0.999756      2635535      4096.00
      23.535     0.999780      2635597      4551.11
      24.943     0.999805      2635662      5120.00
      26.239     0.999829      2635727      5851.43
      27.439     0.999854      2635790      6826.67
      28.815     0.999878      2635855      8192.00
      29.279     0.999890      2635887      9102.22
      29.711     0.999902      2635919     10240.00
      30.431     0.999915      2635951     11702.86
      31.695     0.999927      2635983     13653.33
      32.351     0.999939      2636017     16384.00
      32.607     0.999945      2636032     18204.44
      32.959     0.999951      2636048     20480.00
      33.247     0.999957      2636064     23405.71
      33.503     0.999963      2636084     27306.67
      33.919     0.999969      2636096     32768.00
      34.047     0.999973      2636104     36408.89
      34.239     0.999976      2636112     40960.00
      34.527     0.999979      2636120     46811.43
      34.687     0.999982      2636128     54613.33
      35.071     0.999985      2636136     65536.00
      35.359     0.999986      2636140     72817.78
      35.455     0.999988      2636144     81920.00
      35.551     0.999989      2636148     93622.86
      35.743     0.999991      2636152    109226.67
      35.935     0.999992      2636156    131072.00
      36.095     0.999993      2636158    145635.56
      36.223     0.999994      2636161    163840.00
      36.255     0.999995      2636162    187245.71
      36.479     0.999995      2636164    218453.33
      36.671     0.999996      2636167    262144.00
      36.671     0.999997      2636167    291271.11
      36.735     0.999997      2636168    327680.00
      36.767     0.999997      2636169    374491.43
      36.799     0.999998      2636170    436906.67
      36.959     0.999998      2636171    524288.00
      37.023     0.999998      2636172    582542.22
      37.023     0.999998      2636172    655360.00
      37.119     0.999999      2636173    748982.86
      37.119     0.999999      2636173    873813.33
      37.151     0.999999      2636174   1048576.00
      37.151     0.999999      2636174   1165084.44
      37.151     0.999999      2636174   1310720.00
      37.439     0.999999      2636175   1497965.71
      37.439     0.999999      2636175   1747626.67
      37.439     1.000000      2636175   2097152.00
      37.439     1.000000      2636175   2330168.89
      37.439     1.000000      2636175   2621440.00
      37.791     1.000000      2636176   2995931.43
      37.791     1.000000      2636176          inf
#[Mean    =        1.315, StdDeviation   =        1.025]
#[Max     =       37.760, Total count    =      2636176]
#[Buckets =           27, SubBuckets     =         2048]
----------------------------------------------------------
  2872646 requests in 2.00m, 315.05MB read
Requests/sec:  23938.56
Transfer/sec:      2.63MB
