Running 2m test @ http://localhost:9000/api/v1/users
  4 threads and 128 connections
  Thread calibration: mean lat.: 1.643ms, rate sampling interval: 10ms
  Thread calibration: mean lat.: 1.627ms, rate sampling interval: 10ms
  Thread calibration: mean lat.: 3.384ms, rate sampling interval: 10ms
  Thread calibration: mean lat.: 1.641ms, rate sampling interval: 10ms
  Thread Stats   Avg      Stdev     Max   +/- Stdev
    Latency     2.11ms    1.17ms  40.93ms   74.23%
    Req/Sec     1.05k   719.56     4.40k    77.08%
  Latency Distribution (HdrHistogram - Recorded Latency)
 50.000%    1.74ms
 75.000%    2.68ms
 90.000%    3.88ms
 99.000%    5.05ms
 99.900%    6.03ms
 99.990%   28.78ms
 99.999%   38.49ms
100.000%   40.96ms

  Detailed Percentile spectrum:
       Value   Percentile   TotalCount 1/(1-Percentile)

       0.590     0.000000            1         1.00
       0.975     0.100000        44019         1.11
       1.185     0.200000        87914         1.25
       1.370     0.300000       131950         1.43
       1.546     0.400000       175953         1.67
       1.735     0.500000       219771         2.00
       1.860     0.550000       241718         2.22
       2.029     0.600000       263627         2.50
       2.225     0.650000       285578         2.86
       2.421     0.700000       307619         3.33
       2.679     0.750000       329535         4.00
       2.877     0.775000       340557         4.44
       3.083     0.800000       351585         5.00
       3.279     0.825000       362569         5.71
       3.475     0.850000       373476         6.67
       3.677     0.875000       384483         8.00
       3.779     0.887500       389977         8.89
       3.883     0.900000       395448        10.00
       3.989     0.912500       400965        11.43
       4.099     0.925000       406556        13.33
       4.211     0.937500       411885        16.00
       4.275     0.943750       414736        17.78
       4.339     0.950000       417439        20.00
       4.411     0.956250       420214        22.86
       4.491     0.962500       422985        26.67
       4.579     0.968750       425702        32.00
       4.623     0.971875       426991        35.56
       4.679     0.975000       428408        40.00
       4.735     0.978125       429791        45.71
       4.799     0.981250       431129        53.33
       4.875     0.984375       432535        64.00
       4.915     0.985938       433190        71.11
       4.963     0.987500       433902        80.00
       5.015     0.989062       434581        91.43
       5.071     0.990625       435241       106.67
       5.143     0.992188       435946       128.00
       5.179     0.992969       436258       142.22
       5.219     0.993750       436598       160.00
       5.271     0.994531       436949       182.86
       5.331     0.995313       437288       213.33
       5.395     0.996094       437627       256.00
       5.435     0.996484       437801       284.44
       5.483     0.996875       437975       320.00
       5.531     0.997266       438145       365.71
       5.591     0.997656       438311       426.67
       5.663     0.998047       438483       512.00
       5.715     0.998242       438568       568.89
       5.783     0.998437       438656       640.00
       5.851     0.998633       438746       731.43
       5.927     0.998828       438826       853.33
       6.035     0.999023       438911      1024.00
       6.119     0.999121       438955      1137.78
       6.231     0.999219       438998      1280.00
       6.487     0.999316       439041      1462.86
       6.991     0.999414       439083      1706.67
       7.607     0.999512       439126      2048.00
       7.843     0.999561       439147      2275.56
       8.247     0.999609       439170      2560.00
       8.879     0.999658       439190      2925.71
      10.535     0.999707       439212      3413.33
      13.423     0.999756       439233      4096.00
      16.623     0.999780       439244      4551.11
      20.975     0.999805       439255      5120.00
      24.175     0.999829       439265      5851.43
      25.311     0.999854       439276      6826.67
      27.903     0.999878       439287      8192.00
      28.415     0.999890       439292      9102.22
      28.927     0.999902       439298     10240.00
      29.647     0.999915       439303     11702.86
      30.271     0.999927       439308     13653.33
      31.055     0.999939       439315     16384.00
      31.551     0.999945       439316     18204.44
      31.743     0.999951       439319     20480.00
      32.111     0.999957       439322     23405.71
      33.279     0.999963       439324     27306.67
      34.207     0.999969       439327     32768.00
      34.719     0.999973       439328     36408.89
      34.783     0.999976       439330     40960.00
      34.815     0.999979       439331     46811.43
      34.879     0.999982       439332     54613.33
      36.831     0.999985       439334     65536.00
      36.831     0.999986       439334     72817.78
      36.959     0.999988       439335     81920.00
      38.495     0.999989       439336     93622.86
      38.495     0.999991       439336    109226.67
      39.135     0.999992       439337    131072.00
      39.135     0.999993       439337    145635.56
      39.231     0.999994       439338    163840.00
      39.231     0.999995       439338    187245.71
      39.231     0.999995       439338    218453.33
      40.031     0.999996       439339    262144.00
      40.031     0.999997       439339    291271.11
      40.031     0.999997       439339    327680.00
      40.031     0.999997       439339    374491.43
      40.031     0.999998       439339    436906.67
      40.959     0.999998       439340    524288.00
      40.959     1.000000       439340          inf
#[Mean    =        2.108, StdDeviation   =        1.171]
#[Max     =       40.928, Total count    =       439340]
#[Buckets =           27, SubBuckets     =         2048]
----------------------------------------------------------
  478821 requests in 2.00m, 4.10GB read
Requests/sec:   3989.86
Transfer/sec:     35.01MB
