Running 5m test @ https://localhost:8080/api/v1/user?id=1
  4 threads and 32 connections
  Thread calibration: mean lat.: 0.796ms, rate sampling interval: 10ms
  Thread calibration: mean lat.: 0.819ms, rate sampling interval: 10ms
  Thread calibration: mean lat.: 0.802ms, rate sampling interval: 10ms
  Thread calibration: mean lat.: 0.756ms, rate sampling interval: 10ms
  Thread Stats   Avg      Stdev     Max   +/- Stdev
    Latency     0.88ms  367.58us  12.25ms   65.76%
    Req/Sec   264.11     83.02   600.00     84.32%
  Latency Distribution (HdrHistogram - Recorded Latency)
 50.000%    0.89ms
 75.000%    1.14ms
 90.000%    1.37ms
 99.000%    1.63ms
 99.900%    1.86ms
 99.990%    2.09ms
 99.999%   11.62ms
100.000%   12.26ms

  Detailed Percentile spectrum:
       Value   Percentile   TotalCount 1/(1-Percentile)

       0.081     0.000000            2         1.00
       0.391     0.100000        29001         1.11
       0.558     0.200000        57992         1.25
       0.673     0.300000        87016         1.43
       0.782     0.400000       116104         1.67
       0.889     0.500000       145196         2.00
       0.939     0.550000       159508         2.22
       0.990     0.600000       174234         2.50
       1.041     0.650000       188728         2.86
       1.091     0.700000       203155         3.33
       1.143     0.750000       217521         4.00
       1.175     0.775000       224836         4.44
       1.212     0.800000       232020         5.00
       1.252     0.825000       239369         5.71
       1.290     0.850000       246504         6.67
       1.330     0.875000       253738         8.00
       1.351     0.887500       257408         8.89
       1.372     0.900000       261122        10.00
       1.393     0.912500       264604        11.43
       1.415     0.925000       268341        13.33
       1.438     0.937500       271854        16.00
       1.451     0.943750       273704        17.78
       1.464     0.950000       275485        20.00
       1.479     0.956250       277348        22.86
       1.495     0.962500       279112        26.67
       1.513     0.968750       280911        32.00
       1.524     0.971875       281852        35.56
       1.536     0.975000       282753        40.00
       1.548     0.978125       283616        45.71
       1.565     0.981250       284545        53.33
       1.583     0.984375       285430        64.00
       1.594     0.985938       285891        71.11
       1.608     0.987500       286358        80.00
       1.623     0.989062       286814        91.43
       1.638     0.990625       287242       106.67
       1.657     0.992188       287701       128.00
       1.668     0.992969       287930       142.22
       1.679     0.993750       288155       160.00
       1.694     0.994531       288389       182.86
       1.709     0.995313       288600       213.33
       1.725     0.996094       288832       256.00
       1.734     0.996484       288949       284.44
       1.746     0.996875       289058       320.00
       1.758     0.997266       289167       365.71
       1.770     0.997656       289279       426.67
       1.790     0.998047       289393       512.00
       1.801     0.998242       289451       568.89
       1.812     0.998437       289505       640.00
       1.827     0.998633       289566       731.43
       1.842     0.998828       289619       853.33
       1.857     0.999023       289676      1024.00
       1.867     0.999121       289705      1137.78
       1.876     0.999219       289734      1280.00
       1.890     0.999316       289760      1462.86
       1.915     0.999414       289790      1706.67
       1.929     0.999512       289817      2048.00
       1.937     0.999561       289831      2275.56
       1.950     0.999609       289846      2560.00
       1.961     0.999658       289861      2925.71
       1.975     0.999707       289874      3413.33
       1.993     0.999756       289888      4096.00
       2.007     0.999780       289895      4551.11
       2.020     0.999805       289902      5120.00
       2.038     0.999829       289910      5851.43
       2.049     0.999854       289917      6826.67
       2.069     0.999878       289923      8192.00
       2.075     0.999890       289927      9102.22
       2.093     0.999902       289931     10240.00
       2.103     0.999915       289934     11702.86
       2.115     0.999927       289937     13653.33
       2.131     0.999939       289941     16384.00
       2.143     0.999945       289943     18204.44
       2.149     0.999951       289944     20480.00
       6.487     0.999957       289946     23405.71
       6.899     0.999963       289948     27306.67
       8.255     0.999969       289950     32768.00
       8.559     0.999973       289951     36408.89
       8.559     0.999976       289951     40960.00
       8.751     0.999979       289952     46811.43
       9.183     0.999982       289953     54613.33
      11.223     0.999985       289954     65536.00
      11.623     0.999986       289955     72817.78
      11.623     0.999988       289955     81920.00
      11.623     0.999989       289955     93622.86
      11.631     0.999991       289956    109226.67
      11.631     0.999992       289956    131072.00
      11.815     0.999993       289957    145635.56
      11.815     0.999994       289957    163840.00
      11.815     0.999995       289957    187245.71
      11.815     0.999995       289957    218453.33
      11.815     0.999996       289957    262144.00
      12.255     0.999997       289958    291271.11
      12.255     1.000000       289958          inf
#[Mean    =        0.883, StdDeviation   =        0.368]
#[Max     =       12.248, Total count    =       289958]
#[Buckets =           27, SubBuckets     =         2048]
----------------------------------------------------------
  299998 requests in 5.00m, 35.76MB read
Requests/sec:    999.99
Transfer/sec:    122.07KB
