Running 2m test @ http://localhost:9003/api/v1/user?id=1
  4 threads and 128 connections
  Thread calibration: mean lat.: 1.233ms, rate sampling interval: 10ms
  Thread calibration: mean lat.: 1.225ms, rate sampling interval: 10ms
  Thread calibration: mean lat.: 1.206ms, rate sampling interval: 10ms
  Thread calibration: mean lat.: 1.340ms, rate sampling interval: 10ms
  Thread Stats   Avg      Stdev     Max   +/- Stdev
    Latency     1.28ms    0.89ms  36.19ms   92.37%
    Req/Sec     6.32k   706.67    17.56k    85.45%
  Latency Distribution (HdrHistogram - Recorded Latency)
 50.000%    1.20ms
 75.000%    1.61ms
 90.000%    1.95ms
 99.000%    2.77ms
 99.900%   11.21ms
 99.990%   28.54ms
 99.999%   33.79ms
100.000%   36.22ms

  Detailed Percentile spectrum:
       Value   Percentile   TotalCount 1/(1-Percentile)

       0.127     0.000000            1         1.00
       0.572     0.100000       264822         1.11
       0.746     0.200000       528675         1.25
       0.901     0.300000       792052         1.43
       1.048     0.400000      1054868         1.67
       1.198     0.500000      1318793         2.00
       1.274     0.550000      1451542         2.22
       1.352     0.600000      1582849         2.50
       1.434     0.650000      1714948         2.86
       1.518     0.700000      1846161         3.33
       1.607     0.750000      1977603         4.00
       1.654     0.775000      2043197         4.44
       1.704     0.800000      2109017         5.00
       1.757     0.825000      2175344         5.71
       1.813     0.850000      2241110         6.67
       1.875     0.875000      2307337         8.00
       1.909     0.887500      2340161         8.89
       1.946     0.900000      2372838        10.00
       1.988     0.912500      2406007        11.43
       2.035     0.925000      2439026        13.33
       2.089     0.937500      2471413        16.00
       2.121     0.943750      2488098        17.78
       2.157     0.950000      2504896        20.00
       2.197     0.956250      2521362        22.86
       2.243     0.962500      2537720        26.67
       2.297     0.968750      2553928        32.00
       2.329     0.971875      2562049        35.56
       2.367     0.975000      2570563        40.00
       2.411     0.978125      2578782        45.71
       2.463     0.981250      2586771        53.33
       2.531     0.984375      2595009        64.00
       2.575     0.985938      2599125        71.11
       2.629     0.987500      2603221        80.00
       2.705     0.989062      2607405        91.43
       2.837     0.990625      2611468       106.67
       3.339     0.992188      2615573       128.00
       4.081     0.992969      2617632       142.22
       4.991     0.993750      2619688       160.00
       5.891     0.994531      2621745       182.86
       6.695     0.995313      2623812       213.33
       7.463     0.996094      2625876       256.00
       7.791     0.996484      2626902       284.44
       8.199     0.996875      2627930       320.00
       8.671     0.997266      2628969       365.71
       9.143     0.997656      2629994       426.67
       9.647     0.998047      2631028       512.00
       9.911     0.998242      2631532       568.89
      10.191     0.998437      2632048       640.00
      10.527     0.998633      2632559       731.43
      10.879     0.998828      2633078       853.33
      11.255     0.999023      2633587      1024.00
      11.503     0.999121      2633851      1137.78
      11.783     0.999219      2634101      1280.00
      12.135     0.999316      2634364      1462.86
      12.599     0.999414      2634618      1706.67
      13.167     0.999512      2634879      2048.00
      13.511     0.999561      2635002      2275.56
      14.127     0.999609      2635132      2560.00
      15.007     0.999658      2635259      2925.71
      16.327     0.999707      2635388      3413.33
      19.119     0.999756      2635517      4096.00
      20.591     0.999780      2635581      4551.11
      21.951     0.999805      2635647      5120.00
      23.119     0.999829      2635710      5851.43
      25.199     0.999854      2635775      6826.67
      26.479     0.999878      2635839      8192.00
      27.919     0.999890      2635872      9102.22
      28.671     0.999902      2635903     10240.00
      29.231     0.999915      2635936     11702.86
      29.999     0.999927      2635968     13653.33
      30.991     0.999939      2636001     16384.00
      31.263     0.999945      2636017     18204.44
      31.503     0.999951      2636032     20480.00
      31.743     0.999957      2636048     23405.71
      31.983     0.999963      2636064     27306.67
      32.383     0.999969      2636080     32768.00
      32.463     0.999973      2636090     36408.89
      32.559     0.999976      2636096     40960.00
      32.799     0.999979      2636104     46811.43
      33.087     0.999982      2636112     54613.33
      33.471     0.999985      2636122     65536.00
      33.535     0.999986      2636125     72817.78
      33.599     0.999988      2636129     81920.00
      33.791     0.999989      2636134     93622.86
      33.919     0.999991      2636137    109226.67
      34.303     0.999992      2636140    131072.00
      34.431     0.999993      2636142    145635.56
      34.527     0.999994      2636146    163840.00
      34.527     0.999995      2636146    187245.71
      34.719     0.999995      2636148    218453.33
      34.783     0.999996      2636151    262144.00
      34.783     0.999997      2636151    291271.11
      34.911     0.999997      2636152    327680.00
      34.943     0.999997      2636153    374491.43
      35.263     0.999998      2636154    436906.67
      35.359     0.999998      2636155    524288.00
      35.391     0.999998      2636156    582542.22
      35.391     0.999998      2636156    655360.00
      35.455     0.999999      2636157    748982.86
      35.455     0.999999      2636157    873813.33
      35.743     0.999999      2636158   1048576.00
      35.743     0.999999      2636158   1165084.44
      35.743     0.999999      2636158   1310720.00
      36.095     0.999999      2636159   1497965.71
      36.095     0.999999      2636159   1747626.67
      36.095     1.000000      2636159   2097152.00
      36.095     1.000000      2636159   2330168.89
      36.095     1.000000      2636159   2621440.00
      36.223     1.000000      2636160   2995931.43
      36.223     1.000000      2636160          inf
#[Mean    =        1.282, StdDeviation   =        0.888]
#[Max     =       36.192, Total count    =      2636160]
#[Buckets =           27, SubBuckets     =         2048]
----------------------------------------------------------
  2872643 requests in 2.00m, 315.05MB read
Requests/sec:  23938.06
Transfer/sec:      2.63MB
