Running 2m test @ http://localhost:9003/api/v1/users
  4 threads and 128 connections
  Thread calibration: mean lat.: 1.379ms, rate sampling interval: 10ms
  Thread calibration: mean lat.: 1.388ms, rate sampling interval: 10ms
  Thread calibration: mean lat.: 1.383ms, rate sampling interval: 10ms
  Thread calibration: mean lat.: 1.394ms, rate sampling interval: 10ms
  Thread Stats   Avg      Stdev     Max   +/- Stdev
    Latency     1.39ms  461.03us   4.78ms   62.86%
    Req/Sec     1.05k    73.33     1.33k    89.62%
  Latency Distribution (HdrHistogram - Recorded Latency)
 50.000%    1.35ms
 75.000%    1.73ms
 90.000%    2.05ms
 99.000%    2.40ms
 99.900%    2.67ms
 99.990%    3.72ms
 99.999%    4.43ms
100.000%    4.79ms

  Detailed Percentile spectrum:
       Value   Percentile   TotalCount 1/(1-Percentile)

       0.505     0.000000            1         1.00
       0.798     0.100000        44140         1.11
       0.951     0.200000        88188         1.25
       1.087     0.300000       131922         1.43
       1.215     0.400000       175762         1.67
       1.350     0.500000       219761         2.00
       1.420     0.550000       241838         2.22
       1.490     0.600000       263627         2.50
       1.563     0.650000       285889         2.86
       1.639     0.700000       307611         3.33
       1.727     0.750000       329581         4.00
       1.776     0.775000       340740         4.44
       1.826     0.800000       351698         5.00
       1.878     0.825000       362546         5.71
       1.931     0.850000       373508         6.67
       1.988     0.875000       384583         8.00
       2.017     0.887500       389932         8.89
       2.049     0.900000       395728        10.00
       2.079     0.912500       401139        11.43
       2.111     0.925000       406546        13.33
       2.145     0.937500       411982        16.00
       2.163     0.943750       414677        17.78
       2.183     0.950000       417474        20.00
       2.205     0.956250       420277        22.86
       2.227     0.962500       422959        26.67
       2.253     0.968750       425649        32.00
       2.267     0.971875       427009        35.56
       2.283     0.975000       428426        40.00
       2.301     0.978125       429829        45.71
       2.321     0.981250       431181        53.33
       2.345     0.984375       432609        64.00
       2.355     0.985938       433198        71.11
       2.369     0.987500       433865        80.00
       2.387     0.989062       434620        91.43
       2.405     0.990625       435295       106.67
       2.423     0.992188       435972       128.00
       2.435     0.992969       436321       142.22
       2.447     0.993750       436632       160.00
       2.463     0.994531       436995       182.86
       2.481     0.995313       437337       213.33
       2.499     0.996094       437662       256.00
       2.511     0.996484       437835       284.44
       2.525     0.996875       438000       320.00
       2.539     0.997266       438156       365.71
       2.557     0.997656       438336       426.67
       2.579     0.998047       438500       512.00
       2.591     0.998242       438584       568.89
       2.607     0.998437       438672       640.00
       2.627     0.998633       438762       731.43
       2.649     0.998828       438846       853.33
       2.677     0.999023       438931      1024.00
       2.703     0.999121       438970      1137.78
       2.755     0.999219       439014      1280.00
       2.833     0.999316       439057      1462.86
       2.939     0.999414       439099      1706.67
       3.071     0.999512       439145      2048.00
       3.121     0.999561       439163      2275.56
       3.189     0.999609       439185      2560.00
       3.261     0.999658       439207      2925.71
       3.341     0.999707       439228      3413.33
       3.403     0.999756       439249      4096.00
       3.447     0.999780       439260      4551.11
       3.489     0.999805       439271      5120.00
       3.531     0.999829       439281      5851.43
       3.577     0.999854       439292      6826.67
       3.661     0.999878       439303      8192.00
       3.683     0.999890       439308      9102.22
       3.729     0.999902       439314     10240.00
       3.763     0.999915       439319     11702.86
       3.809     0.999927       439324     13653.33
       3.905     0.999939       439330     16384.00
       3.941     0.999945       439332     18204.44
       4.011     0.999951       439335     20480.00
       4.043     0.999957       439338     23405.71
       4.143     0.999963       439340     27306.67
       4.191     0.999969       439343     32768.00
       4.227     0.999973       439344     36408.89
       4.363     0.999976       439346     40960.00
       4.383     0.999979       439347     46811.43
       4.391     0.999982       439348     54613.33
       4.415     0.999985       439350     65536.00
       4.415     0.999986       439350     72817.78
       4.419     0.999988       439351     81920.00
       4.435     0.999989       439352     93622.86
       4.435     0.999991       439352    109226.67
       4.467     0.999992       439353    131072.00
       4.467     0.999993       439353    145635.56
       4.491     0.999994       439354    163840.00
       4.491     0.999995       439354    187245.71
       4.491     0.999995       439354    218453.33
       4.671     0.999996       439355    262144.00
       4.671     0.999997       439355    291271.11
       4.671     0.999997       439355    327680.00
       4.671     0.999997       439355    374491.43
       4.671     0.999998       439355    436906.67
       4.787     0.999998       439356    524288.00
       4.787     1.000000       439356          inf
#[Mean    =        1.389, StdDeviation   =        0.461]
#[Max     =        4.784, Total count    =       439356]
#[Buckets =           27, SubBuckets     =         2048]
----------------------------------------------------------
  479749 requests in 2.00m, 4.12GB read
Requests/sec:   3997.89
Transfer/sec:     35.15MB
