Running 2m test @ http://localhost:9002/api/v1/users
  4 threads and 128 connections
  Thread calibration: mean lat.: 2.644ms, rate sampling interval: 10ms
  Thread calibration: mean lat.: 2.615ms, rate sampling interval: 10ms
  Thread calibration: mean lat.: 2.679ms, rate sampling interval: 10ms
  Thread calibration: mean lat.: 2.633ms, rate sampling interval: 10ms
  Thread Stats   Avg      Stdev     Max   +/- Stdev
    Latency     2.27ms    2.73ms  66.75ms   97.88%
    Req/Sec     2.64k   271.24     4.55k    82.05%
  Latency Distribution (HdrHistogram - Recorded Latency)
 50.000%    1.90ms
 75.000%    2.28ms
 90.000%    2.73ms
 99.000%   14.24ms
 99.900%   37.66ms
 99.990%   48.35ms
 99.999%   60.38ms
100.000%   66.82ms

  Detailed Percentile spectrum:
       Value   Percentile   TotalCount 1/(1-Percentile)

       0.702     0.000000            1         1.00
       1.315     0.100000       110322         1.11
       1.492     0.200000       219927         1.25
       1.637     0.300000       329585         1.43
       1.770     0.400000       439433         1.67
       1.899     0.500000       549251         2.00
       1.965     0.550000       604299         2.22
       2.034     0.600000       659309         2.50
       2.109     0.650000       714803         2.86
       2.191     0.700000       770141         3.33
       2.281     0.750000       823924         4.00
       2.333     0.775000       852061         4.44
       2.389     0.800000       879184         5.00
       2.453     0.825000       906488         5.71
       2.527     0.850000       933942         6.67
       2.617     0.875000       961416         8.00
       2.671     0.887500       975258         8.89
       2.731     0.900000       988679        10.00
       2.805     0.912500      1002553        11.43
       2.895     0.925000      1016226        13.33
       3.013     0.937500      1029911        16.00
       3.087     0.943750      1036622        17.78
       3.183     0.950000      1043550        20.00
       3.301     0.956250      1050361        22.86
       3.467     0.962500      1057246        26.67
       3.733     0.968750      1064083        32.00
       3.947     0.971875      1067513        35.56
       4.283     0.975000      1070946        40.00
       4.827     0.978125      1074383        45.71
       5.899     0.981250      1077810        53.33
       8.255     0.984375      1081240        64.00
       9.647     0.985938      1082953        71.11
      11.167     0.987500      1084670        80.00
      12.879     0.989062      1086386        91.43
      15.319     0.990625      1088105       106.67
      18.751     0.992188      1089821       128.00
      20.463     0.992969      1090680       142.22
      22.351     0.993750      1091537       160.00
      24.319     0.994531      1092394       182.86
      26.463     0.995313      1093257       213.33
      28.399     0.996094      1094113       256.00
      29.439     0.996484      1094541       284.44
      30.575     0.996875      1094970       320.00
      31.679     0.997266      1095407       365.71
      32.751     0.997656      1095827       426.67
      34.111     0.998047      1096261       512.00
      34.687     0.998242      1096477       568.89
      35.391     0.998437      1096694       640.00
      36.031     0.998633      1096902       731.43
      36.831     0.998828      1097112       853.33
      37.855     0.999023      1097330      1024.00
      38.399     0.999121      1097436      1137.78
      38.943     0.999219      1097543      1280.00
      39.615     0.999316      1097649      1462.86
      40.223     0.999414      1097759      1706.67
      41.023     0.999512      1097864      2048.00
      41.503     0.999561      1097920      2275.56
      42.047     0.999609      1097972      2560.00
      42.623     0.999658      1098025      2925.71
      43.167     0.999707      1098079      3413.33
      43.903     0.999756      1098131      4096.00
      44.287     0.999780      1098158      4551.11
      44.895     0.999805      1098188      5120.00
      45.567     0.999829      1098212      5851.43
      46.239     0.999854      1098239      6826.67
      47.327     0.999878      1098267      8192.00
      47.935     0.999890      1098280      9102.22
      48.415     0.999902      1098292     10240.00
      49.055     0.999915      1098307     11702.86
      49.759     0.999927      1098319     13653.33
      50.655     0.999939      1098332     16384.00
      51.327     0.999945      1098339     18204.44
      52.639     0.999951      1098346     20480.00
      53.407     0.999957      1098353     23405.71
      54.399     0.999963      1098359     27306.67
      55.775     0.999969      1098366     32768.00
      56.127     0.999973      1098369     36408.89
      56.991     0.999976      1098373     40960.00
      57.759     0.999979      1098376     46811.43
      57.983     0.999982      1098379     54613.33
      58.527     0.999985      1098383     65536.00
      59.039     0.999986      1098384     72817.78
      59.935     0.999988      1098386     81920.00
      60.383     0.999989      1098388     93622.86
      61.215     0.999991      1098389    109226.67
      62.047     0.999992      1098391    131072.00
      62.847     0.999993      1098392    145635.56
      62.879     0.999994      1098393    163840.00
      63.487     0.999995      1098394    187245.71
      63.487     0.999995      1098394    218453.33
      63.775     0.999996      1098395    262144.00
      63.839     0.999997      1098396    291271.11
      63.839     0.999997      1098396    327680.00
      65.663     0.999997      1098397    374491.43
      65.663     0.999998      1098397    436906.67
      65.663     0.999998      1098397    524288.00
      66.303     0.999998      1098398    582542.22
      66.303     0.999998      1098398    655360.00
      66.303     0.999999      1098398    748982.86
      66.303     0.999999      1098398    873813.33
      66.303     0.999999      1098398   1048576.00
      66.815     0.999999      1098399   1165084.44
      66.815     1.000000      1098399          inf
#[Mean    =        2.271, StdDeviation   =        2.735]
#[Max     =       66.752, Total count    =      1098399]
#[Buckets =           27, SubBuckets     =         2048]
----------------------------------------------------------
  1199269 requests in 2.00m, 10.30GB read
Requests/sec:   9993.88
Transfer/sec:     87.86MB
