Running 2m test @ http://localhost:9003/api/v1/users
  4 threads and 128 connections
  Thread calibration: mean lat.: 1.369ms, rate sampling interval: 10ms
  Thread calibration: mean lat.: 1.325ms, rate sampling interval: 10ms
  Thread calibration: mean lat.: 1.318ms, rate sampling interval: 10ms
  Thread calibration: mean lat.: 1.354ms, rate sampling interval: 10ms
  Thread Stats   Avg      Stdev     Max   +/- Stdev
    Latency     1.35ms  506.31us  24.75ms   69.24%
    Req/Sec   526.98    108.34     1.78k    57.37%
  Latency Distribution (HdrHistogram - Recorded Latency)
 50.000%    1.31ms
 75.000%    1.64ms
 90.000%    2.03ms
 99.000%    2.38ms
 99.900%    2.63ms
 99.990%   15.26ms
 99.999%   22.59ms
100.000%   24.77ms

  Detailed Percentile spectrum:
       Value   Percentile   TotalCount 1/(1-Percentile)

       0.511     0.000000            1         1.00
       0.765     0.100000        22007         1.11
       0.905     0.200000        44073         1.25
       1.041     0.300000        65963         1.43
       1.179     0.400000        87943         1.67
       1.314     0.500000       109858         2.00
       1.378     0.550000       120841         2.22
       1.441     0.600000       131872         2.50
       1.504     0.650000       142904         2.86
       1.567     0.700000       153823         3.33
       1.637     0.750000       164796         4.00
       1.681     0.775000       170333         4.44
       1.732     0.800000       175798         5.00
       1.793     0.825000       181233         5.71
       1.870     0.850000       186791         6.67
       1.953     0.875000       192255         8.00
       1.993     0.887500       194967         8.89
       2.032     0.900000       197731        10.00
       2.071     0.912500       200541        11.43
       2.107     0.925000       203197        13.33
       2.143     0.937500       205983        16.00
       2.161     0.943750       207346        17.78
       2.179     0.950000       208712        20.00
       2.199     0.956250       210095        22.86
       2.221     0.962500       211461        26.67
       2.247     0.968750       212888        32.00
       2.259     0.971875       213527        35.56
       2.273     0.975000       214219        40.00
       2.289     0.978125       214930        45.71
       2.307     0.981250       215624        53.33
       2.325     0.984375       216249        64.00
       2.337     0.985938       216598        71.11
       2.351     0.987500       216934        80.00
       2.365     0.989062       217296        91.43
       2.383     0.990625       217648       106.67
       2.403     0.992188       217968       128.00
       2.415     0.992969       218153       142.22
       2.427     0.993750       218321       160.00
       2.439     0.994531       218481       182.86
       2.453     0.995313       218652       213.33
       2.471     0.996094       218815       256.00
       2.481     0.996484       218909       284.44
       2.491     0.996875       218989       320.00
       2.505     0.997266       219073       365.71
       2.521     0.997656       219164       426.67
       2.541     0.998047       219246       512.00
       2.555     0.998242       219292       568.89
       2.569     0.998437       219334       640.00
       2.583     0.998633       219375       731.43
       2.605     0.998828       219416       853.33
       2.641     0.999023       219460      1024.00
       2.659     0.999121       219479      1137.78
       2.687     0.999219       219501      1280.00
       2.759     0.999316       219523      1462.86
       2.955     0.999414       219544      1706.67
       3.185     0.999512       219565      2048.00
       3.433     0.999561       219577      2275.56
       3.579     0.999609       219587      2560.00
       4.195     0.999658       219597      2925.71
       5.135     0.999707       219608      3413.33
       7.811     0.999756       219619      4096.00
       8.311     0.999780       219624      4551.11
       8.903     0.999805       219630      5120.00
       9.727     0.999829       219635      5851.43
      10.591     0.999854       219640      6826.67
      13.823     0.999878       219646      8192.00
      14.679     0.999890       219648      9102.22
      15.775     0.999902       219651     10240.00
      16.959     0.999915       219654     11702.86
      17.759     0.999927       219656     13653.33
      18.703     0.999939       219659     16384.00
      19.135     0.999945       219660     18204.44
      19.599     0.999951       219662     20480.00
      19.871     0.999957       219663     23405.71
      20.047     0.999963       219664     27306.67
      20.479     0.999969       219666     32768.00
      20.479     0.999973       219666     36408.89
      21.583     0.999976       219667     40960.00
      22.303     0.999979       219668     46811.43
      22.303     0.999982       219668     54613.33
      22.559     0.999985       219669     65536.00
      22.559     0.999986       219669     72817.78
      22.591     0.999988       219670     81920.00
      22.591     0.999989       219670     93622.86
      22.591     0.999991       219670    109226.67
      23.231     0.999992       219671    131072.00
      23.231     0.999993       219671    145635.56
      23.231     0.999994       219671    163840.00
      23.231     0.999995       219671    187245.71
      23.231     0.999995       219671    218453.33
      24.767     0.999996       219672    262144.00
      24.767     1.000000       219672          inf
#[Mean    =        1.348, StdDeviation   =        0.506]
#[Max     =       24.752, Total count    =       219672]
#[Buckets =           27, SubBuckets     =         2048]
----------------------------------------------------------
  239904 requests in 2.00m, 2.06GB read
Requests/sec:   1999.16
Transfer/sec:     17.57MB
