Running 2m test @ http://localhost:9000/api/v1/user?id=1
  4 threads and 128 connections
  Thread calibration: mean lat.: 0.958ms, rate sampling interval: 10ms
  Thread calibration: mean lat.: 0.972ms, rate sampling interval: 10ms
  Thread calibration: mean lat.: 1.058ms, rate sampling interval: 10ms
  Thread calibration: mean lat.: 1.086ms, rate sampling interval: 10ms
  Thread Stats   Avg      Stdev     Max   +/- Stdev
    Latency     1.02ms  562.70us  30.18ms   73.83%
    Req/Sec     7.90k     0.88k   22.11k    74.96%
  Latency Distribution (HdrHistogram - Recorded Latency)
 50.000%    0.99ms
 75.000%    1.36ms
 90.000%    1.65ms
 99.000%    2.13ms
 99.900%    2.58ms
 99.990%   21.15ms
 99.999%   26.83ms
100.000%   30.19ms

  Detailed Percentile spectrum:
       Value   Percentile   TotalCount 1/(1-Percentile)

       0.077     0.000000            4         1.00
       0.396     0.100000       331016         1.11
       0.561     0.200000       660112         1.25
       0.705     0.300000       988655         1.43
       0.844     0.400000      1318654         1.67
       0.985     0.500000      1648166         2.00
       1.057     0.550000      1814110         2.22
       1.130     0.600000      1977968         2.50
       1.205     0.650000      2142082         2.86
       1.282     0.700000      2306738         3.33
       1.361     0.750000      2471548         4.00
       1.402     0.775000      2554410         4.44
       1.444     0.800000      2636304         5.00
       1.489     0.825000      2719387         5.71
       1.537     0.850000      2802363         6.67
       1.589     0.875000      2883903         8.00
       1.618     0.887500      2925583         8.89
       1.649     0.900000      2966549        10.00
       1.683     0.912500      3007009        11.43
       1.722     0.925000      3048750        13.33
       1.766     0.937500      3090153        16.00
       1.790     0.943750      3110360        17.78
       1.817     0.950000      3131189        20.00
       1.846     0.956250      3151195        22.86
       1.879     0.962500      3172001        26.67
       1.917     0.968750      3192650        32.00
       1.938     0.971875      3202723        35.56
       1.961     0.975000      3213034        40.00
       1.986     0.978125      3223168        45.71
       2.015     0.981250      3233548        53.33
       2.049     0.984375      3244134        64.00
       2.067     0.985938      3249071        71.11
       2.089     0.987500      3254466        80.00
       2.111     0.989062      3259318        91.43
       2.137     0.990625      3264486       106.67
       2.167     0.992188      3269584       128.00
       2.185     0.992969      3272114       142.22
       2.205     0.993750      3274806       160.00
       2.227     0.994531      3277302       182.86
       2.253     0.995313      3279854       213.33
       2.285     0.996094      3282499       256.00
       2.303     0.996484      3283739       284.44
       2.323     0.996875      3284979       320.00
       2.349     0.997266      3286307       365.71
       2.377     0.997656      3287522       426.67
       2.415     0.998047      3288824       512.00
       2.437     0.998242      3289450       568.89
       2.461     0.998437      3290114       640.00
       2.493     0.998633      3290734       731.43
       2.531     0.998828      3291382       853.33
       2.583     0.999023      3292018      1024.00
       2.619     0.999121      3292329      1137.78
       2.665     0.999219      3292662      1280.00
       2.729     0.999316      3292974      1462.86
       2.823     0.999414      3293295      1706.67
       2.983     0.999512      3293617      2048.00
       3.105     0.999561      3293780      2275.56
       3.245     0.999609      3293938      2560.00
       3.547     0.999658      3294099      2925.71
       5.903     0.999707      3294260      3413.33
      10.127     0.999756      3294421      4096.00
      12.335     0.999780      3294502      4551.11
      14.223     0.999805      3294582      5120.00
      16.223     0.999829      3294663      5851.43
      18.047     0.999854      3294743      6826.67
      20.079     0.999878      3294823      8192.00
      20.655     0.999890      3294865      9102.22
      21.391     0.999902      3294904     10240.00
      22.319     0.999915      3294944     11702.86
      23.071     0.999927      3294984     13653.33
      23.615     0.999939      3295024     16384.00
      23.855     0.999945      3295045     18204.44
      24.271     0.999951      3295065     20480.00
      24.543     0.999957      3295085     23405.71
      25.023     0.999963      3295105     27306.67
      25.471     0.999969      3295126     32768.00
      25.663     0.999973      3295135     36408.89
      25.919     0.999976      3295145     40960.00
      26.095     0.999979      3295157     46811.43
      26.239     0.999982      3295166     54613.33
      26.319     0.999985      3295175     65536.00
      26.447     0.999986      3295180     72817.78
      26.607     0.999988      3295185     81920.00
      26.799     0.999989      3295191     93622.86
      26.911     0.999991      3295196    109226.67
      27.087     0.999992      3295201    131072.00
      27.167     0.999993      3295203    145635.56
      27.215     0.999994      3295205    163840.00
      27.359     0.999995      3295209    187245.71
      27.391     0.999995      3295210    218453.33
      27.583     0.999996      3295213    262144.00
      27.631     0.999997      3295214    291271.11
      27.679     0.999997      3295215    327680.00
      27.935     0.999997      3295217    374491.43
      28.335     0.999998      3295218    436906.67
      28.383     0.999998      3295219    524288.00
      28.927     0.999998      3295220    582542.22
      28.927     0.999998      3295220    655360.00
      29.039     0.999999      3295221    748982.86
      29.279     0.999999      3295222    873813.33
      29.279     0.999999      3295222   1048576.00
      29.679     0.999999      3295223   1165084.44
      29.679     0.999999      3295223   1310720.00
      29.679     0.999999      3295223   1497965.71
      29.743     0.999999      3295224   1747626.67
      29.743     1.000000      3295224   2097152.00
      29.743     1.000000      3295224   2330168.89
      29.743     1.000000      3295224   2621440.00
      29.743     1.000000      3295224   2995931.43
      30.191     1.000000      3295225   3495253.33
      30.191     1.000000      3295225          inf
#[Mean    =        1.017, StdDeviation   =        0.563]
#[Max     =       30.176, Total count    =      3295225]
#[Buckets =           27, SubBuckets     =         2048]
----------------------------------------------------------
  3583895 requests in 2.00m, 427.23MB read
Requests/sec:  29865.14
Transfer/sec:      3.56MB
