Running 2m test @ http://localhost:9001/api/v1/users
  4 threads and 128 connections
  Thread calibration: mean lat.: 4.095ms, rate sampling interval: 11ms
  Thread calibration: mean lat.: 4.134ms, rate sampling interval: 11ms
  Thread calibration: mean lat.: 4.158ms, rate sampling interval: 12ms
  Thread calibration: mean lat.: 4.131ms, rate sampling interval: 11ms
  Thread Stats   Avg      Stdev     Max   +/- Stdev
    Latency     3.65ms    1.38ms  31.17ms   81.98%
    Req/Sec     0.89k   108.74     1.70k    61.65%
  Latency Distribution (HdrHistogram - Recorded Latency)
 50.000%    3.39ms
 75.000%    4.15ms
 90.000%    5.09ms
 99.000%    8.50ms
 99.900%   15.30ms
 99.990%   24.17ms
 99.999%   30.78ms
100.000%   31.18ms

  Detailed Percentile spectrum:
       Value   Percentile   TotalCount 1/(1-Percentile)

       1.100     0.000000            1         1.00
       2.383     0.100000        37422         1.11
       2.695     0.200000        74749         1.25
       2.937     0.300000       112354         1.43
       3.159     0.400000       149399         1.67
       3.391     0.500000       186781         2.00
       3.515     0.550000       205471         2.22
       3.651     0.600000       224320         2.50
       3.799     0.650000       242874         2.86
       3.961     0.700000       261433         3.33
       4.151     0.750000       280352         4.00
       4.255     0.775000       289615         4.44
       4.371     0.800000       298895         5.00
       4.507     0.825000       308226         5.71
       4.667     0.850000       317590         6.67
       4.855     0.875000       326929         8.00
       4.967     0.887500       331583         8.89
       5.091     0.900000       336195        10.00
       5.235     0.912500       340802        11.43
       5.411     0.925000       345477        13.33
       5.631     0.937500       350162        16.00
       5.759     0.943750       352496        17.78
       5.911     0.950000       354825        20.00
       6.087     0.956250       357162        22.86
       6.291     0.962500       359457        26.67
       6.555     0.968750       361828        32.00
       6.707     0.971875       362964        35.56
       6.883     0.975000       364119        40.00
       7.099     0.978125       365298        45.71
       7.355     0.981250       366458        53.33
       7.667     0.984375       367620        64.00
       7.859     0.985938       368212        71.11
       8.083     0.987500       368792        80.00
       8.327     0.989062       369385        91.43
       8.647     0.990625       369968       106.67
       9.039     0.992188       370548       128.00
       9.263     0.992969       370832       142.22
       9.559     0.993750       371127       160.00
       9.863     0.994531       371414       182.86
      10.263     0.995313       371709       213.33
      10.767     0.996094       371998       256.00
      11.079     0.996484       372148       284.44
      11.375     0.996875       372289       320.00
      11.791     0.997266       372437       365.71
      12.271     0.997656       372580       426.67
      12.879     0.998047       372728       512.00
      13.127     0.998242       372800       568.89
      13.599     0.998437       372872       640.00
      14.183     0.998633       372949       731.43
      14.671     0.998828       373019       853.33
      15.391     0.999023       373091      1024.00
      15.951     0.999121       373129      1137.78
      16.575     0.999219       373164      1280.00
      17.151     0.999316       373201      1462.86
      17.711     0.999414       373238      1706.67
      18.223     0.999512       373275      2048.00
      18.527     0.999561       373291      2275.56
      18.911     0.999609       373311      2560.00
      19.311     0.999658       373329      2925.71
      19.903     0.999707       373348      3413.33
      20.447     0.999756       373364      4096.00
      20.751     0.999780       373373      4551.11
      21.263     0.999805       373383      5120.00
      21.743     0.999829       373392      5851.43
      22.431     0.999854       373402      6826.67
      23.295     0.999878       373410      8192.00
      23.887     0.999890       373414      9102.22
      24.287     0.999902       373419     10240.00
      25.327     0.999915       373424     11702.86
      25.903     0.999927       373428     13653.33
      26.575     0.999939       373433     16384.00
      26.783     0.999945       373435     18204.44
      26.943     0.999951       373437     20480.00
      28.159     0.999957       373440     23405.71
      28.239     0.999963       373442     27306.67
      28.447     0.999969       373444     32768.00
      28.719     0.999973       373445     36408.89
      29.135     0.999976       373446     40960.00
      29.407     0.999979       373448     46811.43
      30.367     0.999982       373449     54613.33
      30.703     0.999985       373450     65536.00
      30.703     0.999986       373450     72817.78
      30.783     0.999988       373451     81920.00
      30.895     0.999989       373452     93622.86
      30.895     0.999991       373452    109226.67
      30.927     0.999992       373453    131072.00
      30.927     0.999993       373453    145635.56
      30.927     0.999994       373453    163840.00
      31.135     0.999995       373454    187245.71
      31.135     0.999995       373454    218453.33
      31.135     0.999996       373454    262144.00
      31.135     0.999997       373454    291271.11
      31.135     0.999997       373454    327680.00
      31.183     0.999997       373455    374491.43
      31.183     1.000000       373455          inf
#[Mean    =        3.648, StdDeviation   =        1.378]
#[Max     =       31.168, Total count    =       373455]
#[Buckets =           27, SubBuckets     =         2048]
----------------------------------------------------------
  407791 requests in 2.00m, 3.57GB read
Requests/sec:   3398.23
Transfer/sec:     30.49MB
