Running 2m test @ http://localhost:9003/api/v1/user?id=1
  4 threads and 128 connections
  Thread calibration: mean lat.: 1.332ms, rate sampling interval: 10ms
  Thread calibration: mean lat.: 1.334ms, rate sampling interval: 10ms
  Thread calibration: mean lat.: 1.676ms, rate sampling interval: 10ms
  Thread calibration: mean lat.: 1.676ms, rate sampling interval: 10ms
  Thread Stats   Avg      Stdev     Max   +/- Stdev
    Latency     1.51ms    0.88ms  19.44ms   82.69%
    Req/Sec     7.90k     1.05k   18.11k    76.10%
  Latency Distribution (HdrHistogram - Recorded Latency)
 50.000%    1.46ms
 75.000%    1.90ms
 90.000%    2.28ms
 99.000%    3.54ms
 99.900%   10.65ms
 99.990%   13.63ms
 99.999%   16.96ms
100.000%   19.45ms

  Detailed Percentile spectrum:
       Value   Percentile   TotalCount 1/(1-Percentile)

       0.126     0.000000            2         1.00
       0.629     0.100000       330714         1.11
       0.865     0.200000       659665         1.25
       1.076     0.300000       988850         1.43
       1.271     0.400000      1318548         1.67
       1.456     0.500000      1648993         2.00
       1.544     0.550000      1813311         2.22
       1.630     0.600000      1978234         2.50
       1.716     0.650000      2143034         2.86
       1.805     0.700000      2306697         3.33
       1.902     0.750000      2472447         4.00
       1.953     0.775000      2553971         4.44
       2.008     0.800000      2636270         5.00
       2.067     0.825000      2718966         5.71
       2.131     0.850000      2800963         6.67
       2.203     0.875000      2885264         8.00
       2.241     0.887500      2925784         8.89
       2.283     0.900000      2966740        10.00
       2.329     0.912500      3007372        11.43
       2.381     0.925000      3048630        13.33
       2.441     0.937500      3089495        16.00
       2.477     0.943750      3110908        17.78
       2.515     0.950000      3130939        20.00
       2.559     0.956250      3151143        22.86
       2.613     0.962500      3172300        26.67
       2.677     0.968750      3192738        32.00
       2.715     0.971875      3202961        35.56
       2.757     0.975000      3212855        40.00
       2.811     0.978125      3223287        45.71
       2.877     0.981250      3233504        53.33
       2.969     0.984375      3243721        64.00
       3.033     0.985938      3248870        71.11
       3.129     0.987500      3254043        80.00
       3.301     0.989062      3259150        91.43
       3.871     0.990625      3264308       106.67
       5.031     0.992188      3269447       128.00
       5.643     0.992969      3272031       142.22
       6.283     0.993750      3274600       160.00
       6.847     0.994531      3277186       182.86
       7.367     0.995313      3279753       213.33
       7.895     0.996094      3282322       256.00
       8.155     0.996484      3283605       284.44
       8.447     0.996875      3284892       320.00
       8.751     0.997266      3286193       365.71
       9.119     0.997656      3287466       426.67
       9.495     0.998047      3288764       512.00
       9.703     0.998242      3289409       568.89
       9.927     0.998437      3290055       640.00
      10.167     0.998633      3290706       731.43
      10.415     0.998828      3291337       853.33
      10.695     0.999023      3291987      1024.00
      10.855     0.999121      3292297      1137.78
      11.031     0.999219      3292625      1280.00
      11.207     0.999316      3292943      1462.86
      11.423     0.999414      3293263      1706.67
      11.663     0.999512      3293581      2048.00
      11.791     0.999561      3293742      2275.56
      11.935     0.999609      3293906      2560.00
      12.079     0.999658      3294071      2925.71
      12.255     0.999707      3294229      3413.33
      12.463     0.999756      3294387      4096.00
      12.591     0.999780      3294467      4551.11
      12.743     0.999805      3294549      5120.00
      12.927     0.999829      3294627      5851.43
      13.103     0.999854      3294707      6826.67
      13.375     0.999878      3294786      8192.00
      13.535     0.999890      3294827      9102.22
      13.663     0.999902      3294868     10240.00
      13.863     0.999915      3294908     11702.86
      14.087     0.999927      3294947     13653.33
      14.351     0.999939      3294991     16384.00
      14.503     0.999945      3295007     18204.44
      14.727     0.999951      3295028     20480.00
      14.975     0.999957      3295049     23405.71
      15.127     0.999963      3295068     27306.67
      15.447     0.999969      3295088     32768.00
      15.639     0.999973      3295099     36408.89
      15.743     0.999976      3295108     40960.00
      15.935     0.999979      3295118     46811.43
      16.127     0.999982      3295131     54613.33
      16.511     0.999985      3295138     65536.00
      16.607     0.999986      3295143     72817.78
      16.767     0.999988      3295148     81920.00
      16.863     0.999989      3295153     93622.86
      17.055     0.999991      3295160    109226.67
      17.247     0.999992      3295163    131072.00
      17.503     0.999993      3295166    145635.56
      17.599     0.999994      3295168    163840.00
      17.983     0.999995      3295171    187245.71
      18.079     0.999995      3295173    218453.33
      18.255     0.999996      3295176    262144.00
      18.319     0.999997      3295177    291271.11
      18.335     0.999997      3295178    327680.00
      18.703     0.999997      3295181    374491.43
      18.703     0.999998      3295181    436906.67
      18.847     0.999998      3295182    524288.00
      18.911     0.999998      3295183    582542.22
      18.911     0.999998      3295183    655360.00
      19.023     0.999999      3295184    748982.86
      19.055     0.999999      3295185    873813.33
      19.055     0.999999      3295185   1048576.00
      19.151     0.999999      3295186   1165084.44
      19.151     0.999999      3295186   1310720.00
      19.151     0.999999      3295186   1497965.71
      19.455     0.999999      3295188   1747626.67
      19.455     1.000000      3295188          inf
#[Mean    =        1.506, StdDeviation   =        0.878]
#[Max     =       19.440, Total count    =      3295188]
#[Buckets =           27, SubBuckets     =         2048]
----------------------------------------------------------
  3583846 requests in 2.00m, 393.05MB read
Requests/sec:  29865.39
Transfer/sec:      3.28MB
