Running 2m test @ http://localhost:9000/api/v1/users
  4 threads and 128 connections
  Thread calibration: mean lat.: 2.562ms, rate sampling interval: 10ms
  Thread calibration: mean lat.: 2.578ms, rate sampling interval: 10ms
  Thread calibration: mean lat.: 2.579ms, rate sampling interval: 10ms
  Thread calibration: mean lat.: 2.573ms, rate sampling interval: 10ms
  Thread Stats   Avg      Stdev     Max   +/- Stdev
    Latency     2.57ms    2.38ms  76.10ms   96.43%
    Req/Sec     2.64k   242.43     4.11k    73.85%
  Latency Distribution (HdrHistogram - Recorded Latency)
 50.000%    2.20ms
 75.000%    2.66ms
 90.000%    3.30ms
 99.000%   11.41ms
 99.900%   36.54ms
 99.990%   54.59ms
 99.999%   69.63ms
100.000%   76.16ms

  Detailed Percentile spectrum:
       Value   Percentile   TotalCount 1/(1-Percentile)

       0.698     0.000000            1         1.00
       1.528     0.100000       110088         1.11
       1.735     0.200000       220066         1.25
       1.899     0.300000       329844         1.43
       2.049     0.400000       439724         1.67
       2.197     0.500000       549377         2.00
       2.275     0.550000       604322         2.22
       2.357     0.600000       659488         2.50
       2.445     0.650000       714112         2.86
       2.543     0.700000       769053         3.33
       2.657     0.750000       824235         4.00
       2.723     0.775000       851865         4.44
       2.795     0.800000       879053         5.00
       2.881     0.825000       906641         5.71
       2.983     0.850000       933733         6.67
       3.115     0.875000       961385         8.00
       3.197     0.887500       974977         8.89
       3.297     0.900000       988571        10.00
       3.425     0.912500      1002398        11.43
       3.595     0.925000      1016140        13.33
       3.829     0.937500      1029770        16.00
       3.987     0.943750      1036627        17.78
       4.195     0.950000      1043560        20.00
       4.463     0.956250      1050413        22.86
       4.827     0.962500      1057252        26.67
       5.335     0.968750      1064077        32.00
       5.687     0.971875      1067524        35.56
       6.135     0.975000      1070953        40.00
       6.699     0.978125      1074370        45.71
       7.455     0.981250      1077806        53.33
       8.455     0.984375      1081247        64.00
       9.071     0.985938      1082962        71.11
       9.831     0.987500      1084666        80.00
      10.743     0.989062      1086380        91.43
      11.919     0.990625      1088098       106.67
      13.423     0.992188      1089815       128.00
      14.279     0.992969      1090673       142.22
      15.311     0.993750      1091529       160.00
      16.591     0.994531      1092393       182.86
      18.159     0.995313      1093250       213.33
      20.383     0.996094      1094108       256.00
      21.791     0.996484      1094532       284.44
      23.343     0.996875      1094964       320.00
      25.087     0.997266      1095392       365.71
      26.847     0.997656      1095821       426.67
      29.007     0.998047      1096249       512.00
      30.335     0.998242      1096466       568.89
      31.583     0.998437      1096678       640.00
      33.023     0.998633      1096894       731.43
      34.623     0.998828      1097109       853.33
      36.767     0.999023      1097322      1024.00
      37.823     0.999121      1097429      1137.78
      39.103     0.999219      1097535      1280.00
      40.575     0.999316      1097643      1462.86
      42.015     0.999414      1097752      1706.67
      43.583     0.999512      1097861      2048.00
      44.415     0.999561      1097911      2275.56
      45.119     0.999609      1097965      2560.00
      46.207     0.999658      1098018      2925.71
      47.263     0.999707      1098073      3413.33
      48.639     0.999756      1098125      4096.00
      49.439     0.999780      1098152      4551.11
      49.951     0.999805      1098179      5120.00
      50.911     0.999829      1098206      5851.43
      51.903     0.999854      1098233      6826.67
      53.375     0.999878      1098259      8192.00
      54.367     0.999890      1098274      9102.22
      54.783     0.999902      1098286     10240.00
      55.551     0.999915      1098301     11702.86
      56.415     0.999927      1098313     13653.33
      57.343     0.999939      1098326     16384.00
      57.983     0.999945      1098333     18204.44
      59.071     0.999951      1098340     20480.00
      59.871     0.999957      1098347     23405.71
      61.183     0.999963      1098353     27306.67
      63.455     0.999969      1098360     32768.00
      63.903     0.999973      1098363     36408.89
      65.183     0.999976      1098367     40960.00
      66.175     0.999979      1098370     46811.43
      67.263     0.999982      1098373     54613.33
      68.223     0.999985      1098377     65536.00
      68.671     0.999986      1098379     72817.78
      69.183     0.999988      1098380     81920.00
      69.631     0.999989      1098382     93622.86
      71.039     0.999991      1098383    109226.67
      71.999     0.999992      1098385    131072.00
      72.319     0.999993      1098386    145635.56
      72.895     0.999994      1098387    163840.00
      73.087     0.999995      1098388    187245.71
      73.087     0.999995      1098388    218453.33
      73.151     0.999996      1098389    262144.00
      73.279     0.999997      1098390    291271.11
      73.279     0.999997      1098390    327680.00
      74.815     0.999997      1098391    374491.43
      74.815     0.999998      1098391    436906.67
      74.815     0.999998      1098391    524288.00
      75.199     0.999998      1098392    582542.22
      75.199     0.999998      1098392    655360.00
      75.199     0.999999      1098392    748982.86
      75.199     0.999999      1098392    873813.33
      75.199     0.999999      1098392   1048576.00
      76.159     0.999999      1098393   1165084.44
      76.159     1.000000      1098393          inf
#[Mean    =        2.570, StdDeviation   =        2.382]
#[Max     =       76.096, Total count    =      1098393]
#[Buckets =           27, SubBuckets     =         2048]
----------------------------------------------------------
  1199265 requests in 2.00m, 10.28GB read
Requests/sec:   9993.86
Transfer/sec:     87.70MB
