Running 2m test @ http://localhost:9003/api/v1/users
  4 threads and 128 connections
  Thread calibration: mean lat.: 1.348ms, rate sampling interval: 10ms
  Thread calibration: mean lat.: 1.316ms, rate sampling interval: 10ms
  Thread calibration: mean lat.: 1.357ms, rate sampling interval: 10ms
  Thread calibration: mean lat.: 1.357ms, rate sampling interval: 10ms
  Thread Stats   Avg      Stdev     Max   +/- Stdev
    Latency     1.35ms  606.16us  24.42ms   81.35%
    Req/Sec   526.84    109.66     1.89k    59.98%
  Latency Distribution (HdrHistogram - Recorded Latency)
 50.000%    1.31ms
 75.000%    1.63ms
 90.000%    1.96ms
 99.000%    2.41ms
 99.900%    7.01ms
 99.990%   19.77ms
 99.999%   23.60ms
100.000%   24.43ms

  Detailed Percentile spectrum:
       Value   Percentile   TotalCount 1/(1-Percentile)

       0.514     0.000000            1         1.00
       0.770     0.100000        22067         1.11
       0.916     0.200000        44080         1.25
       1.051     0.300000        65958         1.43
       1.184     0.400000        87972         1.67
       1.313     0.500000       109932         2.00
       1.376     0.550000       120856         2.22
       1.438     0.600000       131866         2.50
       1.501     0.650000       142849         2.86
       1.563     0.700000       153917         3.33
       1.631     0.750000       164787         4.00
       1.672     0.775000       170292         4.44
       1.717     0.800000       175846         5.00
       1.768     0.825000       181240         5.71
       1.827     0.850000       186765         6.67
       1.892     0.875000       192229         8.00
       1.928     0.887500       195027         8.89
       1.963     0.900000       197712        10.00
       2.003     0.912500       200455        11.43
       2.044     0.925000       203229        13.33
       2.087     0.937500       205949        16.00
       2.109     0.943750       207324        17.78
       2.133     0.950000       208723        20.00
       2.157     0.956250       210119        22.86
       2.183     0.962500       211471        26.67
       2.217     0.968750       212878        32.00
       2.235     0.971875       213498        35.56
       2.259     0.975000       214244        40.00
       2.279     0.978125       214871        45.71
       2.307     0.981250       215592        53.33
       2.335     0.984375       216264        64.00
       2.353     0.985938       216596        71.11
       2.373     0.987500       216952        80.00
       2.393     0.989062       217293        91.43
       2.415     0.990625       217614       106.67
       2.443     0.992188       217966       128.00
       2.459     0.992969       218134       142.22
       2.477     0.993750       218319       160.00
       2.495     0.994531       218484       182.86
       2.517     0.995313       218650       213.33
       2.549     0.996094       218818       256.00
       2.567     0.996484       218903       284.44
       2.593     0.996875       218990       320.00
       2.625     0.997266       219074       365.71
       2.677     0.997656       219159       426.67
       2.901     0.998047       219244       512.00
       3.247     0.998242       219287       568.89
       3.581     0.998437       219330       640.00
       3.987     0.998633       219373       731.43
       5.055     0.998828       219416       853.33
       7.327     0.999023       219459      1024.00
       8.091     0.999121       219480      1137.78
       9.223     0.999219       219502      1280.00
      10.487     0.999316       219523      1462.86
      11.527     0.999414       219545      1706.67
      13.055     0.999512       219566      2048.00
      13.743     0.999561       219577      2275.56
      14.359     0.999609       219588      2560.00
      14.895     0.999658       219598      2925.71
      15.471     0.999707       219609      3413.33
      16.719     0.999756       219620      4096.00
      17.583     0.999780       219626      4551.11
      18.015     0.999805       219631      5120.00
      18.447     0.999829       219636      5851.43
      18.751     0.999854       219641      6826.67
      19.375     0.999878       219647      8192.00
      19.503     0.999890       219649      9102.22
      19.807     0.999902       219652     10240.00
      20.191     0.999915       219655     11702.86
      20.623     0.999927       219657     13653.33
      21.583     0.999939       219660     16384.00
      21.823     0.999945       219661     18204.44
      22.207     0.999951       219663     20480.00
      22.271     0.999957       219664     23405.71
      22.351     0.999963       219665     27306.67
      22.799     0.999969       219668     32768.00
      22.799     0.999973       219668     36408.89
      22.799     0.999976       219668     40960.00
      23.343     0.999979       219669     46811.43
      23.343     0.999982       219669     54613.33
      23.439     0.999985       219670     65536.00
      23.439     0.999986       219670     72817.78
      23.599     0.999988       219671     81920.00
      23.599     0.999989       219671     93622.86
      23.599     0.999991       219671    109226.67
      24.223     0.999992       219672    131072.00
      24.223     0.999993       219672    145635.56
      24.223     0.999994       219672    163840.00
      24.223     0.999995       219672    187245.71
      24.223     0.999995       219672    218453.33
      24.431     0.999996       219673    262144.00
      24.431     1.000000       219673          inf
#[Mean    =        1.350, StdDeviation   =        0.606]
#[Max     =       24.416, Total count    =       219673]
#[Buckets =           27, SubBuckets     =         2048]
----------------------------------------------------------
  239904 requests in 2.00m, 2.06GB read
Requests/sec:   1999.16
Transfer/sec:     17.57MB
