Running 2m test @ http://localhost:9000/api/v1/user?id=1
  4 threads and 128 connections
  Thread calibration: mean lat.: 0.860ms, rate sampling interval: 10ms
  Thread calibration: mean lat.: 0.855ms, rate sampling interval: 10ms
  Thread calibration: mean lat.: 0.862ms, rate sampling interval: 10ms
  Thread calibration: mean lat.: 0.850ms, rate sampling interval: 10ms
  Thread Stats   Avg      Stdev     Max   +/- Stdev
    Latency     0.86ms  440.48us   5.06ms   65.60%
    Req/Sec     2.62k   178.06     3.44k    68.68%
  Latency Distribution (HdrHistogram - Recorded Latency)
 50.000%    0.86ms
 75.000%    1.15ms
 90.000%    1.47ms
 99.000%    1.88ms
 99.900%    2.04ms
 99.990%    2.50ms
 99.999%    4.02ms
100.000%    5.06ms

  Detailed Percentile spectrum:
       Value   Percentile   TotalCount 1/(1-Percentile)

       0.069     0.000000            2         1.00
       0.263     0.100000       109968         1.11
       0.422     0.200000       219878         1.25
       0.584     0.300000       329520         1.43
       0.731     0.400000       439504         1.67
       0.857     0.500000       549838         2.00
       0.915     0.550000       604371         2.22
       0.975     0.600000       659272         2.50
       1.033     0.650000       714599         2.86
       1.092     0.700000       769743         3.33
       1.152     0.750000       824557         4.00
       1.182     0.775000       851876         4.44
       1.212     0.800000       879514         5.00
       1.243     0.825000       906623         5.71
       1.293     0.850000       933863         6.67
       1.375     0.875000       961241         8.00
       1.420     0.887500       974838         8.89
       1.466     0.900000       988835        10.00
       1.512     0.912500      1002386        11.43
       1.565     0.925000      1016179        13.33
       1.617     0.937500      1029876        16.00
       1.641     0.943750      1036804        17.78
       1.665     0.950000      1043477        20.00
       1.693     0.956250      1050517        22.86
       1.719     0.962500      1057318        26.67
       1.749     0.968750      1064317        32.00
       1.764     0.971875      1067567        35.56
       1.781     0.975000      1071017        40.00
       1.798     0.978125      1074369        45.71
       1.816     0.981250      1077822        53.33
       1.836     0.984375      1081368        64.00
       1.847     0.985938      1083055        71.11
       1.859     0.987500      1084741        80.00
       1.872     0.989062      1086437        91.43
       1.886     0.990625      1088127       106.67
       1.902     0.992188      1089890       128.00
       1.910     0.992969      1090724       142.22
       1.919     0.993750      1091590       160.00
       1.929     0.994531      1092423       182.86
       1.941     0.995313      1093296       213.33
       1.954     0.996094      1094106       256.00
       1.962     0.996484      1094587       284.44
       1.970     0.996875      1094993       320.00
       1.979     0.997266      1095409       365.71
       1.989     0.997656      1095837       426.67
       2.002     0.998047      1096260       512.00
       2.008     0.998242      1096479       568.89
       2.015     0.998437      1096699       640.00
       2.022     0.998633      1096908       731.43
       2.031     0.998828      1097121       853.33
       2.042     0.999023      1097332      1024.00
       2.049     0.999121      1097446      1137.78
       2.057     0.999219      1097549      1280.00
       2.065     0.999316      1097645      1462.86
       2.077     0.999414      1097771      1706.67
       2.089     0.999512      1097859      2048.00
       2.099     0.999561      1097919      2275.56
       2.107     0.999609      1097969      2560.00
       2.117     0.999658      1098020      2925.71
       2.131     0.999707      1098074      3413.33
       2.149     0.999756      1098128      4096.00
       2.163     0.999780      1098154      4551.11
       2.183     0.999805      1098181      5120.00
       2.225     0.999829      1098208      5851.43
       2.275     0.999854      1098236      6826.67
       2.383     0.999878      1098262      8192.00
       2.443     0.999890      1098276      9102.22
       2.545     0.999902      1098288     10240.00
       2.653     0.999915      1098302     11702.86
       2.785     0.999927      1098316     13653.33
       2.889     0.999939      1098328     16384.00
       2.983     0.999945      1098335     18204.44
       3.029     0.999951      1098342     20480.00
       3.087     0.999957      1098349     23405.71
       3.189     0.999963      1098355     27306.67
       3.317     0.999969      1098362     32768.00
       3.393     0.999973      1098365     36408.89
       3.461     0.999976      1098369     40960.00
       3.471     0.999979      1098372     46811.43
       3.675     0.999982      1098375     54613.33
       3.833     0.999985      1098379     65536.00
       3.839     0.999986      1098380     72817.78
       3.983     0.999988      1098382     81920.00
       4.019     0.999989      1098384     93622.86
       4.051     0.999991      1098385    109226.67
       4.203     0.999992      1098387    131072.00
       4.207     0.999993      1098388    145635.56
       4.267     0.999994      1098389    163840.00
       4.299     0.999995      1098390    187245.71
       4.299     0.999995      1098390    218453.33
       4.579     0.999996      1098391    262144.00
       4.591     0.999997      1098392    291271.11
       4.591     0.999997      1098392    327680.00
       4.663     0.999997      1098393    374491.43
       4.663     0.999998      1098393    436906.67
       4.663     0.999998      1098393    524288.00
       4.871     0.999998      1098394    582542.22
       4.871     0.999998      1098394    655360.00
       4.871     0.999999      1098394    748982.86
       4.871     0.999999      1098394    873813.33
       4.871     0.999999      1098394   1048576.00
       5.063     0.999999      1098395   1165084.44
       5.063     1.000000      1098395          inf
#[Mean    =        0.858, StdDeviation   =        0.440]
#[Max     =        5.060, Total count    =      1098395]
#[Buckets =           27, SubBuckets     =         2048]
----------------------------------------------------------
  1199277 requests in 2.00m, 142.96MB read
Requests/sec:   9993.92
Transfer/sec:      1.19MB
