Running 2m test @ http://localhost:9002/api/v1/user?id=1
  4 threads and 128 connections
  Thread calibration: mean lat.: 0.871ms, rate sampling interval: 10ms
  Thread calibration: mean lat.: 0.873ms, rate sampling interval: 10ms
  Thread calibration: mean lat.: 0.895ms, rate sampling interval: 10ms
  Thread calibration: mean lat.: 0.864ms, rate sampling interval: 10ms
  Thread Stats   Avg      Stdev     Max   +/- Stdev
    Latency     0.88ms  427.26us  12.20ms   66.89%
    Req/Sec     1.33k   124.00     2.78k    69.43%
  Latency Distribution (HdrHistogram - Recorded Latency)
 50.000%    0.87ms
 75.000%    1.17ms
 90.000%    1.39ms
 99.000%    1.88ms
 99.900%    2.19ms
 99.990%    6.74ms
 99.999%   11.14ms
100.000%   12.21ms

  Detailed Percentile spectrum:
       Value   Percentile   TotalCount 1/(1-Percentile)

       0.118     0.000000            1         1.00
       0.331     0.100000        54992         1.11
       0.474     0.200000       110228         1.25
       0.609     0.300000       164764         1.43
       0.736     0.400000       219965         1.67
       0.865     0.500000       274614         2.00
       0.929     0.550000       302191         2.22
       0.992     0.600000       329821         2.50
       1.055     0.650000       357403         2.86
       1.116     0.700000       384526         3.33
       1.174     0.750000       411946         4.00
       1.203     0.775000       425900         4.44
       1.234     0.800000       439631         5.00
       1.268     0.825000       453136         5.71
       1.304     0.850000       466957         6.67
       1.343     0.875000       480870         8.00
       1.363     0.887500       487634         8.89
       1.386     0.900000       494334        10.00
       1.416     0.912500       501324        11.43
       1.456     0.925000       508038        13.33
       1.509     0.937500       514918        16.00
       1.541     0.943750       518388        17.78
       1.577     0.950000       521801        20.00
       1.613     0.956250       525213        22.86
       1.651     0.962500       528618        26.67
       1.691     0.968750       532087        32.00
       1.713     0.971875       533836        35.56
       1.736     0.975000       535528        40.00
       1.761     0.978125       537229        45.71
       1.790     0.981250       538958        53.33
       1.820     0.984375       540620        64.00
       1.836     0.985938       541482        71.11
       1.854     0.987500       542381        80.00
       1.871     0.989062       543203        91.43
       1.892     0.990625       544060       106.67
       1.915     0.992188       544923       128.00
       1.928     0.992969       545345       142.22
       1.942     0.993750       545796       160.00
       1.957     0.994531       546206       182.86
       1.974     0.995313       546637       213.33
       1.994     0.996094       547057       256.00
       2.008     0.996484       547288       284.44
       2.022     0.996875       547485       320.00
       2.038     0.997266       547699       365.71
       2.059     0.997656       547920       426.67
       2.079     0.998047       548132       512.00
       2.091     0.998242       548244       568.89
       2.105     0.998437       548348       640.00
       2.123     0.998633       548455       731.43
       2.143     0.998828       548565       853.33
       2.191     0.999023       548664      1024.00
       2.249     0.999121       548719      1137.78
       2.619     0.999219       548771      1280.00
       3.139     0.999316       548825      1462.86
       3.541     0.999414       548879      1706.67
       4.095     0.999512       548932      2048.00
       4.547     0.999561       548959      2275.56
       4.779     0.999609       548986      2560.00
       5.019     0.999658       549013      2925.71
       5.291     0.999707       549040      3413.33
       5.603     0.999756       549066      4096.00
       5.787     0.999780       549080      4551.11
       5.975     0.999805       549093      5120.00
       6.143     0.999829       549107      5851.43
       6.291     0.999854       549120      6826.67
       6.455     0.999878       549133      8192.00
       6.559     0.999890       549140      9102.22
       6.811     0.999902       549147     10240.00
       7.115     0.999915       549154     11702.86
       7.215     0.999927       549160     13653.33
       7.383     0.999939       549167     16384.00
       7.731     0.999945       549170     18204.44
       7.859     0.999951       549174     20480.00
       8.247     0.999957       549177     23405.71
       8.783     0.999963       549180     27306.67
      10.207     0.999969       549184     32768.00
      10.343     0.999973       549185     36408.89
      10.407     0.999976       549187     40960.00
      10.495     0.999979       549189     46811.43
      10.551     0.999982       549190     54613.33
      10.959     0.999985       549192     65536.00
      10.967     0.999986       549193     72817.78
      11.087     0.999988       549194     81920.00
      11.135     0.999989       549195     93622.86
      11.135     0.999991       549195    109226.67
      11.367     0.999992       549196    131072.00
      11.655     0.999993       549197    145635.56
      11.655     0.999994       549197    163840.00
      11.711     0.999995       549198    187245.71
      11.711     0.999995       549198    218453.33
      11.711     0.999996       549198    262144.00
      11.951     0.999997       549199    291271.11
      11.951     0.999997       549199    327680.00
      11.951     0.999997       549199    374491.43
      11.951     0.999998       549199    436906.67
      11.951     0.999998       549199    524288.00
      12.207     0.999998       549200    582542.22
      12.207     1.000000       549200          inf
#[Mean    =        0.877, StdDeviation   =        0.427]
#[Max     =       12.200, Total count    =       549200]
#[Buckets =           27, SubBuckets     =         2048]
----------------------------------------------------------
  599672 requests in 2.00m, 65.77MB read
Requests/sec:   4997.22
Transfer/sec:    561.21KB
