Running 2m test @ http://localhost:9002/api/v1/user?id=1
  4 threads and 128 connections
  Thread calibration: mean lat.: 1.268ms, rate sampling interval: 10ms
  Thread calibration: mean lat.: 1.261ms, rate sampling interval: 10ms
  Thread calibration: mean lat.: 1.269ms, rate sampling interval: 10ms
  Thread calibration: mean lat.: 1.261ms, rate sampling interval: 10ms
  Thread Stats   Avg      Stdev     Max   +/- Stdev
    Latency     1.28ms  685.06us  24.64ms   77.63%
    Req/Sec     6.60k   537.91    16.44k    83.54%
  Latency Distribution (HdrHistogram - Recorded Latency)
 50.000%    1.21ms
 75.000%    1.64ms
 90.000%    2.00ms
 99.000%    2.73ms
 99.900%    7.86ms
 99.990%   14.79ms
 99.999%   20.99ms
100.000%   24.66ms

  Detailed Percentile spectrum:
       Value   Percentile   TotalCount 1/(1-Percentile)

       0.129     0.000000            1         1.00
       0.569     0.100000       275851         1.11
       0.743     0.200000       550630         1.25
       0.897     0.300000       824601         1.43
       1.049     0.400000      1099929         1.67
       1.206     0.500000      1374272         2.00
       1.287     0.550000      1510524         2.22
       1.372     0.600000      1648853         2.50
       1.459     0.650000      1786301         2.86
       1.548     0.700000      1922503         3.33
       1.642     0.750000      2060042         4.00
       1.692     0.775000      2129389         4.44
       1.744     0.800000      2197658         5.00
       1.800     0.825000      2266539         5.71
       1.860     0.850000      2334746         6.67
       1.926     0.875000      2403124         8.00
       1.962     0.887500      2437337         8.89
       2.001     0.900000      2472134        10.00
       2.043     0.912500      2506079        11.43
       2.091     0.925000      2541123        13.33
       2.143     0.937500      2574662        16.00
       2.173     0.943750      2591952        17.78
       2.205     0.950000      2608850        20.00
       2.243     0.956250      2626648        22.86
       2.283     0.962500      2643223        26.67
       2.333     0.968750      2660425        32.00
       2.363     0.971875      2669168        35.56
       2.395     0.975000      2677555        40.00
       2.433     0.978125      2686070        45.71
       2.481     0.981250      2694765        53.33
       2.539     0.984375      2703188        64.00
       2.577     0.985938      2707599        71.11
       2.621     0.987500      2711781        80.00
       2.681     0.989062      2715971        91.43
       2.771     0.990625      2720292       106.67
       2.955     0.992188      2724543       128.00
       3.217     0.992969      2726692       142.22
       3.601     0.993750      2728841       160.00
       3.995     0.994531      2730984       182.86
       4.395     0.995313      2733139       213.33
       4.843     0.996094      2735275       256.00
       5.115     0.996484      2736352       284.44
       5.419     0.996875      2737418       320.00
       5.771     0.997266      2738496       365.71
       6.199     0.997656      2739570       426.67
       6.663     0.998047      2740641       512.00
       6.903     0.998242      2741173       568.89
       7.147     0.998437      2741719       640.00
       7.383     0.998633      2742247       731.43
       7.611     0.998828      2742785       853.33
       7.899     0.999023      2743317      1024.00
       8.035     0.999121      2743591      1137.78
       8.199     0.999219      2743857      1280.00
       8.375     0.999316      2744136      1462.86
       8.567     0.999414      2744394      1706.67
       8.799     0.999512      2744659      2048.00
       8.975     0.999561      2744798      2275.56
       9.159     0.999609      2744924      2560.00
       9.407     0.999658      2745058      2925.71
       9.847     0.999707      2745194      3413.33
      10.759     0.999756      2745327      4096.00
      11.423     0.999780      2745393      4551.11
      11.975     0.999805      2745460      5120.00
      12.415     0.999829      2745528      5851.43
      12.855     0.999854      2745594      6826.67
      13.703     0.999878      2745662      8192.00
      13.999     0.999890      2745695      9102.22
      14.951     0.999902      2745728     10240.00
      15.591     0.999915      2745762     11702.86
      16.287     0.999927      2745795     13653.33
      17.135     0.999939      2745830     16384.00
      17.791     0.999945      2745847     18204.44
      18.159     0.999951      2745862     20480.00
      18.575     0.999957      2745879     23405.71
      19.135     0.999963      2745896     27306.67
      19.759     0.999969      2745913     32768.00
      19.999     0.999973      2745921     36408.89
      20.207     0.999976      2745930     40960.00
      20.383     0.999979      2745938     46811.43
      20.543     0.999982      2745948     54613.33
      20.639     0.999985      2745955     65536.00
      20.719     0.999986      2745960     72817.78
      20.783     0.999988      2745964     81920.00
      20.847     0.999989      2745967     93622.86
      21.071     0.999991      2745971    109226.67
      21.231     0.999992      2745976    131072.00
      21.471     0.999993      2745979    145635.56
      21.487     0.999994      2745980    163840.00
      21.583     0.999995      2745982    187245.71
      21.615     0.999995      2745984    218453.33
      21.775     0.999996      2745986    262144.00
      21.903     0.999997      2745987    291271.11
      22.079     0.999997      2745988    327680.00
      22.559     0.999997      2745989    374491.43
      22.975     0.999998      2745990    436906.67
      23.199     0.999998      2745991    524288.00
      23.375     0.999998      2745992    582542.22
      23.375     0.999998      2745992    655360.00
      23.615     0.999999      2745993    748982.86
      23.615     0.999999      2745993    873813.33
      23.919     0.999999      2745994   1048576.00
      23.919     0.999999      2745994   1165084.44
      23.919     0.999999      2745994   1310720.00
      24.639     0.999999      2745995   1497965.71
      24.639     0.999999      2745995   1747626.67
      24.639     1.000000      2745995   2097152.00
      24.639     1.000000      2745995   2330168.89
      24.639     1.000000      2745995   2621440.00
      24.655     1.000000      2745996   2995931.43
      24.655     1.000000      2745996          inf
#[Mean    =        1.276, StdDeviation   =        0.685]
#[Max     =       24.640, Total count    =      2745996]
#[Buckets =           27, SubBuckets     =         2048]
----------------------------------------------------------
  2998092 requests in 2.00m, 328.81MB read
Requests/sec:  24983.91
Transfer/sec:      2.74MB
