Running 2m test @ http://localhost:9001/api/v1/users
  4 threads and 128 connections
  Thread calibration: mean lat.: 2.098ms, rate sampling interval: 10ms
  Thread calibration: mean lat.: 2.232ms, rate sampling interval: 10ms
  Thread calibration: mean lat.: 2.248ms, rate sampling interval: 10ms
  Thread calibration: mean lat.: 2.228ms, rate sampling interval: 10ms
  Thread Stats   Avg      Stdev     Max   +/- Stdev
    Latency     2.20ms  521.58us   9.83ms   69.76%
    Req/Sec   472.97     99.91     0.89k    74.72%
  Latency Distribution (HdrHistogram - Recorded Latency)
 50.000%    2.17ms
 75.000%    2.51ms
 90.000%    2.85ms
 99.000%    3.60ms
 99.900%    4.75ms
 99.990%    6.62ms
 99.999%    8.22ms
100.000%    9.84ms

  Detailed Percentile spectrum:
       Value   Percentile   TotalCount 1/(1-Percentile)

       0.973     0.000000            1         1.00
       1.553     0.100000        19815         1.11
       1.752     0.200000        39602         1.25
       1.906     0.300000        59408         1.43
       2.043     0.400000        79097         1.67
       2.171     0.500000        98949         2.00
       2.235     0.550000       108854         2.22
       2.299     0.600000       118762         2.50
       2.365     0.650000       128587         2.86
       2.437     0.700000       138609         3.33
       2.513     0.750000       148437         4.00
       2.557     0.775000       153429         4.44
       2.603     0.800000       158263         5.00
       2.655     0.825000       163310         5.71
       2.709     0.850000       168113         6.67
       2.775     0.875000       173137         8.00
       2.811     0.887500       175556         8.89
       2.851     0.900000       178044        10.00
       2.893     0.912500       180479        11.43
       2.945     0.925000       182957        13.33
       3.001     0.937500       185375        16.00
       3.033     0.943750       186629        17.78
       3.071     0.950000       187859        20.00
       3.109     0.956250       189086        22.86
       3.157     0.962500       190328        26.67
       3.213     0.968750       191559        32.00
       3.245     0.971875       192168        35.56
       3.277     0.975000       192776        40.00
       3.317     0.978125       193402        45.71
       3.365     0.981250       194009        53.33
       3.429     0.984375       194642        64.00
       3.465     0.985938       194947        71.11
       3.505     0.987500       195253        80.00
       3.557     0.989062       195555        91.43
       3.625     0.990625       195871       106.67
       3.705     0.992188       196172       128.00
       3.757     0.992969       196328       142.22
       3.819     0.993750       196486       160.00
       3.875     0.994531       196636       182.86
       3.951     0.995313       196790       213.33
       4.043     0.996094       196947       256.00
       4.093     0.996484       197021       284.44
       4.163     0.996875       197100       320.00
       4.247     0.997266       197183       365.71
       4.315     0.997656       197253       426.67
       4.415     0.998047       197330       512.00
       4.471     0.998242       197370       568.89
       4.531     0.998437       197411       640.00
       4.595     0.998633       197449       731.43
       4.687     0.998828       197485       853.33
       4.763     0.999023       197524      1024.00
       4.807     0.999121       197543      1137.78
       4.863     0.999219       197563      1280.00
       4.959     0.999316       197581      1462.86
       5.107     0.999414       197603      1706.67
       5.219     0.999512       197620      2048.00
       5.303     0.999561       197630      2275.56
       5.395     0.999609       197639      2560.00
       5.451     0.999658       197649      2925.71
       5.603     0.999707       197659      3413.33
       5.731     0.999756       197668      4096.00
       5.783     0.999780       197673      4551.11
       5.927     0.999805       197678      5120.00
       6.135     0.999829       197683      5851.43
       6.291     0.999854       197688      6826.67
       6.499     0.999878       197692      8192.00
       6.587     0.999890       197695      9102.22
       6.731     0.999902       197697     10240.00
       6.855     0.999915       197700     11702.86
       6.987     0.999927       197702     13653.33
       7.007     0.999939       197704     16384.00
       7.155     0.999945       197706     18204.44
       7.215     0.999951       197707     20480.00
       7.475     0.999957       197708     23405.71
       7.695     0.999963       197709     27306.67
       7.735     0.999969       197710     32768.00
       7.871     0.999973       197711     36408.89
       8.055     0.999976       197712     40960.00
       8.055     0.999979       197712     46811.43
       8.131     0.999982       197713     54613.33
       8.131     0.999985       197713     65536.00
       8.223     0.999986       197714     72817.78
       8.223     0.999988       197714     81920.00
       8.223     0.999989       197714     93622.86
       9.223     0.999991       197715    109226.67
       9.223     0.999992       197715    131072.00
       9.223     0.999993       197715    145635.56
       9.223     0.999994       197715    163840.00
       9.223     0.999995       197715    187245.71
       9.839     0.999995       197716    218453.33
       9.839     1.000000       197716          inf
#[Mean    =        2.197, StdDeviation   =        0.522]
#[Max     =        9.832, Total count    =       197716]
#[Buckets =           27, SubBuckets     =         2048]
----------------------------------------------------------
  215925 requests in 2.00m, 1.89GB read
Requests/sec:   1799.35
Transfer/sec:     16.15MB
