Running 2m test @ http://localhost:9002/api/v1/user?id=1
  4 threads and 128 connections
  Thread calibration: mean lat.: 1.084ms, rate sampling interval: 10ms
  Thread calibration: mean lat.: 1.089ms, rate sampling interval: 10ms
  Thread calibration: mean lat.: 1.089ms, rate sampling interval: 10ms
  Thread calibration: mean lat.: 1.085ms, rate sampling interval: 10ms
  Thread Stats   Avg      Stdev     Max   +/- Stdev
    Latency     1.09ms  666.64us  25.46ms   85.37%
    Req/Sec     5.25k   403.53    16.44k    82.30%
  Latency Distribution (HdrHistogram - Recorded Latency)
 50.000%    1.05ms
 75.000%    1.41ms
 90.000%    1.68ms
 99.000%    2.22ms
 99.900%    8.12ms
 99.990%   19.66ms
 99.999%   24.25ms
100.000%   25.47ms

  Detailed Percentile spectrum:
       Value   Percentile   TotalCount 1/(1-Percentile)

       0.140     0.000000            1         1.00
       0.469     0.100000       219738         1.11
       0.627     0.200000       440624         1.25
       0.771     0.300000       659447         1.43
       0.912     0.400000       880295         1.67
       1.049     0.500000      1099365         2.00
       1.118     0.550000      1209283         2.22
       1.189     0.600000      1319322         2.50
       1.262     0.650000      1428622         2.86
       1.337     0.700000      1537784         3.33
       1.414     0.750000      1648107         4.00
       1.453     0.775000      1703725         4.44
       1.492     0.800000      1758642         5.00
       1.532     0.825000      1812409         5.71
       1.576     0.850000      1867855         6.67
       1.624     0.875000      1923121         8.00
       1.650     0.887500      1950262         8.89
       1.679     0.900000      1977525        10.00
       1.712     0.912500      2005090        11.43
       1.750     0.925000      2032454        13.33
       1.794     0.937500      2059948        16.00
       1.818     0.943750      2073320        17.78
       1.845     0.950000      2087089        20.00
       1.876     0.956250      2101118        22.86
       1.910     0.962500      2114536        26.67
       1.950     0.968750      2128299        32.00
       1.973     0.971875      2135147        35.56
       1.999     0.975000      2142058        40.00
       2.028     0.978125      2148827        45.71
       2.063     0.981250      2155701        53.33
       2.105     0.984375      2162539        64.00
       2.131     0.985938      2166123        71.11
       2.161     0.987500      2169525        80.00
       2.195     0.989062      2172807        91.43
       2.237     0.990625      2176199       106.67
       2.301     0.992188      2179655       128.00
       2.349     0.992969      2181347       142.22
       2.433     0.993750      2183079       160.00
       2.719     0.994531      2184789       182.86
       3.393     0.995313      2186495       213.33
       4.099     0.996094      2188211       256.00
       4.531     0.996484      2189070       284.44
       4.999     0.996875      2189928       320.00
       5.515     0.997266      2190789       365.71
       6.015     0.997656      2191651       426.67
       6.547     0.998047      2192505       512.00
       6.827     0.998242      2192934       568.89
       7.115     0.998437      2193369       640.00
       7.407     0.998633      2193795       731.43
       7.751     0.998828      2194221       853.33
       8.175     0.999023      2194647      1024.00
       8.447     0.999121      2194866      1137.78
       8.863     0.999219      2195076      1280.00
       9.519     0.999316      2195293      1462.86
      10.439     0.999414      2195505      1706.67
      11.671     0.999512      2195723      2048.00
      12.279     0.999561      2195828      2275.56
      13.063     0.999609      2195934      2560.00
      14.111     0.999658      2196042      2925.71
      15.223     0.999707      2196149      3413.33
      16.399     0.999756      2196258      4096.00
      16.847     0.999780      2196310      4551.11
      17.391     0.999805      2196364      5120.00
      17.871     0.999829      2196418      5851.43
      18.431     0.999854      2196471      6826.67
      19.103     0.999878      2196524      8192.00
      19.311     0.999890      2196551      9102.22
      19.743     0.999902      2196578     10240.00
      20.303     0.999915      2196605     11702.86
      20.671     0.999927      2196632     13653.33
      21.071     0.999939      2196659     16384.00
      21.455     0.999945      2196673     18204.44
      21.711     0.999951      2196685     20480.00
      22.063     0.999957      2196699     23405.71
      22.383     0.999963      2196712     27306.67
      23.039     0.999969      2196727     32768.00
      23.103     0.999973      2196732     36408.89
      23.247     0.999976      2196740     40960.00
      23.423     0.999979      2196746     46811.43
      23.583     0.999982      2196753     54613.33
      23.775     0.999985      2196759     65536.00
      23.823     0.999986      2196762     72817.78
      23.871     0.999988      2196766     81920.00
      24.239     0.999989      2196769     93622.86
      24.399     0.999991      2196772    109226.67
      24.511     0.999992      2196776    131072.00
      24.527     0.999993      2196778    145635.56
      24.607     0.999994      2196779    163840.00
      24.783     0.999995      2196781    187245.71
      24.847     0.999995      2196782    218453.33
      25.023     0.999996      2196785    262144.00
      25.023     0.999997      2196785    291271.11
      25.135     0.999997      2196786    327680.00
      25.215     0.999997      2196787    374491.43
      25.215     0.999998      2196787    436906.67
      25.263     0.999998      2196789    524288.00
      25.263     0.999998      2196789    582542.22
      25.263     0.999998      2196789    655360.00
      25.423     0.999999      2196791    748982.86
      25.423     0.999999      2196791    873813.33
      25.423     0.999999      2196791   1048576.00
      25.423     0.999999      2196791   1165084.44
      25.423     0.999999      2196791   1310720.00
      25.423     0.999999      2196791   1497965.71
      25.423     0.999999      2196791   1747626.67
      25.423     1.000000      2196791   2097152.00
      25.471     1.000000      2196792   2330168.89
      25.471     1.000000      2196792          inf
#[Mean    =        1.094, StdDeviation   =        0.667]
#[Max     =       25.456, Total count    =      2196792]
#[Buckets =           27, SubBuckets     =         2048]
----------------------------------------------------------
  2398478 requests in 2.00m, 263.05MB read
Requests/sec:  19987.19
Transfer/sec:      2.19MB
