Running 2m test @ http://localhost:9000/api/v1/user?id=1
  4 threads and 128 connections
  Thread calibration: mean lat.: 0.786ms, rate sampling interval: 10ms
  Thread calibration: mean lat.: 0.765ms, rate sampling interval: 10ms
  Thread calibration: mean lat.: 0.783ms, rate sampling interval: 10ms
  Thread calibration: mean lat.: 0.791ms, rate sampling interval: 10ms
  Thread Stats   Avg      Stdev     Max   +/- Stdev
    Latency   771.94us  401.59us   2.82ms   66.39%
    Req/Sec     1.29k   108.75     1.67k    66.16%
  Latency Distribution (HdrHistogram - Recorded Latency)
 50.000%  763.00us
 75.000%    1.05ms
 90.000%    1.24ms
 99.000%    1.85ms
 99.900%    2.02ms
 99.990%    2.11ms
 99.999%    2.39ms
100.000%    2.83ms

  Detailed Percentile spectrum:
       Value   Percentile   TotalCount 1/(1-Percentile)

       0.070     0.000000            2         1.00
       0.251     0.100000        55269         1.11
       0.382     0.200000       110225         1.25
       0.509     0.300000       165141         1.43
       0.638     0.400000       220089         1.67
       0.763     0.500000       274807         2.00
       0.822     0.550000       302087         2.22
       0.878     0.600000       329599         2.50
       0.935     0.650000       357066         2.86
       0.993     0.700000       384501         3.33
       1.052     0.750000       411961         4.00
       1.081     0.775000       425950         4.44
       1.109     0.800000       439475         5.00
       1.138     0.825000       453282         5.71
       1.169     0.850000       467082         6.67
       1.204     0.875000       480909         8.00
       1.222     0.887500       487754         8.89
       1.241     0.900000       494573        10.00
       1.270     0.912500       501257        11.43
       1.329     0.925000       508048        13.33
       1.405     0.937500       514878        16.00
       1.447     0.943750       518377        17.78
       1.492     0.950000       521804        20.00
       1.541     0.956250       525233        22.86
       1.591     0.962500       528646        26.67
       1.644     0.968750       532062        32.00
       1.671     0.971875       533779        35.56
       1.701     0.975000       535524        40.00
       1.731     0.978125       537232        45.71
       1.760     0.981250       538931        53.33
       1.790     0.984375       540642        64.00
       1.806     0.985938       541500        71.11
       1.821     0.987500       542347        80.00
       1.838     0.989062       543232        91.43
       1.855     0.990625       544079       106.67
       1.873     0.992188       544919       128.00
       1.884     0.992969       545373       142.22
       1.894     0.993750       545774       160.00
       1.907     0.994531       546213       182.86
       1.921     0.995313       546648       213.33
       1.935     0.996094       547070       256.00
       1.944     0.996484       547290       284.44
       1.953     0.996875       547496       320.00
       1.963     0.997266       547706       365.71
       1.975     0.997656       547939       426.67
       1.986     0.998047       548140       512.00
       1.992     0.998242       548244       568.89
       1.999     0.998437       548353       640.00
       2.007     0.998633       548466       731.43
       2.014     0.998828       548564       853.33
       2.023     0.999023       548666      1024.00
       2.028     0.999121       548721      1137.78
       2.036     0.999219       548775      1280.00
       2.042     0.999316       548832      1462.86
       2.049     0.999414       548883      1706.67
       2.057     0.999512       548934      2048.00
       2.061     0.999561       548966      2275.56
       2.065     0.999609       548991      2560.00
       2.071     0.999658       549018      2925.71
       2.077     0.999707       549050      3413.33
       2.081     0.999756       549072      4096.00
       2.083     0.999780       549090      4551.11
       2.085     0.999805       549095      5120.00
       2.089     0.999829       549111      5851.43
       2.093     0.999854       549122      6826.67
       2.099     0.999878       549138      8192.00
       2.103     0.999890       549143      9102.22
       2.107     0.999902       549152     10240.00
       2.111     0.999915       549161     11702.86
       2.115     0.999927       549162     13653.33
       2.121     0.999939       549173     16384.00
       2.121     0.999945       549173     18204.44
       2.125     0.999951       549176     20480.00
       2.127     0.999957       549179     23405.71
       2.129     0.999963       549183     27306.67
       2.139     0.999969       549186     32768.00
       2.141     0.999973       549187     36408.89
       2.153     0.999976       549189     40960.00
       2.183     0.999979       549191     46811.43
       2.257     0.999982       549192     54613.33
       2.275     0.999985       549194     65536.00
       2.335     0.999986       549195     72817.78
       2.345     0.999988       549196     81920.00
       2.391     0.999989       549197     93622.86
       2.391     0.999991       549197    109226.67
       2.531     0.999992       549198    131072.00
       2.607     0.999993       549199    145635.56
       2.607     0.999994       549199    163840.00
       2.609     0.999995       549200    187245.71
       2.609     0.999995       549200    218453.33
       2.609     0.999996       549200    262144.00
       2.749     0.999997       549201    291271.11
       2.749     0.999997       549201    327680.00
       2.749     0.999997       549201    374491.43
       2.749     0.999998       549201    436906.67
       2.749     0.999998       549201    524288.00
       2.825     0.999998       549202    582542.22
       2.825     1.000000       549202          inf
#[Mean    =        0.772, StdDeviation   =        0.402]
#[Max     =        2.824, Total count    =       549202]
#[Buckets =           27, SubBuckets     =         2048]
----------------------------------------------------------
  599674 requests in 2.00m, 71.49MB read
Requests/sec:   4997.25
Transfer/sec:    610.02KB
