Running 2m test @ http://localhost:9002/api/v1/users
  4 threads and 128 connections
  Thread calibration: mean lat.: 1.565ms, rate sampling interval: 10ms
  Thread calibration: mean lat.: 1.573ms, rate sampling interval: 10ms
  Thread calibration: mean lat.: 1.595ms, rate sampling interval: 10ms
  Thread calibration: mean lat.: 1.582ms, rate sampling interval: 10ms
  Thread Stats   Avg      Stdev     Max   +/- Stdev
    Latency     1.54ms  553.93us  28.64ms   75.56%
    Req/Sec     1.06k    85.02     3.44k    85.21%
  Latency Distribution (HdrHistogram - Recorded Latency)
 50.000%    1.48ms
 75.000%    1.83ms
 90.000%    2.19ms
 99.000%    2.69ms
 99.900%    3.30ms
 99.990%   19.26ms
 99.999%   26.70ms
100.000%   28.66ms

  Detailed Percentile spectrum:
       Value   Percentile   TotalCount 1/(1-Percentile)

       0.642     0.000000            2         1.00
       0.964     0.100000        44149         1.11
       1.105     0.200000        88183         1.25
       1.234     0.300000       131967         1.43
       1.358     0.400000       175963         1.67
       1.480     0.500000       219845         2.00
       1.542     0.550000       241722         2.22
       1.608     0.600000       263736         2.50
       1.677     0.650000       285745         2.86
       1.749     0.700000       307803         3.33
       1.829     0.750000       329635         4.00
       1.875     0.775000       340704         4.44
       1.925     0.800000       351676         5.00
       1.980     0.825000       362548         5.71
       2.042     0.850000       373490         6.67
       2.111     0.875000       384529         8.00
       2.149     0.887500       389955         8.89
       2.193     0.900000       395672        10.00
       2.237     0.912500       400994        11.43
       2.289     0.925000       406516        13.33
       2.345     0.937500       411925        16.00
       2.375     0.943750       414696        17.78
       2.407     0.950000       417502        20.00
       2.439     0.956250       420197        22.86
       2.475     0.962500       423026        26.67
       2.509     0.968750       425664        32.00
       2.529     0.971875       427033        35.56
       2.551     0.975000       428471        40.00
       2.573     0.978125       429837        45.71
       2.597     0.981250       431190        53.33
       2.625     0.984375       432559        64.00
       2.641     0.985938       433256        71.11
       2.657     0.987500       433875        80.00
       2.677     0.989062       434607        91.43
       2.697     0.990625       435273       106.67
       2.721     0.992188       435960       128.00
       2.735     0.992969       436311       142.22
       2.749     0.993750       436627       160.00
       2.767     0.994531       436976       182.86
       2.785     0.995313       437322       213.33
       2.809     0.996094       437641       256.00
       2.823     0.996484       437829       284.44
       2.835     0.996875       437992       320.00
       2.855     0.997266       438160       365.71
       2.883     0.997656       438329       426.67
       2.917     0.998047       438498       512.00
       2.939     0.998242       438591       568.89
       2.969     0.998437       438672       640.00
       3.057     0.998633       438757       731.43
       3.157     0.998828       438842       853.33
       3.315     0.999023       438927      1024.00
       3.427     0.999121       438970      1137.78
       3.541     0.999219       439013      1280.00
       3.703     0.999316       439056      1462.86
       3.943     0.999414       439099      1706.67
       6.043     0.999512       439142      2048.00
       7.491     0.999561       439163      2275.56
       8.767     0.999609       439185      2560.00
      10.111     0.999658       439206      2925.71
      11.831     0.999707       439228      3413.33
      13.071     0.999756       439249      4096.00
      13.767     0.999780       439261      4551.11
      14.359     0.999805       439271      5120.00
      15.367     0.999829       439281      5851.43
      16.399     0.999854       439292      6826.67
      17.583     0.999878       439303      8192.00
      18.799     0.999890       439309      9102.22
      19.375     0.999902       439314     10240.00
      20.543     0.999915       439319     11702.86
      21.151     0.999927       439324     13653.33
      22.415     0.999939       439330     16384.00
      22.527     0.999945       439332     18204.44
      22.815     0.999951       439335     20480.00
      22.991     0.999957       439338     23405.71
      23.231     0.999963       439340     27306.67
      23.871     0.999969       439343     32768.00
      24.143     0.999973       439344     36408.89
      25.039     0.999976       439346     40960.00
      25.071     0.999979       439347     46811.43
      25.327     0.999982       439348     54613.33
      25.839     0.999985       439350     65536.00
      25.839     0.999986       439350     72817.78
      26.191     0.999988       439351     81920.00
      26.703     0.999989       439352     93622.86
      26.703     0.999991       439352    109226.67
      26.879     0.999992       439353    131072.00
      26.879     0.999993       439353    145635.56
      27.263     0.999994       439354    163840.00
      27.263     0.999995       439354    187245.71
      27.263     0.999995       439354    218453.33
      27.551     0.999996       439355    262144.00
      27.551     0.999997       439355    291271.11
      27.551     0.999997       439355    327680.00
      27.551     0.999997       439355    374491.43
      27.551     0.999998       439355    436906.67
      28.655     0.999998       439356    524288.00
      28.655     1.000000       439356          inf
#[Mean    =        1.538, StdDeviation   =        0.554]
#[Max     =       28.640, Total count    =       439356]
#[Buckets =           27, SubBuckets     =         2048]
----------------------------------------------------------
  479748 requests in 2.00m, 4.12GB read
Requests/sec:   3997.90
Transfer/sec:     35.15MB
