Running 2m test @ http://localhost:9000/api/v1/users
  4 threads and 128 connections
  Thread calibration: mean lat.: 1.432ms, rate sampling interval: 10ms
  Thread calibration: mean lat.: 1.445ms, rate sampling interval: 10ms
  Thread calibration: mean lat.: 1.435ms, rate sampling interval: 10ms
  Thread calibration: mean lat.: 1.492ms, rate sampling interval: 10ms
  Thread Stats   Avg      Stdev     Max   +/- Stdev
    Latency     1.45ms  447.22us  20.83ms   68.56%
    Req/Sec   526.83    111.29     1.33k    52.16%
  Latency Distribution (HdrHistogram - Recorded Latency)
 50.000%    1.43ms
 75.000%    1.73ms
 90.000%    2.02ms
 99.000%    2.45ms
 99.900%    2.69ms
 99.990%   13.00ms
 99.999%   18.96ms
100.000%   20.85ms

  Detailed Percentile spectrum:
       Value   Percentile   TotalCount 1/(1-Percentile)

       0.621     0.000000            1         1.00
       0.900     0.100000        22065         1.11
       1.054     0.200000        43986         1.25
       1.193     0.300000        65993         1.43
       1.313     0.400000        87944         1.67
       1.429     0.500000       109972         2.00
       1.489     0.550000       120897         2.22
       1.550     0.600000       131904         2.50
       1.611     0.650000       142937         2.86
       1.671     0.700000       153910         3.33
       1.731     0.750000       164787         4.00
       1.765     0.775000       170282         4.44
       1.803     0.800000       175831         5.00
       1.846     0.825000       181249         5.71
       1.897     0.850000       186823         6.67
       1.954     0.875000       192230         8.00
       1.986     0.887500       195054         8.89
       2.020     0.900000       197708        10.00
       2.057     0.912500       200475        11.43
       2.095     0.925000       203203        13.33
       2.137     0.937500       205952        16.00
       2.159     0.943750       207356        17.78
       2.183     0.950000       208759        20.00
       2.207     0.956250       210081        22.86
       2.235     0.962500       211448        26.67
       2.267     0.968750       212859        32.00
       2.285     0.971875       213541        35.56
       2.303     0.975000       214193        40.00
       2.327     0.978125       214868        45.71
       2.355     0.981250       215612        53.33
       2.383     0.984375       216247        64.00
       2.399     0.985938       216615        71.11
       2.415     0.987500       216939        80.00
       2.433     0.989062       217280        91.43
       2.455     0.990625       217632       106.67
       2.477     0.992188       217959       128.00
       2.489     0.992969       218137       142.22
       2.503     0.993750       218321       160.00
       2.519     0.994531       218481       182.86
       2.537     0.995313       218657       213.33
       2.555     0.996094       218814       256.00
       2.569     0.996484       218909       284.44
       2.581     0.996875       218987       320.00
       2.597     0.997266       219077       365.71
       2.611     0.997656       219172       426.67
       2.625     0.998047       219246       512.00
       2.633     0.998242       219290       568.89
       2.643     0.998437       219337       640.00
       2.653     0.998633       219374       731.43
       2.671     0.998828       219418       853.33
       2.691     0.999023       219460      1024.00
       2.701     0.999121       219484      1137.78
       2.711     0.999219       219501      1280.00
       2.727     0.999316       219523      1462.86
       2.747     0.999414       219544      1706.67
       2.791     0.999512       219565      2048.00
       2.817     0.999561       219576      2275.56
       2.843     0.999609       219587      2560.00
       2.883     0.999658       219597      2925.71
       2.927     0.999707       219608      3413.33
       2.979     0.999756       219619      4096.00
       3.091     0.999780       219624      4551.11
       3.177     0.999805       219630      5120.00
       3.909     0.999829       219635      5851.43
       5.567     0.999854       219640      6826.67
      10.223     0.999878       219646      8192.00
      10.959     0.999890       219648      9102.22
      13.039     0.999902       219651     10240.00
      13.863     0.999915       219654     11702.86
      14.551     0.999927       219656     13653.33
      15.111     0.999939       219659     16384.00
      15.287     0.999945       219660     18204.44
      16.991     0.999951       219662     20480.00
      17.215     0.999957       219663     23405.71
      17.311     0.999963       219664     27306.67
      17.471     0.999969       219666     32768.00
      17.471     0.999973       219666     36408.89
      17.999     0.999976       219667     40960.00
      18.479     0.999979       219668     46811.43
      18.479     0.999982       219668     54613.33
      18.495     0.999985       219669     65536.00
      18.495     0.999986       219669     72817.78
      18.959     0.999988       219670     81920.00
      18.959     0.999989       219670     93622.86
      18.959     0.999991       219670    109226.67
      19.663     0.999992       219671    131072.00
      19.663     0.999993       219671    145635.56
      19.663     0.999994       219671    163840.00
      19.663     0.999995       219671    187245.71
      19.663     0.999995       219671    218453.33
      20.847     0.999996       219672    262144.00
      20.847     1.000000       219672          inf
#[Mean    =        1.450, StdDeviation   =        0.447]
#[Max     =       20.832, Total count    =       219672]
#[Buckets =           27, SubBuckets     =         2048]
----------------------------------------------------------
  239904 requests in 2.00m, 2.06GB read
Requests/sec:   1999.16
Transfer/sec:     17.54MB
