Running 2m test @ http://localhost:9003/api/v1/users
  4 threads and 128 connections
  Thread calibration: mean lat.: 1.873ms, rate sampling interval: 10ms
  Thread calibration: mean lat.: 1.825ms, rate sampling interval: 10ms
  Thread calibration: mean lat.: 3.677ms, rate sampling interval: 10ms
  Thread calibration: mean lat.: 1.853ms, rate sampling interval: 10ms
  Thread Stats   Avg      Stdev     Max   +/- Stdev
    Latency     2.36ms    1.40ms  41.18ms   73.39%
    Req/Sec     2.11k   706.46     5.78k    79.21%
  Latency Distribution (HdrHistogram - Recorded Latency)
 50.000%    1.94ms
 75.000%    3.29ms
 90.000%    4.36ms
 99.000%    5.60ms
 99.900%    8.28ms
 99.990%   30.67ms
 99.999%   39.01ms
100.000%   41.22ms

  Detailed Percentile spectrum:
       Value   Percentile   TotalCount 1/(1-Percentile)

       0.537     0.000000            1         1.00
       1.008     0.100000        88079         1.11
       1.218     0.200000       175991         1.25
       1.424     0.300000       264002         1.43
       1.655     0.400000       351635         1.67
       1.939     0.500000       439477         2.00
       2.113     0.550000       483537         2.22
       2.311     0.600000       527449         2.50
       2.547     0.650000       571181         2.86
       2.895     0.700000       615166         3.33
       3.291     0.750000       659229         4.00
       3.475     0.775000       681069         4.44
       3.653     0.800000       703187         5.00
       3.827     0.825000       725034         5.71
       3.999     0.850000       747061         6.67
       4.175     0.875000       769123         8.00
       4.267     0.887500       780272         8.89
       4.359     0.900000       791347        10.00
       4.451     0.912500       801996        11.43
       4.551     0.925000       812986        13.33
       4.659     0.937500       823799        16.00
       4.719     0.943750       829297        17.78
       4.787     0.950000       834964        20.00
       4.859     0.956250       840391        22.86
       4.943     0.962500       845999        26.67
       5.035     0.968750       851402        32.00
       5.087     0.971875       854003        35.56
       5.147     0.975000       856788        40.00
       5.215     0.978125       859622        45.71
       5.291     0.981250       862382        53.33
       5.379     0.984375       865080        64.00
       5.427     0.985938       866404        71.11
       5.487     0.987500       867806        80.00
       5.551     0.989062       869122        91.43
       5.627     0.990625       870489       106.67
       5.715     0.992188       871872       128.00
       5.767     0.992969       872539       142.22
       5.827     0.993750       873223       160.00
       5.899     0.994531       873918       182.86
       5.995     0.995313       874614       213.33
       6.111     0.996094       875292       256.00
       6.183     0.996484       875631       284.44
       6.263     0.996875       875970       320.00
       6.371     0.997266       876314       365.71
       6.519     0.997656       876660       426.67
       6.711     0.998047       877001       512.00
       6.847     0.998242       877174       568.89
       7.039     0.998437       877343       640.00
       7.359     0.998633       877515       731.43
       7.819     0.998828       877687       853.33
       8.367     0.999023       877857      1024.00
       8.743     0.999121       877943      1137.78
       9.367     0.999219       878029      1280.00
      10.895     0.999316       878114      1462.86
      14.159     0.999414       878200      1706.67
      16.687     0.999512       878285      2048.00
      18.063     0.999561       878328      2275.56
      19.727     0.999609       878371      2560.00
      21.455     0.999658       878415      2925.71
      22.783     0.999707       878457      3413.33
      24.815     0.999756       878500      4096.00
      25.551     0.999780       878521      4551.11
      25.999     0.999805       878543      5120.00
      26.879     0.999829       878564      5851.43
      28.271     0.999854       878586      6826.67
      29.759     0.999878       878607      8192.00
      30.351     0.999890       878618      9102.22
      30.719     0.999902       878629     10240.00
      31.407     0.999915       878639     11702.86
      32.831     0.999927       878650     13653.33
      33.535     0.999939       878661     16384.00
      33.919     0.999945       878666     18204.44
      34.719     0.999951       878672     20480.00
      35.391     0.999957       878678     23405.71
      35.551     0.999963       878682     27306.67
      35.839     0.999969       878688     32768.00
      36.159     0.999973       878690     36408.89
      36.543     0.999976       878693     40960.00
      37.055     0.999979       878696     46811.43
      37.247     0.999982       878698     54613.33
      38.399     0.999985       878701     65536.00
      38.815     0.999986       878702     72817.78
      38.911     0.999988       878704     81920.00
      39.007     0.999989       878705     93622.86
      39.135     0.999991       878706    109226.67
      39.551     0.999992       878708    131072.00
      39.551     0.999993       878708    145635.56
      39.903     0.999994       878709    163840.00
      40.063     0.999995       878710    187245.71
      40.063     0.999995       878710    218453.33
      40.127     0.999996       878711    262144.00
      40.127     0.999997       878711    291271.11
      40.415     0.999997       878712    327680.00
      40.415     0.999997       878712    374491.43
      40.415     0.999998       878712    436906.67
      41.055     0.999998       878713    524288.00
      41.055     0.999998       878713    582542.22
      41.055     0.999998       878713    655360.00
      41.055     0.999999       878713    748982.86
      41.055     0.999999       878713    873813.33
      41.215     0.999999       878714   1048576.00
      41.215     1.000000       878714          inf
#[Mean    =        2.364, StdDeviation   =        1.399]
#[Max     =       41.184, Total count    =       878714]
#[Buckets =           27, SubBuckets     =         2048]
----------------------------------------------------------
  957586 requests in 2.00m, 8.22GB read
Requests/sec:   7979.30
Transfer/sec:     70.15MB
