Running 2m test @ http://localhost:9002/api/v1/users
  4 threads and 128 connections
  Thread calibration: mean lat.: 2.346ms, rate sampling interval: 10ms
  Thread calibration: mean lat.: 2.349ms, rate sampling interval: 10ms
  Thread calibration: mean lat.: 2.356ms, rate sampling interval: 10ms
  Thread calibration: mean lat.: 2.347ms, rate sampling interval: 10ms
  Thread Stats   Avg      Stdev     Max   +/- Stdev
    Latency     2.51ms    2.89ms  65.31ms   97.39%
    Req/Sec     2.64k   304.28     5.11k    82.86%
  Latency Distribution (HdrHistogram - Recorded Latency)
 50.000%    2.09ms
 75.000%    2.48ms
 90.000%    3.02ms
 99.000%   15.81ms
 99.900%   38.97ms
 99.990%   48.32ms
 99.999%   55.49ms
100.000%   65.34ms

  Detailed Percentile spectrum:
       Value   Percentile   TotalCount 1/(1-Percentile)

       0.720     0.000000            1         1.00
       1.471     0.100000       110041         1.11
       1.659     0.200000       220244         1.25
       1.811     0.300000       329863         1.43
       1.950     0.400000       439920         1.67
       2.085     0.500000       549490         2.00
       2.155     0.550000       605027         2.22
       2.227     0.600000       660202         2.50
       2.303     0.650000       714378         2.86
       2.389     0.700000       769877         3.33
       2.485     0.750000       824390         4.00
       2.541     0.775000       852139         4.44
       2.603     0.800000       879219         5.00
       2.675     0.825000       906878         5.71
       2.759     0.850000       933786         6.67
       2.867     0.875000       961428         8.00
       2.935     0.887500       975035         8.89
       3.017     0.900000       988675        10.00
       3.123     0.912500      1002516        11.43
       3.263     0.925000      1016034        13.33
       3.477     0.937500      1029814        16.00
       3.629     0.943750      1036647        17.78
       3.829     0.950000      1043489        20.00
       4.091     0.956250      1050365        22.86
       4.431     0.962500      1057240        26.67
       4.879     0.968750      1064118        32.00
       5.175     0.971875      1067532        35.56
       5.547     0.975000      1070942        40.00
       6.031     0.978125      1074375        45.71
       6.731     0.981250      1077809        53.33
       8.011     0.984375      1081233        64.00
       9.191     0.985938      1082953        71.11
      11.007     0.987500      1084664        80.00
      13.703     0.989062      1086382        91.43
      17.407     0.990625      1088097       106.67
      21.359     0.992188      1089810       128.00
      23.151     0.992969      1090669       142.22
      24.991     0.993750      1091532       160.00
      26.655     0.994531      1092392       182.86
      28.447     0.995313      1093245       213.33
      30.079     0.996094      1094103       256.00
      30.943     0.996484      1094531       284.44
      31.871     0.996875      1094960       320.00
      32.959     0.997266      1095399       365.71
      34.015     0.997656      1095828       426.67
      35.231     0.998047      1096255       512.00
      35.839     0.998242      1096470       568.89
      36.511     0.998437      1096683       640.00
      37.215     0.998633      1096892       731.43
      38.111     0.998828      1097114       853.33
      39.135     0.999023      1097321      1024.00
      39.679     0.999121      1097428      1137.78
      40.223     0.999219      1097542      1280.00
      40.767     0.999316      1097643      1462.86
      41.407     0.999414      1097749      1706.67
      42.175     0.999512      1097855      2048.00
      42.623     0.999561      1097911      2275.56
      43.231     0.999609      1097962      2560.00
      43.775     0.999658      1098018      2925.71
      44.383     0.999707      1098073      3413.33
      45.023     0.999756      1098123      4096.00
      45.471     0.999780      1098151      4551.11
      45.855     0.999805      1098179      5120.00
      46.303     0.999829      1098206      5851.43
      47.007     0.999854      1098231      6826.67
      47.647     0.999878      1098257      8192.00
      47.999     0.999890      1098273      9102.22
      48.479     0.999902      1098284     10240.00
      48.991     0.999915      1098298     11702.86
      49.535     0.999927      1098311     13653.33
      50.143     0.999939      1098324     16384.00
      50.271     0.999945      1098331     18204.44
      50.687     0.999951      1098338     20480.00
      51.167     0.999957      1098345     23405.71
      51.679     0.999963      1098351     27306.67
      52.095     0.999969      1098358     32768.00
      52.255     0.999973      1098361     36408.89
      52.863     0.999976      1098365     40960.00
      53.279     0.999979      1098368     46811.43
      53.727     0.999982      1098371     54613.33
      54.367     0.999985      1098375     65536.00
      54.975     0.999986      1098376     72817.78
      55.231     0.999988      1098378     81920.00
      55.487     0.999989      1098380     93622.86
      55.679     0.999991      1098382    109226.67
      56.479     0.999992      1098383    131072.00
      56.703     0.999993      1098385    145635.56
      56.703     0.999994      1098385    163840.00
      57.343     0.999995      1098386    187245.71
      57.343     0.999995      1098386    218453.33
      58.079     0.999996      1098387    262144.00
      58.911     0.999997      1098388    291271.11
      58.911     0.999997      1098388    327680.00
      60.159     0.999997      1098389    374491.43
      60.159     0.999998      1098389    436906.67
      60.159     0.999998      1098389    524288.00
      60.703     0.999998      1098390    582542.22
      60.703     0.999998      1098390    655360.00
      60.703     0.999999      1098390    748982.86
      60.703     0.999999      1098390    873813.33
      60.703     0.999999      1098390   1048576.00
      65.343     0.999999      1098391   1165084.44
      65.343     1.000000      1098391          inf
#[Mean    =        2.509, StdDeviation   =        2.894]
#[Max     =       65.312, Total count    =      1098391]
#[Buckets =           27, SubBuckets     =         2048]
----------------------------------------------------------
  1199266 requests in 2.00m, 10.30GB read
Requests/sec:   9993.85
Transfer/sec:     87.86MB
