Running 2m test @ http://localhost:9003/api/v1/user?id=1
  4 threads and 128 connections
  Thread calibration: mean lat.: 1.128ms, rate sampling interval: 10ms
  Thread calibration: mean lat.: 1.118ms, rate sampling interval: 10ms
  Thread calibration: mean lat.: 1.128ms, rate sampling interval: 10ms
  Thread calibration: mean lat.: 1.125ms, rate sampling interval: 10ms
  Thread Stats   Avg      Stdev     Max   +/- Stdev
    Latency     1.12ms  717.98us  17.10ms   88.20%
    Req/Sec     4.74k   419.08    11.89k    88.21%
  Latency Distribution (HdrHistogram - Recorded Latency)
 50.000%    1.06ms
 75.000%    1.43ms
 90.000%    1.72ms
 99.000%    2.30ms
 99.900%   10.91ms
 99.990%   14.10ms
 99.999%   15.57ms
100.000%   17.12ms

  Detailed Percentile spectrum:
       Value   Percentile   TotalCount 1/(1-Percentile)

       0.126     0.000000            1         1.00
       0.489     0.100000       198796         1.11
       0.645     0.200000       395749         1.25
       0.786     0.300000       594308         1.43
       0.924     0.400000       791413         1.67
       1.063     0.500000       989139         2.00
       1.133     0.550000      1088120         2.22
       1.203     0.600000      1186755         2.50
       1.275     0.650000      1285952         2.86
       1.349     0.700000      1384521         3.33
       1.426     0.750000      1483464         4.00
       1.466     0.775000      1532823         4.44
       1.508     0.800000      1581980         5.00
       1.554     0.825000      1631663         5.71
       1.603     0.850000      1681062         6.67
       1.658     0.875000      1730491         8.00
       1.688     0.887500      1755338         8.89
       1.720     0.900000      1779874        10.00
       1.755     0.912500      1804186        11.43
       1.795     0.925000      1829265        13.33
       1.839     0.937500      1853628        16.00
       1.865     0.943750      1866320        17.78
       1.892     0.950000      1878424        20.00
       1.924     0.956250      1890963        22.86
       1.960     0.962500      1903250        26.67
       2.001     0.968750      1915357        32.00
       2.026     0.971875      1921665        35.56
       2.055     0.975000      1928096        40.00
       2.085     0.978125      1933887        45.71
       2.125     0.981250      1940316        53.33
       2.171     0.984375      1946410        64.00
       2.197     0.985938      1949368        71.11
       2.229     0.987500      1952539        80.00
       2.267     0.989062      1955526        91.43
       2.319     0.990625      1958609       106.67
       2.397     0.992188      1961721       128.00
       2.459     0.992969      1963248       142.22
       2.569     0.993750      1964773       160.00
       3.187     0.994531      1966316       182.86
       4.451     0.995313      1967860       213.33
       5.835     0.996094      1969405       256.00
       6.531     0.996484      1970180       284.44
       7.183     0.996875      1970951       320.00
       7.775     0.997266      1971726       365.71
       8.367     0.997656      1972498       426.67
       8.935     0.998047      1973268       512.00
       9.279     0.998242      1973661       568.89
       9.639     0.998437      1974047       640.00
      10.079     0.998633      1974427       731.43
      10.527     0.998828      1974814       853.33
      10.967     0.999023      1975198      1024.00
      11.223     0.999121      1975394      1137.78
      11.447     0.999219      1975584      1280.00
      11.695     0.999316      1975777      1462.86
      12.007     0.999414      1975971      1706.67
      12.327     0.999512      1976166      2048.00
      12.487     0.999561      1976259      2275.56
      12.655     0.999609      1976356      2560.00
      12.847     0.999658      1976452      2925.71
      13.079     0.999707      1976550      3413.33
      13.279     0.999756      1976646      4096.00
      13.367     0.999780      1976693      4551.11
      13.503     0.999805      1976743      5120.00
      13.631     0.999829      1976790      5851.43
      13.775     0.999854      1976838      6826.67
      13.959     0.999878      1976888      8192.00
      14.031     0.999890      1976910      9102.22
      14.119     0.999902      1976935     10240.00
      14.223     0.999915      1976959     11702.86
      14.407     0.999927      1976985     13653.33
      14.583     0.999939      1977007     16384.00
      14.679     0.999945      1977021     18204.44
      14.743     0.999951      1977032     20480.00
      14.799     0.999957      1977043     23405.71
      14.911     0.999963      1977055     27306.67
      15.023     0.999969      1977067     32768.00
      15.047     0.999973      1977073     36408.89
      15.103     0.999976      1977079     40960.00
      15.135     0.999979      1977085     46811.43
      15.215     0.999982      1977092     54613.33
      15.263     0.999985      1977098     65536.00
      15.311     0.999986      1977101     72817.78
      15.519     0.999988      1977103     81920.00
      15.567     0.999989      1977106     93622.86
      15.599     0.999991      1977109    109226.67
      15.679     0.999992      1977112    131072.00
      15.759     0.999993      1977114    145635.56
      15.783     0.999994      1977115    163840.00
      15.847     0.999995      1977117    187245.71
      15.855     0.999995      1977119    218453.33
      15.863     0.999996      1977120    262144.00
      15.887     0.999997      1977121    291271.11
      15.887     0.999997      1977121    327680.00
      15.903     0.999997      1977122    374491.43
      15.943     0.999998      1977123    436906.67
      16.071     0.999998      1977124    524288.00
      16.071     0.999998      1977124    582542.22
      16.071     0.999998      1977124    655360.00
      16.111     0.999999      1977125    748982.86
      16.111     0.999999      1977125    873813.33
      16.735     0.999999      1977126   1048576.00
      16.735     0.999999      1977126   1165084.44
      16.735     0.999999      1977126   1310720.00
      16.735     0.999999      1977126   1497965.71
      16.735     0.999999      1977126   1747626.67
      17.119     1.000000      1977127   2097152.00
      17.119     1.000000      1977127          inf
#[Mean    =        1.121, StdDeviation   =        0.718]
#[Max     =       17.104, Total count    =      1977127]
#[Buckets =           27, SubBuckets     =         2048]
----------------------------------------------------------
  2158642 requests in 2.00m, 236.74MB read
Requests/sec:  17988.55
Transfer/sec:      1.97MB
