Running 2m test @ http://localhost:9000/api/v1/user?id=1
  4 threads and 128 connections
  Thread calibration: mean lat.: 1.720ms, rate sampling interval: 10ms
  Thread calibration: mean lat.: 1.715ms, rate sampling interval: 10ms
  Thread calibration: mean lat.: 1.825ms, rate sampling interval: 10ms
  Thread calibration: mean lat.: 1.766ms, rate sampling interval: 10ms
  Thread Stats   Avg      Stdev     Max   +/- Stdev
    Latency     1.43ms  661.81us   8.39ms   66.82%
    Req/Sec    13.18k     0.88k   19.67k    70.13%
  Latency Distribution (HdrHistogram - Recorded Latency)
 50.000%    1.34ms
 75.000%    1.86ms
 90.000%    2.36ms
 99.000%    3.14ms
 99.900%    3.76ms
 99.990%    4.64ms
 99.999%    5.99ms
100.000%    8.40ms

  Detailed Percentile spectrum:
       Value   Percentile   TotalCount 1/(1-Percentile)

       0.071     0.000000            1         1.00
       0.631     0.100000       549639         1.11
       0.840     0.200000      1099328         1.25
       1.013     0.300000      1650118         1.43
       1.174     0.400000      2198492         1.67
       1.337     0.500000      2747337         2.00
       1.424     0.550000      3023098         2.22
       1.516     0.600000      3296358         2.50
       1.617     0.650000      3570945         2.86
       1.729     0.700000      3845183         3.33
       1.855     0.750000      4119766         4.00
       1.925     0.775000      4257714         4.44
       1.999     0.800000      4394590         5.00
       2.079     0.825000      4534037         5.71
       2.163     0.850000      4668887         6.67
       2.257     0.875000      4805845         8.00
       2.309     0.887500      4875775         8.89
       2.363     0.900000      4944022        10.00
       2.421     0.912500      5011737        11.43
       2.487     0.925000      5081587        13.33
       2.559     0.937500      5149571        16.00
       2.599     0.943750      5183799        17.78
       2.643     0.950000      5218620        20.00
       2.689     0.956250      5252010        22.86
       2.741     0.962500      5286325        26.67
       2.801     0.968750      5320978        32.00
       2.835     0.971875      5338471        35.56
       2.871     0.975000      5354944        40.00
       2.913     0.978125      5372594        45.71
       2.959     0.981250      5389544        53.33
       3.011     0.984375      5406356        64.00
       3.041     0.985938      5415081        71.11
       3.073     0.987500      5423487        80.00
       3.111     0.989062      5432147        91.43
       3.153     0.990625      5440519       106.67
       3.205     0.992188      5449189       128.00
       3.235     0.992969      5453515       142.22
       3.267     0.993750      5457695       160.00
       3.305     0.994531      5462089       182.86
       3.347     0.995313      5466316       213.33
       3.397     0.996094      5470577       256.00
       3.427     0.996484      5472779       284.44
       3.459     0.996875      5474924       320.00
       3.495     0.997266      5477062       365.71
       3.535     0.997656      5479176       426.67
       3.581     0.998047      5481310       512.00
       3.609     0.998242      5482369       568.89
       3.639     0.998437      5483466       640.00
       3.673     0.998633      5484481       731.43
       3.715     0.998828      5485563       853.33
       3.767     0.999023      5486648      1024.00
       3.795     0.999121      5487171      1137.78
       3.829     0.999219      5487710      1280.00
       3.869     0.999316      5488240      1462.86
       3.915     0.999414      5488764      1706.67
       3.979     0.999512      5489305      2048.00
       4.017     0.999561      5489584      2275.56
       4.061     0.999609      5489836      2560.00
       4.107     0.999658      5490106      2925.71
       4.163     0.999707      5490374      3413.33
       4.231     0.999756      5490650      4096.00
       4.271     0.999780      5490786      4551.11
       4.315     0.999805      5490910      5120.00
       4.379     0.999829      5491049      5851.43
       4.459     0.999854      5491181      6826.67
       4.547     0.999878      5491319      8192.00
       4.587     0.999890      5491379      9102.22
       4.651     0.999902      5491449     10240.00
       4.731     0.999915      5491515     11702.86
       4.815     0.999927      5491580     13653.33
       4.907     0.999939      5491648     16384.00
       4.975     0.999945      5491681     18204.44
       5.055     0.999951      5491713     20480.00
       5.127     0.999957      5491748     23405.71
       5.219     0.999963      5491780     27306.67
       5.323     0.999969      5491814     32768.00
       5.379     0.999973      5491832     36408.89
       5.443     0.999976      5491847     40960.00
       5.535     0.999979      5491864     46811.43
       5.639     0.999982      5491884     54613.33
       5.755     0.999985      5491899     65536.00
       5.811     0.999986      5491906     72817.78
       5.879     0.999988      5491914     81920.00
       5.979     0.999989      5491923     93622.86
       6.083     0.999991      5491931    109226.67
       6.239     0.999992      5491940    131072.00
       6.371     0.999993      5491944    145635.56
       6.487     0.999994      5491948    163840.00
       6.551     0.999995      5491952    187245.71
       6.835     0.999995      5491956    218453.33
       7.047     0.999996      5491961    262144.00
       7.099     0.999997      5491963    291271.11
       7.331     0.999997      5491965    327680.00
       7.355     0.999997      5491967    374491.43
       7.451     0.999998      5491969    436906.67
       7.503     0.999998      5491971    524288.00
       7.539     0.999998      5491972    582542.22
       7.687     0.999998      5491973    655360.00
       7.747     0.999999      5491974    748982.86
       7.807     0.999999      5491975    873813.33
       7.991     0.999999      5491976   1048576.00
       8.003     0.999999      5491977   1165084.44
       8.003     0.999999      5491977   1310720.00
       8.051     0.999999      5491978   1497965.71
       8.051     0.999999      5491978   1747626.67
       8.103     1.000000      5491979   2097152.00
       8.103     1.000000      5491979   2330168.89
       8.103     1.000000      5491979   2621440.00
       8.131     1.000000      5491980   2995931.43
       8.131     1.000000      5491980   3495253.33
       8.131     1.000000      5491980   4194304.00
       8.131     1.000000      5491980   4660337.78
       8.131     1.000000      5491980   5242880.00
       8.399     1.000000      5491981   5991862.86
       8.399     1.000000      5491981          inf
#[Mean    =        1.428, StdDeviation   =        0.662]
#[Max     =        8.392, Total count    =      5491981]
#[Buckets =           27, SubBuckets     =         2048]
----------------------------------------------------------
  5996081 requests in 2.00m, 714.79MB read
Requests/sec:  49967.46
Transfer/sec:      5.96MB
