Linux 6.8.0-134-generic (exeris-perfbox) 	07/24/26 	_x86_64_	(16 CPU)

19:36:32     CPU    %usr   %nice    %sys %iowait    %irq   %soft  %steal  %guest  %gnice   %idle
19:37:02       0   36.21    0.00   32.38    0.00    0.00   15.34    0.00    0.00    0.00   16.07
19:37:02       1   36.05    0.00   32.39    0.00    0.00   15.31    0.00    0.00    0.00   16.25
19:37:02       8   35.47    0.00   33.32    0.00    0.00   15.20    0.00    0.00    0.00   16.01
19:37:02       9   36.38    0.00   32.55    0.00    0.00   14.95    0.00    0.00    0.00   16.12

Average:     CPU    %usr   %nice    %sys %iowait    %irq   %soft  %steal  %guest  %gnice   %idle
Average:       0   36.21    0.00   32.38    0.00    0.00   15.34    0.00    0.00    0.00   16.07
Average:       1   36.05    0.00   32.39    0.00    0.00   15.31    0.00    0.00    0.00   16.25
Average:       8   35.47    0.00   33.32    0.00    0.00   15.20    0.00    0.00    0.00   16.01
Average:       9   36.38    0.00   32.55    0.00    0.00   14.95    0.00    0.00    0.00   16.12
