Running 2m test @ http://localhost:9001/api/v1/user?id=1
  4 threads and 128 connections
  Thread calibration: mean lat.: 0.933ms, rate sampling interval: 10ms
  Thread calibration: mean lat.: 0.980ms, rate sampling interval: 10ms
  Thread calibration: mean lat.: 0.938ms, rate sampling interval: 10ms
  Thread calibration: mean lat.: 0.981ms, rate sampling interval: 10ms
  Thread Stats   Avg      Stdev     Max   +/- Stdev
    Latency     0.96ms  450.70us  21.38ms   68.51%
    Req/Sec     2.11k   137.15     5.50k    78.97%
  Latency Distribution (HdrHistogram - Recorded Latency)
 50.000%    0.95ms
 75.000%    1.26ms
 90.000%    1.49ms
 99.000%    1.95ms
 99.900%    2.42ms
 99.990%   11.93ms
 99.999%   20.13ms
100.000%   21.39ms

  Detailed Percentile spectrum:
       Value   Percentile   TotalCount 1/(1-Percentile)

       0.169     0.000000            1         1.00
       0.411     0.100000        88237         1.11
       0.554     0.200000       176173         1.25
       0.687     0.300000       264026         1.43
       0.822     0.400000       351663         1.67
       0.949     0.500000       439592         2.00
       1.013     0.550000       483619         2.22
       1.075     0.600000       527345         2.50
       1.136     0.650000       571827         2.86
       1.198     0.700000       615518         3.33
       1.264     0.750000       659393         4.00
       1.299     0.775000       681178         4.44
       1.336     0.800000       703447         5.00
       1.373     0.825000       725352         5.71
       1.411     0.850000       747362         6.67
       1.449     0.875000       769387         8.00
       1.468     0.887500       779916         8.89
       1.489     0.900000       791048        10.00
       1.513     0.912500       802153        11.43
       1.541     0.925000       813120        13.33
       1.576     0.937500       824078        16.00
       1.596     0.943750       829438        17.78
       1.619     0.950000       834829        20.00
       1.646     0.956250       840310        22.86
       1.678     0.962500       845861        26.67
       1.715     0.968750       851343        32.00
       1.737     0.971875       854073        35.56
       1.763     0.975000       856816        40.00
       1.791     0.978125       859504        45.71
       1.824     0.981250       862288        53.33
       1.862     0.984375       865019        64.00
       1.883     0.985938       866429        71.11
       1.905     0.987500       867753        80.00
       1.930     0.989062       869120        91.43
       1.958     0.990625       870510       106.67
       1.988     0.992188       871869       128.00
       2.007     0.992969       872575       142.22
       2.026     0.993750       873229       160.00
       2.049     0.994531       873933       182.86
       2.075     0.995313       874631       213.33
       2.107     0.996094       875318       256.00
       2.123     0.996484       875637       284.44
       2.143     0.996875       876004       320.00
       2.165     0.997266       876323       365.71
       2.191     0.997656       876669       426.67
       2.225     0.998047       877005       512.00
       2.245     0.998242       877188       568.89
       2.269     0.998437       877349       640.00
       2.301     0.998633       877523       731.43
       2.343     0.998828       877691       853.33
       2.441     0.999023       877862      1024.00
       2.529     0.999121       877947      1137.78
       2.673     0.999219       878035      1280.00
       2.833     0.999316       878119      1462.86
       3.023     0.999414       878205      1706.67
       3.279     0.999512       878290      2048.00
       3.457     0.999561       878333      2275.56
       3.653     0.999609       878376      2560.00
       3.917     0.999658       878420      2925.71
       4.343     0.999707       878463      3413.33
       5.159     0.999756       878505      4096.00
       6.115     0.999780       878526      4551.11
       6.811     0.999805       878548      5120.00
       7.947     0.999829       878569      5851.43
       8.991     0.999854       878591      6826.67
       9.959     0.999878       878612      8192.00
      10.791     0.999890       878625      9102.22
      12.007     0.999902       878634     10240.00
      13.431     0.999915       878644     11702.86
      14.535     0.999927       878655     13653.33
      15.431     0.999939       878666     16384.00
      15.871     0.999945       878671     18204.44
      16.959     0.999951       878677     20480.00
      17.071     0.999957       878682     23405.71
      17.519     0.999963       878687     27306.67
      17.935     0.999969       878693     32768.00
      18.095     0.999973       878695     36408.89
      18.415     0.999976       878698     40960.00
      18.799     0.999979       878701     46811.43
      19.647     0.999982       878703     54613.33
      19.951     0.999985       878707     65536.00
      19.951     0.999986       878707     72817.78
      20.047     0.999988       878709     81920.00
      20.127     0.999989       878710     93622.86
      20.303     0.999991       878712    109226.67
      20.415     0.999992       878713    131072.00
      20.415     0.999993       878713    145635.56
      20.495     0.999994       878714    163840.00
      20.863     0.999995       878715    187245.71
      20.863     0.999995       878715    218453.33
      20.911     0.999996       878716    262144.00
      20.911     0.999997       878716    291271.11
      21.135     0.999997       878717    327680.00
      21.135     0.999997       878717    374491.43
      21.135     0.999998       878717    436906.67
      21.215     0.999998       878718    524288.00
      21.215     0.999998       878718    582542.22
      21.215     0.999998       878718    655360.00
      21.215     0.999999       878718    748982.86
      21.215     0.999999       878718    873813.33
      21.391     0.999999       878719   1048576.00
      21.391     1.000000       878719          inf
#[Mean    =        0.960, StdDeviation   =        0.451]
#[Max     =       21.376, Total count    =       878719]
#[Buckets =           27, SubBuckets     =         2048]
----------------------------------------------------------
  959440 requests in 2.00m, 297.55MB read
Requests/sec:   7995.29
Transfer/sec:      2.48MB
