Running 2m test @ http://localhost:9002/api/v1/user?id=1
  4 threads and 128 connections
  Thread calibration: mean lat.: 0.926ms, rate sampling interval: 10ms
  Thread calibration: mean lat.: 0.936ms, rate sampling interval: 10ms
  Thread calibration: mean lat.: 0.927ms, rate sampling interval: 10ms
  Thread calibration: mean lat.: 0.924ms, rate sampling interval: 10ms
  Thread Stats   Avg      Stdev     Max   +/- Stdev
    Latency     0.92ms  489.35us  18.10ms   74.59%
    Req/Sec     1.60k   147.58     3.50k    64.26%
  Latency Distribution (HdrHistogram - Recorded Latency)
 50.000%    0.92ms
 75.000%    1.20ms
 90.000%    1.44ms
 99.000%    1.94ms
 99.900%    5.65ms
 99.990%   11.55ms
 99.999%   15.18ms
100.000%   18.11ms

  Detailed Percentile spectrum:
       Value   Percentile   TotalCount 1/(1-Percentile)

       0.113     0.000000            1         1.00
       0.358     0.100000        65912         1.11
       0.520     0.200000       132032         1.25
       0.667     0.300000       198161         1.43
       0.795     0.400000       264049         1.67
       0.917     0.500000       329971         2.00
       0.973     0.550000       362629         2.22
       1.029     0.600000       395629         2.50
       1.086     0.650000       428901         2.86
       1.144     0.700000       461527         3.33
       1.204     0.750000       494374         4.00
       1.235     0.775000       511080         4.44
       1.268     0.800000       527665         5.00
       1.301     0.825000       543778         5.71
       1.336     0.850000       560417         6.67
       1.376     0.875000       576821         8.00
       1.403     0.887500       585053         8.89
       1.436     0.900000       593184        10.00
       1.477     0.912500       601486        11.43
       1.524     0.925000       609720        13.33
       1.578     0.937500       617935        16.00
       1.607     0.943750       622038        17.78
       1.637     0.950000       626201        20.00
       1.669     0.956250       630260        22.86
       1.704     0.962500       634435        26.67
       1.742     0.968750       638532        32.00
       1.762     0.971875       640505        35.56
       1.785     0.975000       642625        40.00
       1.810     0.978125       644674        45.71
       1.837     0.981250       646701        53.33
       1.868     0.984375       648765        64.00
       1.885     0.985938       649801        71.11
       1.904     0.987500       650845        80.00
       1.923     0.989062       651861        91.43
       1.945     0.990625       652895       106.67
       1.969     0.992188       653906       128.00
       1.983     0.992969       654422       142.22
       1.997     0.993750       654932       160.00
       2.014     0.994531       655453       182.86
       2.033     0.995313       655962       213.33
       2.057     0.996094       656491       256.00
       2.071     0.996484       656747       284.44
       2.087     0.996875       656991       320.00
       2.109     0.997266       657255       365.71
       2.135     0.997656       657500       426.67
       2.185     0.998047       657752       512.00
       2.279     0.998242       657878       568.89
       2.849     0.998437       658007       640.00
       3.701     0.998633       658135       731.43
       4.699     0.998828       658264       853.33
       5.775     0.999023       658393      1024.00
       6.271     0.999121       658457      1137.78
       6.775     0.999219       658522      1280.00
       7.383     0.999316       658586      1462.86
       7.807     0.999414       658650      1706.67
       8.431     0.999512       658717      2048.00
       8.775     0.999561       658747      2275.56
       8.999     0.999609       658779      2560.00
       9.255     0.999658       658811      2925.71
       9.519     0.999707       658844      3413.33
       9.951     0.999756       658876      4096.00
      10.159     0.999780       658892      4551.11
      10.359     0.999805       658908      5120.00
      10.639     0.999829       658924      5851.43
      10.887     0.999854       658940      6826.67
      11.079     0.999878       658957      8192.00
      11.375     0.999890       658964      9102.22
      11.599     0.999902       658972     10240.00
      11.791     0.999915       658980     11702.86
      12.055     0.999927       658988     13653.33
      12.495     0.999939       658996     16384.00
      12.823     0.999945       659000     18204.44
      13.079     0.999951       659005     20480.00
      13.223     0.999957       659008     23405.71
      13.599     0.999963       659013     27306.67
      13.815     0.999969       659017     32768.00
      13.831     0.999973       659018     36408.89
      14.087     0.999976       659020     40960.00
      14.303     0.999979       659022     46811.43
      14.463     0.999982       659024     54613.33
      14.487     0.999985       659026     65536.00
      14.535     0.999986       659027     72817.78
      15.015     0.999988       659028     81920.00
      15.183     0.999989       659029     93622.86
      15.191     0.999991       659030    109226.67
      15.671     0.999992       659032    131072.00
      15.671     0.999993       659032    145635.56
      15.671     0.999994       659032    163840.00
      15.751     0.999995       659033    187245.71
      15.751     0.999995       659033    218453.33
      15.783     0.999996       659034    262144.00
      15.783     0.999997       659034    291271.11
      15.783     0.999997       659034    327680.00
      16.431     0.999997       659035    374491.43
      16.431     0.999998       659035    436906.67
      16.431     0.999998       659035    524288.00
      16.431     0.999998       659035    582542.22
      16.431     0.999998       659035    655360.00
      18.111     0.999999       659036    748982.86
      18.111     1.000000       659036          inf
#[Mean    =        0.924, StdDeviation   =        0.489]
#[Max     =       18.096, Total count    =       659036]
#[Buckets =           27, SubBuckets     =         2048]
----------------------------------------------------------
  719592 requests in 2.00m, 78.92MB read
Requests/sec:   5996.51
Transfer/sec:    673.44KB
