Running 2m test @ http://localhost:9003/api/v1/user?id=1
  4 threads and 128 connections
  Thread calibration: mean lat.: 514.185ms, rate sampling interval: 1328ms
  Thread calibration: mean lat.: 514.963ms, rate sampling interval: 1349ms
  Thread calibration: mean lat.: 517.308ms, rate sampling interval: 1341ms
  Thread calibration: mean lat.: 519.620ms, rate sampling interval: 1372ms
  Thread Stats   Avg      Stdev     Max   +/- Stdev
    Latency   987.84ms  939.71ms   2.83s    44.75%
    Req/Sec     3.02k   529.56     4.96k    90.43%
  Latency Distribution (HdrHistogram - Recorded Latency)
 50.000%  522.49ms
 75.000%    2.02s 
 90.000%    2.27s 
 99.000%    2.43s 
 99.900%    2.68s 
 99.990%    2.78s 
 99.999%    2.81s 
100.000%    2.83s 

  Detailed Percentile spectrum:
       Value   Percentile   TotalCount 1/(1-Percentile)

       0.127     0.000000            1         1.00
       0.864     0.100000       132609         1.11
       1.467     0.200000       265131         1.25
     190.335     0.300000       397641         1.43
     377.855     0.400000       530296         1.67
     522.495     0.500000       662710         2.00
     582.143     0.550000       729444         2.22
    1316.863     0.600000       795191         2.50
    1868.799     0.650000       862277         2.86
    1940.479     0.700000       928386         3.33
    2017.279     0.750000       994290         4.00
    2062.335     0.775000      1027753         4.44
    2109.439     0.800000      1061580         5.00
    2154.495     0.825000      1093792         5.71
    2191.359     0.850000      1126744         6.67
    2232.319     0.875000      1160969         8.00
    2248.703     0.887500      1176835         8.89
    2269.183     0.900000      1194283        10.00
    2287.615     0.912500      1210717        11.43
    2306.047     0.925000      1226962        13.33
    2324.479     0.937500      1243902        16.00
    2332.671     0.943750      1251051        17.78
    2342.911     0.950000      1259510        20.00
    2353.151     0.956250      1267853        22.86
    2363.391     0.962500      1275992        26.67
    2373.631     0.968750      1284435        32.00
    2379.775     0.971875      1289105        35.56
    2385.919     0.975000      1292914        40.00
    2392.063     0.978125      1296294        45.71
    2400.255     0.981250      1300424        53.33
    2408.447     0.984375      1304573        64.00
    2414.591     0.985938      1307507        71.11
    2418.687     0.987500      1309210        80.00
    2424.831     0.989062      1311223        91.43
    2430.975     0.990625      1313091       106.67
    2439.167     0.992188      1315262       128.00
    2443.263     0.992969      1316212       142.22
    2447.359     0.993750      1317091       160.00
    2453.503     0.994531      1318104       182.86
    2465.791     0.995313      1319174       213.33
    2480.127     0.996094      1320101       256.00
    2496.511     0.996484      1320639       284.44
    2521.087     0.996875      1321130       320.00
    2549.759     0.997266      1321639       365.71
    2580.479     0.997656      1322184       426.67
    2609.151     0.998047      1322695       512.00
    2623.487     0.998242      1322945       568.89
    2637.823     0.998437      1323203       640.00
    2652.159     0.998633      1323448       731.43
    2668.543     0.998828      1323727       853.33
    2682.879     0.999023      1323968      1024.00
    2691.071     0.999121      1324104      1137.78
    2699.263     0.999219      1324232      1280.00
    2707.455     0.999316      1324359      1462.86
    2715.647     0.999414      1324487      1706.67
    2723.839     0.999512      1324609      2048.00
    2729.983     0.999561      1324687      2275.56
    2734.079     0.999609      1324741      2560.00
    2740.223     0.999658      1324824      2925.71
    2746.367     0.999707      1324888      3413.33
    2752.511     0.999756      1324948      4096.00
    2756.607     0.999780      1324984      4551.11
    2758.655     0.999805      1325003      5120.00
    2762.751     0.999829      1325031      5851.43
    2768.895     0.999854      1325078      6826.67
    2772.991     0.999878      1325107      8192.00
    2775.039     0.999890      1325116      9102.22
    2777.087     0.999902      1325133     10240.00
    2781.183     0.999915      1325155     11702.86
    2783.231     0.999927      1325166     13653.33
    2787.327     0.999939      1325187     16384.00
    2787.327     0.999945      1325187     18204.44
    2789.375     0.999951      1325194     20480.00
    2791.423     0.999957      1325202     23405.71
    2793.471     0.999963      1325209     27306.67
    2797.567     0.999969      1325224     32768.00
    2797.567     0.999973      1325224     36408.89
    2797.567     0.999976      1325224     40960.00
    2801.663     0.999979      1325232     46811.43
    2801.663     0.999982      1325232     54613.33
    2803.711     0.999985      1325236     65536.00
    2805.759     0.999986      1325242     72817.78
    2805.759     0.999988      1325242     81920.00
    2805.759     0.999989      1325242     93622.86
    2807.807     0.999991      1325245    109226.67
    2809.855     0.999992      1325246    131072.00
    2811.903     0.999993      1325248    145635.56
    2811.903     0.999994      1325248    163840.00
    2813.951     0.999995      1325249    187245.71
    2818.047     0.999995      1325250    218453.33
    2820.095     0.999996      1325251    262144.00
    2822.143     0.999997      1325253    291271.11
    2822.143     0.999997      1325253    327680.00
    2822.143     0.999997      1325253    374491.43
    2822.143     0.999998      1325253    436906.67
    2826.239     0.999998      1325254    524288.00
    2826.239     0.999998      1325254    582542.22
    2826.239     0.999998      1325254    655360.00
    2830.335     0.999999      1325256    748982.86
    2830.335     1.000000      1325256          inf
#[Mean    =      987.840, StdDeviation   =      939.714]
#[Max     =     2828.288, Total count    =      1325256]
#[Buckets =           27, SubBuckets     =         2048]
----------------------------------------------------------
  1439110 requests in 2.00m, 157.83MB read
Requests/sec:  11992.54
Transfer/sec:      1.32MB
