Running 2m test @ http://localhost:9008/api/v1/users
  4 threads and 128 connections
  Thread calibration: mean lat.: 1.413ms, rate sampling interval: 10ms
  Thread calibration: mean lat.: 1.410ms, rate sampling interval: 10ms
  Thread calibration: mean lat.: 1.407ms, rate sampling interval: 10ms
  Thread calibration: mean lat.: 3.051ms, rate sampling interval: 10ms
  Thread Stats   Avg      Stdev     Max   +/- Stdev
    Latency     1.77ms    0.88ms   6.52ms   68.90%
    Req/Sec   473.62    568.13     3.56k    96.27%
  Latency Distribution (HdrHistogram - Recorded Latency)
 50.000%    1.52ms
 75.000%    2.21ms
 90.000%    3.19ms
 99.000%    4.09ms
 99.900%    4.81ms
 99.990%    5.76ms
 99.999%    6.22ms
100.000%    6.52ms

  Detailed Percentile spectrum:
       Value   Percentile   TotalCount 1/(1-Percentile)

       0.538     0.000000            2         1.00
       0.851     0.100000        19804         1.11
       1.035     0.200000        39596         1.25
       1.199     0.300000        59366         1.43
       1.361     0.400000        79131         1.67
       1.520     0.500000        98904         2.00
       1.595     0.550000       108830         2.22
       1.685     0.600000       118652         2.50
       1.813     0.650000       128542         2.86
       1.987     0.700000       138428         3.33
       2.213     0.750000       148321         4.00
       2.383     0.775000       153262         4.44
       2.577     0.800000       158194         5.00
       2.753     0.825000       163173         5.71
       2.909     0.850000       168126         6.67
       3.049     0.875000       173073         8.00
       3.117     0.887500       175519         8.89
       3.187     0.900000       177975        10.00
       3.265     0.912500       180480        11.43
       3.343     0.925000       182947        13.33
       3.425     0.937500       185371        16.00
       3.473     0.943750       186608        17.78
       3.523     0.950000       187872        20.00
       3.577     0.956250       189087        22.86
       3.637     0.962500       190327        26.67
       3.707     0.968750       191565        32.00
       3.745     0.971875       192174        35.56
       3.793     0.975000       192798        40.00
       3.837     0.978125       193402        45.71
       3.889     0.981250       194024        53.33
       3.951     0.984375       194637        64.00
       3.983     0.985938       194948        71.11
       4.025     0.987500       195254        80.00
       4.069     0.989062       195571        91.43
       4.115     0.990625       195882       106.67
       4.171     0.992188       196192       128.00
       4.207     0.992969       196340       142.22
       4.239     0.993750       196490       160.00
       4.287     0.994531       196656       182.86
       4.327     0.995313       196799       213.33
       4.383     0.996094       196953       256.00
       4.419     0.996484       197033       284.44
       4.451     0.996875       197113       320.00
       4.487     0.997266       197188       365.71
       4.543     0.997656       197269       426.67
       4.587     0.998047       197340       512.00
       4.627     0.998242       197380       568.89
       4.659     0.998437       197422       640.00
       4.699     0.998633       197455       731.43
       4.755     0.998828       197494       853.33
       4.819     0.999023       197534      1024.00
       4.851     0.999121       197552      1137.78
       4.919     0.999219       197572      1280.00
       4.971     0.999316       197590      1462.86
       5.039     0.999414       197610      1706.67
       5.119     0.999512       197629      2048.00
       5.163     0.999561       197639      2275.56
       5.211     0.999609       197648      2560.00
       5.291     0.999658       197658      2925.71
       5.371     0.999707       197668      3413.33
       5.431     0.999756       197677      4096.00
       5.455     0.999780       197682      4551.11
       5.471     0.999805       197687      5120.00
       5.535     0.999829       197692      5851.43
       5.595     0.999854       197697      6826.67
       5.631     0.999878       197701      8192.00
       5.743     0.999890       197704      9102.22
       5.763     0.999902       197707     10240.00
       5.791     0.999915       197709     11702.86
       5.883     0.999927       197711     13653.33
       5.911     0.999939       197713     16384.00
       5.939     0.999945       197715     18204.44
       5.955     0.999951       197717     20480.00
       5.955     0.999957       197717     23405.71
       5.959     0.999963       197718     27306.67
       6.023     0.999969       197719     32768.00
       6.027     0.999973       197720     36408.89
       6.075     0.999976       197721     40960.00
       6.075     0.999979       197721     46811.43
       6.083     0.999982       197722     54613.33
       6.083     0.999985       197722     65536.00
       6.219     0.999986       197723     72817.78
       6.219     0.999988       197723     81920.00
       6.219     0.999989       197723     93622.86
       6.343     0.999991       197724    109226.67
       6.343     0.999992       197724    131072.00
       6.343     0.999993       197724    145635.56
       6.343     0.999994       197724    163840.00
       6.343     0.999995       197724    187245.71
       6.523     0.999995       197725    218453.33
       6.523     1.000000       197725          inf
#[Mean    =        1.769, StdDeviation   =        0.876]
#[Max     =        6.520, Total count    =       197725]
#[Buckets =           27, SubBuckets     =         2048]
----------------------------------------------------------
  215513 requests in 2.00m, 1.89GB read
Requests/sec:   1795.30
Transfer/sec:     16.11MB
