Running 2m test @ http://localhost:9003/api/v1/users
  4 threads and 128 connections
  Thread calibration: mean lat.: 1.304ms, rate sampling interval: 10ms
  Thread calibration: mean lat.: 1.340ms, rate sampling interval: 10ms
  Thread calibration: mean lat.: 1.309ms, rate sampling interval: 10ms
  Thread calibration: mean lat.: 1.319ms, rate sampling interval: 10ms
  Thread Stats   Avg      Stdev     Max   +/- Stdev
    Latency     1.32ms  443.88us  16.88ms   66.03%
    Req/Sec   527.10    109.91     0.90k    57.66%
  Latency Distribution (HdrHistogram - Recorded Latency)
 50.000%    1.28ms
 75.000%    1.61ms
 90.000%    1.95ms
 99.000%    2.37ms
 99.900%    2.70ms
 99.990%    4.51ms
 99.999%   11.46ms
100.000%   16.90ms

  Detailed Percentile spectrum:
       Value   Percentile   TotalCount 1/(1-Percentile)

       0.521     0.000000            1         1.00
       0.773     0.100000        22058         1.11
       0.913     0.200000        44117         1.25
       1.034     0.300000        65947         1.43
       1.156     0.400000        88013         1.67
       1.283     0.500000       109991         2.00
       1.346     0.550000       120877         2.22
       1.411     0.600000       131857         2.50
       1.476     0.650000       142845         2.86
       1.542     0.700000       153795         3.33
       1.610     0.750000       164865         4.00
       1.651     0.775000       170339         4.44
       1.697     0.800000       175763         5.00
       1.749     0.825000       181243         5.71
       1.810     0.850000       186802         6.67
       1.873     0.875000       192246         8.00
       1.908     0.887500       194980         8.89
       1.945     0.900000       197725        10.00
       1.985     0.912500       200504        11.43
       2.025     0.925000       203205        13.33
       2.071     0.937500       206035        16.00
       2.093     0.943750       207330        17.78
       2.117     0.950000       208698        20.00
       2.141     0.956250       210062        22.86
       2.167     0.962500       211502        26.67
       2.197     0.968750       212825        32.00
       2.215     0.971875       213533        35.56
       2.235     0.975000       214212        40.00
       2.255     0.978125       214879        45.71
       2.279     0.981250       215603        53.33
       2.305     0.984375       216275        64.00
       2.321     0.985938       216611        71.11
       2.337     0.987500       216939        80.00
       2.355     0.989062       217277        91.43
       2.377     0.990625       217646       106.67
       2.399     0.992188       217972       128.00
       2.411     0.992969       218131       142.22
       2.427     0.993750       218316       160.00
       2.443     0.994531       218472       182.86
       2.463     0.995313       218659       213.33
       2.485     0.996094       218825       256.00
       2.497     0.996484       218905       284.44
       2.511     0.996875       218989       320.00
       2.531     0.997266       219082       365.71
       2.547     0.997656       219162       426.67
       2.575     0.998047       219247       512.00
       2.591     0.998242       219289       568.89
       2.609     0.998437       219332       640.00
       2.631     0.998633       219373       731.43
       2.661     0.998828       219416       853.33
       2.711     0.999023       219458      1024.00
       2.749     0.999121       219479      1137.78
       2.857     0.999219       219501      1280.00
       3.017     0.999316       219522      1462.86
       3.169     0.999414       219546      1706.67
       3.277     0.999512       219566      2048.00
       3.351     0.999561       219576      2275.56
       3.421     0.999609       219587      2560.00
       3.493     0.999658       219597      2925.71
       3.605     0.999707       219608      3413.33
       3.811     0.999756       219619      4096.00
       3.853     0.999780       219624      4551.11
       3.929     0.999805       219630      5120.00
       4.031     0.999829       219635      5851.43
       4.071     0.999854       219640      6826.67
       4.243     0.999878       219646      8192.00
       4.371     0.999890       219648      9102.22
       4.623     0.999902       219651     10240.00
       4.843     0.999915       219654     11702.86
       5.447     0.999927       219656     13653.33
       6.815     0.999939       219659     16384.00
       6.987     0.999945       219660     18204.44
       7.503     0.999951       219662     20480.00
       8.147     0.999957       219663     23405.71
       8.163     0.999963       219664     27306.67
       8.455     0.999969       219666     32768.00
       8.455     0.999973       219666     36408.89
      10.695     0.999976       219667     40960.00
      10.727     0.999979       219668     46811.43
      10.727     0.999982       219668     54613.33
      10.951     0.999985       219669     65536.00
      10.951     0.999986       219669     72817.78
      11.463     0.999988       219670     81920.00
      11.463     0.999989       219670     93622.86
      11.463     0.999991       219670    109226.67
      12.271     0.999992       219671    131072.00
      12.271     0.999993       219671    145635.56
      12.271     0.999994       219671    163840.00
      12.271     0.999995       219671    187245.71
      12.271     0.999995       219671    218453.33
      16.895     0.999996       219672    262144.00
      16.895     1.000000       219672          inf
#[Mean    =        1.322, StdDeviation   =        0.444]
#[Max     =       16.880, Total count    =       219672]
#[Buckets =           27, SubBuckets     =         2048]
----------------------------------------------------------
  239904 requests in 2.00m, 2.06GB read
Requests/sec:   1999.16
Transfer/sec:     17.57MB
