Running 5m test @ http://localhost:8080/api/v1/user?id=1
  4 threads and 32 connections
  Thread calibration: mean lat.: 0.971ms, rate sampling interval: 10ms
  Thread calibration: mean lat.: 0.966ms, rate sampling interval: 10ms
  Thread calibration: mean lat.: 0.950ms, rate sampling interval: 10ms
  Thread calibration: mean lat.: 0.959ms, rate sampling interval: 10ms
  Thread Stats   Avg      Stdev     Max   +/- Stdev
    Latency     0.94ms  428.84us  19.84ms   65.11%
    Req/Sec   265.87     77.33     0.89k    88.11%
  Latency Distribution (HdrHistogram - Recorded Latency)
 50.000%    0.95ms
 75.000%    1.21ms
 90.000%    1.53ms
 99.000%    1.80ms
 99.900%    2.01ms
 99.990%    5.04ms
 99.999%   19.55ms
100.000%   19.85ms

  Detailed Percentile spectrum:
       Value   Percentile   TotalCount 1/(1-Percentile)

       0.108     0.000000            1         1.00
       0.348     0.100000        29108         1.11
       0.561     0.200000        58168         1.25
       0.715     0.300000        87084         1.43
       0.847     0.400000       116057         1.67
       0.951     0.500000       145248         2.00
       1.001     0.550000       159687         2.22
       1.052     0.600000       174105         2.50
       1.103     0.650000       188758         2.86
       1.151     0.700000       203151         3.33
       1.212     0.750000       217618         4.00
       1.259     0.775000       224793         4.44
       1.311     0.800000       232004         5.00
       1.367     0.825000       239279         5.71
       1.425     0.850000       246593         6.67
       1.476     0.875000       253827         8.00
       1.500     0.887500       257365         8.89
       1.526     0.900000       261062        10.00
       1.553     0.912500       264701        11.43
       1.582     0.925000       268220        13.33
       1.612     0.937500       271909        16.00
       1.628     0.943750       273730        17.78
       1.645     0.950000       275540        20.00
       1.662     0.956250       277294        22.86
       1.681     0.962500       279164        26.67
       1.700     0.968750       280982        32.00
       1.710     0.971875       281863        35.56
       1.721     0.975000       282743        40.00
       1.734     0.978125       283650        45.71
       1.749     0.981250       284568        53.33
       1.765     0.984375       285473        64.00
       1.773     0.985938       285901        71.11
       1.783     0.987500       286370        80.00
       1.794     0.989062       286796        91.43
       1.807     0.990625       287258       106.67
       1.822     0.992188       287708       128.00
       1.831     0.992969       287921       142.22
       1.841     0.993750       288156       160.00
       1.852     0.994531       288378       182.86
       1.864     0.995313       288601       213.33
       1.882     0.996094       288830       256.00
       1.893     0.996484       288943       284.44
       1.906     0.996875       289061       320.00
       1.919     0.997266       289168       365.71
       1.933     0.997656       289283       426.67
       1.949     0.998047       289395       512.00
       1.958     0.998242       289453       568.89
       1.968     0.998437       289506       640.00
       1.981     0.998633       289564       731.43
       1.994     0.998828       289619       853.33
       2.009     0.999023       289675      1024.00
       2.018     0.999121       289705      1137.78
       2.026     0.999219       289732      1280.00
       2.036     0.999316       289762      1462.86
       2.047     0.999414       289789      1706.67
       2.059     0.999512       289820      2048.00
       2.063     0.999561       289831      2275.56
       2.071     0.999609       289845      2560.00
       2.077     0.999658       289859      2925.71
       2.091     0.999707       289874      3413.33
       2.129     0.999756       289888      4096.00
       2.165     0.999780       289894      4551.11
       2.187     0.999805       289901      5120.00
       2.383     0.999829       289908      5851.43
       2.553     0.999854       289915      6826.67
       2.881     0.999878       289922      8192.00
       4.511     0.999890       289926      9102.22
       5.063     0.999902       289929     10240.00
       5.675     0.999915       289933     11702.86
       7.203     0.999927       289936     13653.33
       8.035     0.999939       289940     16384.00
       8.231     0.999945       289942     18204.44
       8.319     0.999951       289943     20480.00
       9.775     0.999957       289945     23405.71
       9.895     0.999963       289948     27306.67
       9.911     0.999969       289949     32768.00
      15.063     0.999973       289950     36408.89
      15.063     0.999976       289950     40960.00
      15.247     0.999979       289952     46811.43
      15.247     0.999982       289952     54613.33
      15.287     0.999985       289953     65536.00
      19.551     0.999986       289954     72817.78
      19.551     0.999988       289954     81920.00
      19.551     0.999989       289954     93622.86
      19.583     0.999991       289956    109226.67
      19.583     0.999992       289956    131072.00
      19.583     0.999993       289956    145635.56
      19.583     0.999994       289956    163840.00
      19.583     0.999995       289956    187245.71
      19.583     0.999995       289956    218453.33
      19.583     0.999996       289956    262144.00
      19.855     0.999997       289957    291271.11
      19.855     1.000000       289957          inf
#[Mean    =        0.944, StdDeviation   =        0.429]
#[Max     =       19.840, Total count    =       289957]
#[Buckets =           27, SubBuckets     =         2048]
----------------------------------------------------------
  299997 requests in 5.00m, 32.90MB read
Requests/sec:    999.99
Transfer/sec:    112.30KB
