Running 5m test @ http://localhost:8080/api/v1/user?id=1
  4 threads and 32 connections
  Thread calibration: mean lat.: 0.793ms, rate sampling interval: 10ms
  Thread calibration: mean lat.: 0.765ms, rate sampling interval: 10ms
  Thread calibration: mean lat.: 0.745ms, rate sampling interval: 10ms
  Thread calibration: mean lat.: 0.747ms, rate sampling interval: 10ms
  Thread Stats   Avg      Stdev     Max   +/- Stdev
    Latency   844.12us  342.04us  12.18ms   66.42%
    Req/Sec   263.04     77.97   666.00     87.08%
  Latency Distribution (HdrHistogram - Recorded Latency)
 50.000%    0.85ms
 75.000%    1.09ms
 90.000%    1.29ms
 99.000%    1.59ms
 99.900%    1.80ms
 99.990%    1.99ms
 99.999%    7.15ms
100.000%   12.18ms

  Detailed Percentile spectrum:
       Value   Percentile   TotalCount 1/(1-Percentile)

       0.072     0.000000            1         1.00
       0.392     0.100000        29053         1.11
       0.539     0.200000        58152         1.25
       0.649     0.300000        87070         1.43
       0.751     0.400000       116007         1.67
       0.850     0.500000       145192         2.00
       0.896     0.550000       159727         2.22
       0.942     0.600000       173998         2.50
       0.989     0.650000       188647         2.86
       1.035     0.700000       203236         3.33
       1.086     0.750000       217481         4.00
       1.114     0.775000       224853         4.44
       1.140     0.800000       231971         5.00
       1.170     0.825000       239308         5.71
       1.206     0.850000       246538         6.67
       1.246     0.875000       253805         8.00
       1.267     0.887500       257409         8.89
       1.290     0.900000       261077        10.00
       1.313     0.912500       264604        11.43
       1.339     0.925000       268252        13.33
       1.367     0.937500       271899        16.00
       1.382     0.943750       273652        17.78
       1.400     0.950000       275508        20.00
       1.419     0.956250       277295        22.86
       1.440     0.962500       279100        26.67
       1.463     0.968750       280908        32.00
       1.477     0.971875       281853        35.56
       1.491     0.975000       282715        40.00
       1.507     0.978125       283622        45.71
       1.526     0.981250       284550        53.33
       1.547     0.984375       285437        64.00
       1.560     0.985938       285893        71.11
       1.573     0.987500       286362        80.00
       1.586     0.989062       286814        91.43
       1.601     0.990625       287248       106.67
       1.619     0.992188       287700       128.00
       1.630     0.992969       287928       142.22
       1.641     0.993750       288153       160.00
       1.654     0.994531       288389       182.86
       1.668     0.995313       288602       213.33
       1.683     0.996094       288838       256.00
       1.693     0.996484       288952       284.44
       1.704     0.996875       289054       320.00
       1.716     0.997266       289169       365.71
       1.731     0.997656       289285       426.67
       1.745     0.998047       289393       512.00
       1.755     0.998242       289452       568.89
       1.767     0.998437       289509       640.00
       1.777     0.998633       289564       731.43
       1.791     0.998828       289621       853.33
       1.804     0.999023       289676      1024.00
       1.814     0.999121       289707      1137.78
       1.828     0.999219       289733      1280.00
       1.842     0.999316       289761      1462.86
       1.854     0.999414       289790      1706.67
       1.876     0.999512       289820      2048.00
       1.884     0.999561       289833      2275.56
       1.896     0.999609       289848      2560.00
       1.907     0.999658       289861      2925.71
       1.921     0.999707       289875      3413.33
       1.931     0.999756       289890      4096.00
       1.936     0.999780       289896      4551.11
       1.939     0.999805       289904      5120.00
       1.946     0.999829       289911      5851.43
       1.960     0.999854       289917      6826.67
       1.966     0.999878       289924      8192.00
       1.981     0.999890       289928      9102.22
       1.986     0.999902       289931     10240.00
       2.012     0.999915       289935     11702.86
       2.022     0.999927       289938     13653.33
       2.039     0.999939       289943     16384.00
       2.041     0.999945       289944     18204.44
       2.046     0.999951       289945     20480.00
       2.065     0.999957       289947     23405.71
       2.083     0.999963       289949     27306.67
       2.105     0.999969       289951     32768.00
       2.121     0.999973       289952     36408.89
       2.121     0.999976       289952     40960.00
       6.819     0.999979       289953     46811.43
       6.947     0.999982       289954     54613.33
       7.015     0.999985       289955     65536.00
       7.151     0.999986       289956     72817.78
       7.151     0.999988       289956     81920.00
       7.151     0.999989       289956     93622.86
      11.967     0.999991       289957    109226.67
      11.967     0.999992       289957    131072.00
      12.071     0.999993       289958    145635.56
      12.071     0.999994       289958    163840.00
      12.071     0.999995       289958    187245.71
      12.071     0.999995       289958    218453.33
      12.071     0.999996       289958    262144.00
      12.183     0.999997       289959    291271.11
      12.183     1.000000       289959          inf
#[Mean    =        0.844, StdDeviation   =        0.342]
#[Max     =       12.176, Total count    =       289959]
#[Buckets =           27, SubBuckets     =         2048]
----------------------------------------------------------
  299999 requests in 5.00m, 35.76MB read
Requests/sec:    999.99
Transfer/sec:    122.07KB
