Running 2m test @ http://localhost:9000/api/v1/user?id=1
  4 threads and 128 connections
  Thread calibration: mean lat.: 1.048ms, rate sampling interval: 10ms
  Thread calibration: mean lat.: 1.046ms, rate sampling interval: 10ms
  Thread calibration: mean lat.: 1.040ms, rate sampling interval: 10ms
  Thread calibration: mean lat.: 1.037ms, rate sampling interval: 10ms
  Thread Stats   Avg      Stdev     Max   +/- Stdev
    Latency     1.00ms  677.61us  37.79ms   84.69%
    Req/Sec     7.90k   477.33    21.00k    72.61%
  Latency Distribution (HdrHistogram - Recorded Latency)
 50.000%    0.96ms
 75.000%    1.33ms
 90.000%    1.63ms
 99.000%    2.16ms
 99.900%    2.76ms
 99.990%   30.35ms
 99.999%   35.84ms
100.000%   37.82ms

  Detailed Percentile spectrum:
       Value   Percentile   TotalCount 1/(1-Percentile)

       0.074     0.000000            1         1.00
       0.376     0.100000       329666         1.11
       0.532     0.200000       661189         1.25
       0.675     0.300000       989853         1.43
       0.816     0.400000      1318948         1.67
       0.959     0.500000      1648750         2.00
       1.031     0.550000      1813498         2.22
       1.104     0.600000      1978601         2.50
       1.178     0.650000      2142316         2.86
       1.254     0.700000      2308510         3.33
       1.330     0.750000      2471542         4.00
       1.370     0.775000      2555197         4.44
       1.411     0.800000      2636652         5.00
       1.457     0.825000      2719857         5.71
       1.507     0.850000      2801234         6.67
       1.564     0.875000      2883576         8.00
       1.596     0.887500      2925346         8.89
       1.630     0.900000      2966134        10.00
       1.668     0.912500      3007581        11.43
       1.710     0.925000      3048364        13.33
       1.759     0.937500      3089959        16.00
       1.786     0.943750      3110257        17.78
       1.816     0.950000      3130942        20.00
       1.848     0.956250      3151170        22.86
       1.885     0.962500      3171662        26.67
       1.927     0.968750      3192546        32.00
       1.951     0.971875      3202862        35.56
       1.976     0.975000      3212948        40.00
       2.005     0.978125      3223383        45.71
       2.036     0.981250      3233448        53.33
       2.073     0.984375      3243742        64.00
       2.095     0.985938      3249325        71.11
       2.117     0.987500      3254241        80.00
       2.143     0.989062      3259451        91.43
       2.171     0.990625      3264417       106.67
       2.205     0.992188      3269463       128.00
       2.225     0.992969      3272106       142.22
       2.247     0.993750      3274653       160.00
       2.273     0.994531      3277301       182.86
       2.301     0.995313      3279814       213.33
       2.335     0.996094      3282327       256.00
       2.357     0.996484      3283728       284.44
       2.379     0.996875      3284930       320.00
       2.405     0.997266      3286215       365.71
       2.439     0.997656      3287512       426.67
       2.483     0.998047      3288806       512.00
       2.509     0.998242      3289417       568.89
       2.543     0.998437      3290065       640.00
       2.589     0.998633      3290697       731.43
       2.657     0.998828      3291342       853.33
       2.779     0.999023      3291983      1024.00
       2.885     0.999121      3292301      1137.78
       3.033     0.999219      3292627      1280.00
       3.259     0.999316      3292945      1462.86
       3.669     0.999414      3293268      1706.67
       4.619     0.999512      3293589      2048.00
       6.015     0.999561      3293749      2275.56
       9.743     0.999609      3293910      2560.00
      13.519     0.999658      3294071      2925.71
      17.407     0.999707      3294232      3413.33
      20.687     0.999756      3294393      4096.00
      22.751     0.999780      3294474      4551.11
      24.655     0.999805      3294555      5120.00
      26.175     0.999829      3294634      5851.43
      27.663     0.999854      3294715      6826.67
      28.911     0.999878      3294795      8192.00
      29.759     0.999890      3294835      9102.22
      30.415     0.999902      3294878     10240.00
      30.975     0.999915      3294916     11702.86
      31.919     0.999927      3294956     13653.33
      32.703     0.999939      3294996     16384.00
      32.959     0.999945      3295016     18204.44
      33.247     0.999951      3295037     20480.00
      33.663     0.999957      3295058     23405.71
      34.015     0.999963      3295077     27306.67
      34.431     0.999969      3295100     32768.00
      34.623     0.999973      3295109     36408.89
      34.943     0.999976      3295117     40960.00
      35.135     0.999979      3295127     46811.43
      35.359     0.999982      3295137     54613.33
      35.615     0.999985      3295150     65536.00
      35.647     0.999986      3295152     72817.78
      35.743     0.999988      3295158     81920.00
      35.775     0.999989      3295162     93622.86
      35.903     0.999991      3295168    109226.67
      36.159     0.999992      3295172    131072.00
      36.255     0.999993      3295175    145635.56
      36.319     0.999994      3295177    163840.00
      36.639     0.999995      3295180    187245.71
      36.671     0.999995      3295182    218453.33
      36.735     0.999996      3295185    262144.00
      36.767     0.999997      3295186    291271.11
      36.927     0.999997      3295187    327680.00
      37.055     0.999997      3295190    374491.43
      37.055     0.999998      3295190    436906.67
      37.119     0.999998      3295191    524288.00
      37.215     0.999998      3295192    582542.22
      37.215     0.999998      3295192    655360.00
      37.279     0.999999      3295193    748982.86
      37.311     0.999999      3295194    873813.33
      37.311     0.999999      3295194   1048576.00
      37.343     0.999999      3295195   1165084.44
      37.343     0.999999      3295195   1310720.00
      37.343     0.999999      3295195   1497965.71
      37.791     0.999999      3295196   1747626.67
      37.791     1.000000      3295196   2097152.00
      37.791     1.000000      3295196   2330168.89
      37.791     1.000000      3295196   2621440.00
      37.791     1.000000      3295196   2995931.43
      37.823     1.000000      3295197   3495253.33
      37.823     1.000000      3295197          inf
#[Mean    =        0.998, StdDeviation   =        0.678]
#[Max     =       37.792, Total count    =      3295197]
#[Buckets =           27, SubBuckets     =         2048]
----------------------------------------------------------
  3597696 requests in 2.00m, 428.88MB read
Requests/sec:  29980.75
Transfer/sec:      3.57MB
