Running 2m test @ http://localhost:9002/api/v1/users
  4 threads and 128 connections
  Thread calibration: mean lat.: 1.568ms, rate sampling interval: 10ms
  Thread calibration: mean lat.: 1.581ms, rate sampling interval: 10ms
  Thread calibration: mean lat.: 1.550ms, rate sampling interval: 10ms
  Thread calibration: mean lat.: 1.563ms, rate sampling interval: 10ms
  Thread Stats   Avg      Stdev     Max   +/- Stdev
    Latency     1.57ms  668.96us  39.94ms   82.98%
    Req/Sec     1.05k    89.31     4.67k    86.19%
  Latency Distribution (HdrHistogram - Recorded Latency)
 50.000%    1.50ms
 75.000%    1.87ms
 90.000%    2.26ms
 99.000%    2.74ms
 99.900%    4.14ms
 99.990%   27.98ms
 99.999%   38.08ms
100.000%   39.97ms

  Detailed Percentile spectrum:
       Value   Percentile   TotalCount 1/(1-Percentile)

       0.637     0.000000            1         1.00
       0.967     0.100000        44169         1.11
       1.117     0.200000        87945         1.25
       1.251     0.300000       132000         1.43
       1.376     0.400000       175846         1.67
       1.503     0.500000       219760         2.00
       1.568     0.550000       241850         2.22
       1.635     0.600000       263739         2.50
       1.706     0.650000       285800         2.86
       1.782     0.700000       307792         3.33
       1.868     0.750000       329528         4.00
       1.918     0.775000       340692         4.44
       1.973     0.800000       351525         5.00
       2.034     0.825000       362547         5.71
       2.103     0.850000       373779         6.67
       2.177     0.875000       384594         8.00
       2.217     0.887500       389968         8.89
       2.261     0.900000       395615        10.00
       2.305     0.912500       401037        11.43
       2.351     0.925000       406409        13.33
       2.401     0.937500       411989        16.00
       2.427     0.943750       414842        17.78
       2.453     0.950000       417579        20.00
       2.481     0.956250       420328        22.86
       2.511     0.962500       423005        26.67
       2.545     0.968750       425698        32.00
       2.565     0.971875       427120        35.56
       2.585     0.975000       428408        40.00
       2.609     0.978125       429808        45.71
       2.635     0.981250       431152        53.33
       2.665     0.984375       432521        64.00
       2.681     0.985938       433179        71.11
       2.701     0.987500       433921        80.00
       2.723     0.989062       434604        91.43
       2.747     0.990625       435258       106.67
       2.777     0.992188       435934       128.00
       2.797     0.992969       436288       142.22
       2.815     0.993750       436615       160.00
       2.841     0.994531       436954       182.86
       2.871     0.995313       437304       213.33
       2.909     0.996094       437641       256.00
       2.939     0.996484       437820       284.44
       2.983     0.996875       437990       320.00
       3.059     0.997266       438157       365.71
       3.197     0.997656       438328       426.67
       3.393     0.998047       438500       512.00
       3.519     0.998242       438585       568.89
       3.619     0.998437       438670       640.00
       3.751     0.998633       438757       731.43
       3.935     0.998828       438843       853.33
       4.167     0.999023       438927      1024.00
       4.307     0.999121       438971      1137.78
       4.599     0.999219       439013      1280.00
       5.127     0.999316       439056      1462.86
       6.215     0.999414       439099      1706.67
       8.011     0.999512       439142      2048.00
       9.735     0.999561       439163      2275.56
      12.175     0.999609       439185      2560.00
      15.207     0.999658       439206      2925.71
      17.247     0.999707       439228      3413.33
      19.855     0.999756       439249      4096.00
      20.895     0.999780       439260      4551.11
      22.399     0.999805       439271      5120.00
      23.135     0.999829       439282      5851.43
      23.967     0.999854       439292      6826.67
      25.583     0.999878       439303      8192.00
      27.103     0.999890       439308      9102.22
      28.143     0.999902       439314     10240.00
      29.423     0.999915       439319     11702.86
      30.335     0.999927       439324     13653.33
      31.343     0.999939       439330     16384.00
      32.111     0.999945       439332     18204.44
      32.399     0.999951       439335     20480.00
      32.895     0.999957       439338     23405.71
      33.247     0.999963       439340     27306.67
      34.975     0.999969       439343     32768.00
      35.327     0.999973       439344     36408.89
      35.903     0.999976       439346     40960.00
      36.639     0.999979       439347     46811.43
      36.703     0.999982       439348     54613.33
      37.343     0.999985       439350     65536.00
      37.343     0.999986       439350     72817.78
      37.375     0.999988       439351     81920.00
      38.079     0.999989       439352     93622.86
      38.079     0.999991       439352    109226.67
      38.495     0.999992       439353    131072.00
      38.495     0.999993       439353    145635.56
      38.719     0.999994       439354    163840.00
      38.719     0.999995       439354    187245.71
      38.719     0.999995       439354    218453.33
      39.007     0.999996       439355    262144.00
      39.007     0.999997       439355    291271.11
      39.007     0.999997       439355    327680.00
      39.007     0.999997       439355    374491.43
      39.007     0.999998       439355    436906.67
      39.967     0.999998       439356    524288.00
      39.967     1.000000       439356          inf
#[Mean    =        1.569, StdDeviation   =        0.669]
#[Max     =       39.936, Total count    =       439356]
#[Buckets =           27, SubBuckets     =         2048]
----------------------------------------------------------
  479748 requests in 2.00m, 4.12GB read
Requests/sec:   3997.87
Transfer/sec:     35.15MB
