Running 2m test @ http://localhost:9008/api/v1/user?id=1
  4 threads and 128 connections
  Thread calibration: mean lat.: 1.184ms, rate sampling interval: 10ms
  Thread calibration: mean lat.: 1.178ms, rate sampling interval: 10ms
  Thread calibration: mean lat.: 1.171ms, rate sampling interval: 10ms
  Thread calibration: mean lat.: 1.196ms, rate sampling interval: 10ms
  Thread Stats   Avg      Stdev     Max   +/- Stdev
    Latency     1.17ms  515.62us   9.06ms   65.27%
    Req/Sec     4.21k   269.87     6.00k    69.19%
  Latency Distribution (HdrHistogram - Recorded Latency)
 50.000%    1.12ms
 75.000%    1.53ms
 90.000%    1.87ms
 99.000%    2.42ms
 99.900%    2.99ms
 99.990%    4.80ms
 99.999%    6.80ms
100.000%    9.07ms

  Detailed Percentile spectrum:
       Value   Percentile   TotalCount 1/(1-Percentile)

       0.148     0.000000            1         1.00
       0.522     0.100000       175848         1.11
       0.688     0.200000       352503         1.25
       0.834     0.300000       527759         1.43
       0.976     0.400000       703976         1.67
       1.124     0.500000       879674         2.00
       1.201     0.550000       967444         2.22
       1.278     0.600000      1055292         2.50
       1.358     0.650000      1142896         2.86
       1.442     0.700000      1230444         3.33
       1.531     0.750000      1318716         4.00
       1.577     0.775000      1362396         4.44
       1.625     0.800000      1406447         5.00
       1.676     0.825000      1450404         5.71
       1.732     0.850000      1494551         6.67
       1.794     0.875000      1538139         8.00
       1.828     0.887500      1559929         8.89
       1.865     0.900000      1582093        10.00
       1.905     0.912500      1603937        11.43
       1.949     0.925000      1625770        13.33
       1.998     0.937500      1647601        16.00
       2.027     0.943750      1658680        17.78
       2.059     0.950000      1670057        20.00
       2.093     0.956250      1680887        22.86
       2.131     0.962500      1691646        26.67
       2.175     0.968750      1702680        32.00
       2.199     0.971875      1708106        35.56
       2.227     0.975000      1713839        40.00
       2.255     0.978125      1719061        45.71
       2.289     0.981250      1724584        53.33
       2.329     0.984375      1730123        64.00
       2.351     0.985938      1732790        71.11
       2.375     0.987500      1735487        80.00
       2.403     0.989062      1738307        91.43
       2.435     0.990625      1741023       106.67
       2.473     0.992188      1743833       128.00
       2.493     0.992969      1745145       142.22
       2.517     0.993750      1746494       160.00
       2.545     0.994531      1747827       182.86
       2.577     0.995313      1749220       213.33
       2.615     0.996094      1750589       256.00
       2.637     0.996484      1751273       284.44
       2.663     0.996875      1751965       320.00
       2.693     0.997266      1752640       365.71
       2.729     0.997656      1753332       426.67
       2.775     0.998047      1754028       512.00
       2.803     0.998242      1754366       568.89
       2.833     0.998437      1754698       640.00
       2.873     0.998633      1755039       731.43
       2.923     0.998828      1755380       853.33
       2.995     0.999023      1755716      1024.00
       3.047     0.999121      1755893      1137.78
       3.117     0.999219      1756061      1280.00
       3.215     0.999316      1756233      1462.86
       3.319     0.999414      1756406      1706.67
       3.441     0.999512      1756574      2048.00
       3.533     0.999561      1756660      2275.56
       3.603     0.999609      1756747      2560.00
       3.707     0.999658      1756832      2925.71
       3.845     0.999707      1756918      3413.33
       3.981     0.999756      1757003      4096.00
       4.053     0.999780      1757046      4551.11
       4.187     0.999805      1757089      5120.00
       4.287     0.999829      1757133      5851.43
       4.431     0.999854      1757176      6826.67
       4.583     0.999878      1757218      8192.00
       4.655     0.999890      1757239      9102.22
       4.831     0.999902      1757263     10240.00
       4.963     0.999915      1757283     11702.86
       5.083     0.999927      1757304     13653.33
       5.259     0.999939      1757325     16384.00
       5.315     0.999945      1757336     18204.44
       5.459     0.999951      1757347     20480.00
       5.495     0.999957      1757357     23405.71
       5.627     0.999963      1757368     27306.67
       5.759     0.999969      1757379     32768.00
       5.979     0.999973      1757384     36408.89
       6.107     0.999976      1757390     40960.00
       6.239     0.999979      1757395     46811.43
       6.403     0.999982      1757400     54613.33
       6.471     0.999985      1757406     65536.00
       6.591     0.999986      1757408     72817.78
       6.667     0.999988      1757411     81920.00
       6.803     0.999989      1757414     93622.86
       6.847     0.999991      1757416    109226.67
       7.307     0.999992      1757419    131072.00
       7.347     0.999993      1757420    145635.56
       7.387     0.999994      1757422    163840.00
       7.711     0.999995      1757423    187245.71
       7.731     0.999995      1757424    218453.33
       7.779     0.999996      1757426    262144.00
       7.779     0.999997      1757426    291271.11
       7.967     0.999997      1757427    327680.00
       8.519     0.999997      1757428    374491.43
       8.519     0.999998      1757428    436906.67
       8.887     0.999998      1757429    524288.00
       8.887     0.999998      1757429    582542.22
       8.967     0.999998      1757430    655360.00
       8.967     0.999999      1757430    748982.86
       8.967     0.999999      1757430    873813.33
       8.991     0.999999      1757431   1048576.00
       8.991     0.999999      1757431   1165084.44
       8.991     0.999999      1757431   1310720.00
       8.991     0.999999      1757431   1497965.71
       8.991     0.999999      1757431   1747626.67
       9.071     1.000000      1757432   2097152.00
       9.071     1.000000      1757432          inf
#[Mean    =        1.168, StdDeviation   =        0.516]
#[Max     =        9.064, Total count    =      1757432]
#[Buckets =           27, SubBuckets     =         2048]
----------------------------------------------------------
  1918797 requests in 2.00m, 595.07MB read
Requests/sec:  15989.98
Transfer/sec:      4.96MB
