Running 5m test @ https://localhost:8080/api/v1/user?id=1
  4 threads and 32 connections
  Thread calibration: mean lat.: 0.890ms, rate sampling interval: 10ms
  Thread calibration: mean lat.: 0.880ms, rate sampling interval: 10ms
  Thread calibration: mean lat.: 0.874ms, rate sampling interval: 10ms
  Thread calibration: mean lat.: 0.850ms, rate sampling interval: 10ms
  Thread Stats   Avg      Stdev     Max   +/- Stdev
    Latency     0.90ms  377.70us  13.48ms   64.77%
    Req/Sec   262.97    199.90     0.89k    75.60%
  Latency Distribution (HdrHistogram - Recorded Latency)
 50.000%    0.89ms
 75.000%    1.19ms
 90.000%    1.38ms
 99.000%    1.66ms
 99.900%    1.90ms
 99.990%    2.11ms
 99.999%   11.81ms
100.000%   13.49ms

  Detailed Percentile spectrum:
       Value   Percentile   TotalCount 1/(1-Percentile)

       0.080     0.000000            1         1.00
       0.393     0.100000        29055         1.11
       0.565     0.200000        58146         1.25
       0.692     0.300000        87175         1.43
       0.792     0.400000       116066         1.67
       0.889     0.500000       145021         2.00
       0.942     0.550000       159616         2.22
       0.999     0.600000       174214         2.50
       1.058     0.650000       188673         2.86
       1.121     0.700000       202975         3.33
       1.187     0.750000       217506         4.00
       1.223     0.775000       224870         4.44
       1.256     0.800000       232105         5.00
       1.287     0.825000       239281         5.71
       1.317     0.850000       246687         6.67
       1.347     0.875000       253829         8.00
       1.364     0.887500       257419         8.89
       1.383     0.900000       261116        10.00
       1.405     0.912500       264603        11.43
       1.430     0.925000       268297        13.33
       1.458     0.937500       271838        16.00
       1.474     0.943750       273711        17.78
       1.492     0.950000       275579        20.00
       1.511     0.956250       277323        22.86
       1.532     0.962500       279103        26.67
       1.554     0.968750       280909        32.00
       1.566     0.971875       281815        35.56
       1.580     0.975000       282737        40.00
       1.594     0.978125       283655        45.71
       1.609     0.981250       284540        53.33
       1.626     0.984375       285466        64.00
       1.635     0.985938       285905        71.11
       1.645     0.987500       286341        80.00
       1.657     0.989062       286797        91.43
       1.670     0.990625       287249       106.67
       1.687     0.992188       287708       128.00
       1.696     0.992969       287920       142.22
       1.708     0.993750       288167       160.00
       1.721     0.994531       288382       182.86
       1.737     0.995313       288607       213.33
       1.759     0.996094       288833       256.00
       1.770     0.996484       288940       284.44
       1.786     0.996875       289052       320.00
       1.801     0.997266       289171       365.71
       1.821     0.997656       289281       426.67
       1.837     0.998047       289394       512.00
       1.850     0.998242       289455       568.89
       1.861     0.998437       289505       640.00
       1.874     0.998633       289562       731.43
       1.889     0.998828       289620       853.33
       1.906     0.999023       289675      1024.00
       1.915     0.999121       289707      1137.78
       1.922     0.999219       289734      1280.00
       1.936     0.999316       289761      1462.86
       1.948     0.999414       289792      1706.67
       1.958     0.999512       289818      2048.00
       1.966     0.999561       289832      2275.56
       1.973     0.999609       289846      2560.00
       1.981     0.999658       289859      2925.71
       1.996     0.999707       289874      3413.33
       2.013     0.999756       289888      4096.00
       2.021     0.999780       289895      4551.11
       2.038     0.999805       289902      5120.00
       2.051     0.999829       289912      5851.43
       2.063     0.999854       289916      6826.67
       2.085     0.999878       289923      8192.00
       2.089     0.999890       289927      9102.22
       2.111     0.999902       289930     10240.00
       2.137     0.999915       289934     11702.86
       2.159     0.999927       289937     13653.33
       3.905     0.999939       289941     16384.00
       4.139     0.999945       289943     18204.44
       4.159     0.999951       289944     20480.00
       4.171     0.999957       289946     23405.71
       4.191     0.999963       289948     27306.67
       7.635     0.999969       289950     32768.00
       7.707     0.999973       289951     36408.89
       7.707     0.999976       289951     40960.00
       8.911     0.999979       289952     46811.43
       9.231     0.999982       289953     54613.33
       9.887     0.999985       289954     65536.00
      11.807     0.999986       289955     72817.78
      11.807     0.999988       289955     81920.00
      11.807     0.999989       289955     93622.86
      12.279     0.999991       289956    109226.67
      12.279     0.999992       289956    131072.00
      12.639     0.999993       289957    145635.56
      12.639     0.999994       289957    163840.00
      12.639     0.999995       289957    187245.71
      12.639     0.999995       289957    218453.33
      12.639     0.999996       289957    262144.00
      13.487     0.999997       289958    291271.11
      13.487     1.000000       289958          inf
#[Mean    =        0.898, StdDeviation   =        0.378]
#[Max     =       13.480, Total count    =       289958]
#[Buckets =           27, SubBuckets     =         2048]
----------------------------------------------------------
  299753 requests in 5.00m, 35.73MB read
Requests/sec:    999.15
Transfer/sec:    121.97KB
