Running 2m test @ http://localhost:9006/api/v1/user?id=1
  4 threads and 128 connections
  Thread calibration: mean lat.: 1.572ms, rate sampling interval: 10ms
  Thread calibration: mean lat.: 1.573ms, rate sampling interval: 10ms
  Thread calibration: mean lat.: 1.576ms, rate sampling interval: 10ms
  Thread calibration: mean lat.: 1.561ms, rate sampling interval: 10ms
  Thread Stats   Avg      Stdev     Max   +/- Stdev
    Latency     1.56ms  771.50us  18.83ms   74.77%
    Req/Sec    11.86k     0.87k   16.89k    72.21%
  Latency Distribution (HdrHistogram - Recorded Latency)
 50.000%    1.44ms
 75.000%    1.94ms
 90.000%    2.49ms
 99.000%    3.96ms
 99.900%    6.85ms
 99.990%   10.44ms
 99.999%   14.58ms
100.000%   18.85ms

  Detailed Percentile spectrum:
       Value   Percentile   TotalCount 1/(1-Percentile)

       0.101     0.000000            1         1.00
       0.737     0.100000       495994         1.11
       0.948     0.200000       989398         1.25
       1.120     0.300000      1484391         1.43
       1.280     0.400000      1978379         1.67
       1.442     0.500000      2471736         2.00
       1.528     0.550000      2719201         2.22
       1.619     0.600000      2967301         2.50
       1.716     0.650000      3214141         2.86
       1.822     0.700000      3459944         3.33
       1.942     0.750000      3707325         4.00
       2.009     0.775000      3830913         4.44
       2.083     0.800000      3957002         5.00
       2.163     0.825000      4079152         5.71
       2.255     0.850000      4202790         6.67
       2.361     0.875000      4325993         8.00
       2.421     0.887500      4387227         8.89
       2.489     0.900000      4449442        10.00
       2.565     0.912500      4511053        11.43
       2.653     0.925000      4572593        13.33
       2.757     0.937500      4634323        16.00
       2.817     0.943750      4664861        17.78
       2.887     0.950000      4696279        20.00
       2.965     0.956250      4726841        22.86
       3.057     0.962500      4757756        26.67
       3.167     0.968750      4788719        32.00
       3.231     0.971875      4803851        35.56
       3.307     0.975000      4819528        40.00
       3.393     0.978125      4834668        45.71
       3.497     0.981250      4850165        53.33
       3.623     0.984375      4865555        64.00
       3.697     0.985938      4873270        71.11
       3.785     0.987500      4881081        80.00
       3.891     0.989062      4888832        91.43
       4.019     0.990625      4896478       106.67
       4.183     0.992188      4904179       128.00
       4.287     0.992969      4908091       142.22
       4.407     0.993750      4911923       160.00
       4.555     0.994531      4915817       182.86
       4.731     0.995313      4919630       213.33
       4.951     0.996094      4923508       256.00
       5.083     0.996484      4925394       284.44
       5.239     0.996875      4927322       320.00
       5.415     0.997266      4929280       365.71
       5.627     0.997656      4931182       426.67
       5.883     0.998047      4933119       512.00
       6.039     0.998242      4934103       568.89
       6.207     0.998437      4935054       640.00
       6.395     0.998633      4936011       731.43
       6.615     0.998828      4936979       853.33
       6.891     0.999023      4937951      1024.00
       7.055     0.999121      4938430      1137.78
       7.231     0.999219      4938907      1280.00
       7.435     0.999316      4939387      1462.86
       7.667     0.999414      4939870      1706.67
       7.967     0.999512      4940353      2048.00
       8.131     0.999561      4940596      2275.56
       8.319     0.999609      4940843      2560.00
       8.519     0.999658      4941083      2925.71
       8.735     0.999707      4941318      3413.33
       9.039     0.999756      4941566      4096.00
       9.199     0.999780      4941682      4551.11
       9.407     0.999805      4941801      5120.00
       9.615     0.999829      4941922      5851.43
       9.847     0.999854      4942041      6826.67
      10.127     0.999878      4942162      8192.00
      10.287     0.999890      4942223      9102.22
      10.471     0.999902      4942284     10240.00
      10.687     0.999915      4942346     11702.86
      10.895     0.999927      4942406     13653.33
      11.175     0.999939      4942464     16384.00
      11.351     0.999945      4942494     18204.44
      11.527     0.999951      4942524     20480.00
      11.767     0.999957      4942555     23405.71
      12.015     0.999963      4942584     27306.67
      12.207     0.999969      4942615     32768.00
      12.359     0.999973      4942630     36408.89
      12.487     0.999976      4942645     40960.00
      12.831     0.999979      4942660     46811.43
      13.047     0.999982      4942675     54613.33
      13.367     0.999985      4942691     65536.00
      13.591     0.999986      4942698     72817.78
      13.919     0.999988      4942705     81920.00
      14.367     0.999989      4942713     93622.86
      14.647     0.999991      4942720    109226.67
      14.823     0.999992      4942728    131072.00
      15.023     0.999993      4942732    145635.56
      15.303     0.999994      4942735    163840.00
      15.415     0.999995      4942739    187245.71
      15.639     0.999995      4942743    218453.33
      15.807     0.999996      4942747    262144.00
      16.039     0.999997      4942749    291271.11
      16.047     0.999997      4942750    327680.00
      16.071     0.999997      4942752    374491.43
      16.479     0.999998      4942754    436906.67
      16.591     0.999998      4942756    524288.00
      16.751     0.999998      4942757    582542.22
      16.767     0.999998      4942758    655360.00
      16.911     0.999999      4942759    748982.86
      17.135     0.999999      4942760    873813.33
      17.311     0.999999      4942761   1048576.00
      17.311     0.999999      4942761   1165084.44
      17.647     0.999999      4942762   1310720.00
      17.647     0.999999      4942762   1497965.71
      17.743     0.999999      4942763   1747626.67
      17.743     1.000000      4942763   2097152.00
      17.743     1.000000      4942763   2330168.89
      17.775     1.000000      4942764   2621440.00
      17.775     1.000000      4942764   2995931.43
      17.775     1.000000      4942764   3495253.33
      17.775     1.000000      4942764   4194304.00
      17.775     1.000000      4942764   4660337.78
      18.847     1.000000      4942765   5242880.00
      18.847     1.000000      4942765          inf
#[Mean    =        1.561, StdDeviation   =        0.771]
#[Max     =       18.832, Total count    =      4942765]
#[Buckets =           27, SubBuckets     =         2048]
----------------------------------------------------------
  5396462 requests in 2.00m, 643.31MB read
Requests/sec:  44970.61
Transfer/sec:      5.36MB
