Running 5m test @ http://localhost:8080/api/v1/users
  4 threads and 128 connections
  Thread calibration: mean lat.: 1.523ms, rate sampling interval: 10ms
  Thread calibration: mean lat.: 1.551ms, rate sampling interval: 10ms
  Thread calibration: mean lat.: 1.530ms, rate sampling interval: 10ms
  Thread calibration: mean lat.: 1.527ms, rate sampling interval: 10ms
  Thread Stats   Avg      Stdev     Max   +/- Stdev
    Latency     1.55ms  695.08us  47.97ms   79.94%
    Req/Sec     2.64k   197.04     4.67k    72.62%
  Latency Distribution (HdrHistogram - Recorded Latency)
 50.000%    1.46ms
 75.000%    1.89ms
 90.000%    2.30ms
 99.000%    2.92ms
 99.900%    7.47ms
 99.990%   22.45ms
 99.999%   33.95ms
100.000%   48.00ms

  Detailed Percentile spectrum:
       Value   Percentile   TotalCount 1/(1-Percentile)

       0.452     0.000000            1         1.00
       0.884     0.100000       291273         1.11
       1.046     0.200000       580120         1.25
       1.186     0.300000       870779         1.43
       1.321     0.400000      1160143         1.67
       1.461     0.500000      1450446         2.00
       1.535     0.550000      1595967         2.22
       1.613     0.600000      1740823         2.50
       1.697     0.650000      1884684         2.86
       1.790     0.700000      2029838         3.33
       1.894     0.750000      2173826         4.00
       1.952     0.775000      2247220         4.44
       2.013     0.800000      2319045         5.00
       2.079     0.825000      2392217         5.71
       2.149     0.850000      2465203         6.67
       2.221     0.875000      2536168         8.00
       2.261     0.887500      2573775         8.89
       2.301     0.900000      2610140        10.00
       2.343     0.912500      2645678        11.43
       2.389     0.925000      2681867        13.33
       2.439     0.937500      2717503        16.00
       2.467     0.943750      2735507        17.78
       2.499     0.950000      2754319        20.00
       2.533     0.956250      2771735        22.86
       2.573     0.962500      2789960        26.67
       2.621     0.968750      2808281        32.00
       2.647     0.971875      2816942        35.56
       2.677     0.975000      2825996        40.00
       2.711     0.978125      2835004        45.71
       2.751     0.981250      2844175        53.33
       2.797     0.984375      2853157        64.00
       2.825     0.985938      2857756        71.11
       2.857     0.987500      2862301        80.00
       2.893     0.989062      2866740        91.43
       2.937     0.990625      2871284       106.67
       2.993     0.992188      2875874       128.00
       3.025     0.992969      2878050       142.22
       3.065     0.993750      2880343       160.00
       3.113     0.994531      2882609       182.86
       3.175     0.995313      2884837       213.33
       3.265     0.996094      2887081       256.00
       3.333     0.996484      2888215       284.44
       3.431     0.996875      2889352       320.00
       3.607     0.997266      2890472       365.71
       4.045     0.997656      2891602       426.67
       4.855     0.998047      2892736       512.00
       5.287     0.998242      2893303       568.89
       5.743     0.998437      2893866       640.00
       6.215     0.998633      2894430       731.43
       6.787     0.998828      2894999       853.33
       7.587     0.999023      2895567      1024.00
       8.123     0.999121      2895846      1137.78
       8.727     0.999219      2896130      1280.00
       9.487     0.999316      2896414      1462.86
      10.343     0.999414      2896699      1706.67
      11.351     0.999512      2896977      2048.00
      11.879     0.999561      2897119      2275.56
      12.575     0.999609      2897260      2560.00
      13.735     0.999658      2897403      2925.71
      14.775     0.999707      2897544      3413.33
      16.055     0.999756      2897686      4096.00
      16.927     0.999780      2897756      4551.11
      17.615     0.999805      2897826      5120.00
      18.447     0.999829      2897897      5851.43
      19.263     0.999854      2897969      6826.67
      20.511     0.999878      2898039      8192.00
      21.823     0.999890      2898075      9102.22
      22.543     0.999902      2898109     10240.00
      23.343     0.999915      2898145     11702.86
      24.367     0.999927      2898180     13653.33
      25.631     0.999939      2898216     16384.00
      26.383     0.999945      2898233     18204.44
      26.783     0.999951      2898251     20480.00
      27.599     0.999957      2898269     23405.71
      28.639     0.999963      2898286     27306.67
      29.471     0.999969      2898305     32768.00
      29.711     0.999973      2898313     36408.89
      30.095     0.999976      2898322     40960.00
      30.479     0.999979      2898331     46811.43
      30.847     0.999982      2898339     54613.33
      31.791     0.999985      2898348     65536.00
      32.127     0.999986      2898353     72817.78
      32.511     0.999988      2898357     81920.00
      33.855     0.999989      2898362     93622.86
      34.591     0.999991      2898367    109226.67
      34.815     0.999992      2898370    131072.00
      35.615     0.999993      2898373    145635.56
      36.159     0.999994      2898375    163840.00
      36.927     0.999995      2898378    187245.71
      37.823     0.999995      2898379    218453.33
      38.303     0.999996      2898381    262144.00
      38.783     0.999997      2898383    291271.11
      38.943     0.999997      2898384    327680.00
      39.711     0.999997      2898385    374491.43
      40.735     0.999998      2898386    436906.67
      41.215     0.999998      2898387    524288.00
      42.047     0.999998      2898388    582542.22
      42.047     0.999998      2898388    655360.00
      42.175     0.999999      2898389    748982.86
      42.175     0.999999      2898389    873813.33
      42.623     0.999999      2898390   1048576.00
      42.623     0.999999      2898390   1165084.44
      42.623     0.999999      2898390   1310720.00
      43.871     0.999999      2898391   1497965.71
      43.871     0.999999      2898391   1747626.67
      43.871     1.000000      2898391   2097152.00
      43.871     1.000000      2898391   2330168.89
      43.871     1.000000      2898391   2621440.00
      47.999     1.000000      2898392   2995931.43
      47.999     1.000000      2898392          inf
#[Mean    =        1.548, StdDeviation   =        0.695]
#[Max     =       47.968, Total count    =      2898392]
#[Buckets =           27, SubBuckets     =         2048]
----------------------------------------------------------
  2999269 requests in 5.00m, 25.70GB read
Requests/sec:   9997.54
Transfer/sec:     87.74MB
