Running 2m test @ http://localhost:9000/api/v1/users
  4 threads and 128 connections
  Thread calibration: mean lat.: 1.486ms, rate sampling interval: 10ms
  Thread calibration: mean lat.: 1.485ms, rate sampling interval: 10ms
  Thread calibration: mean lat.: 1.484ms, rate sampling interval: 10ms
  Thread calibration: mean lat.: 1.484ms, rate sampling interval: 10ms
  Thread Stats   Avg      Stdev     Max   +/- Stdev
    Latency     1.52ms  672.28us  29.73ms   83.46%
    Req/Sec     1.05k    94.17     3.67k    84.54%
  Latency Distribution (HdrHistogram - Recorded Latency)
 50.000%    1.45ms
 75.000%    1.80ms
 90.000%    2.21ms
 99.000%    2.65ms
 99.900%    7.96ms
 99.990%   23.18ms
 99.999%   27.77ms
100.000%   29.74ms

  Detailed Percentile spectrum:
       Value   Percentile   TotalCount 1/(1-Percentile)

       0.588     0.000000            1         1.00
       0.915     0.100000        44142         1.11
       1.060     0.200000        88099         1.25
       1.194     0.300000       131864         1.43
       1.321     0.400000       176013         1.67
       1.445     0.500000       219753         2.00
       1.510     0.550000       241758         2.22
       1.576     0.600000       263922         2.50
       1.644     0.650000       285659         2.86
       1.719     0.700000       307720         3.33
       1.804     0.750000       329747         4.00
       1.853     0.775000       340633         4.44
       1.910     0.800000       351541         5.00
       1.976     0.825000       362575         5.71
       2.049     0.850000       373546         6.67
       2.131     0.875000       384678         8.00
       2.171     0.887500       390006         8.89
       2.213     0.900000       395490        10.00
       2.259     0.912500       401139        11.43
       2.303     0.925000       406426        13.33
       2.351     0.937500       411916        16.00
       2.375     0.943750       414691        17.78
       2.401     0.950000       417495        20.00
       2.427     0.956250       420139        22.86
       2.457     0.962500       423069        26.67
       2.487     0.968750       425787        32.00
       2.503     0.971875       427056        35.56
       2.521     0.975000       428426        40.00
       2.541     0.978125       429750        45.71
       2.565     0.981250       431228        53.33
       2.589     0.984375       432563        64.00
       2.603     0.985938       433242        71.11
       2.619     0.987500       433955        80.00
       2.635     0.989062       434594        91.43
       2.655     0.990625       435251       106.67
       2.679     0.992188       435937       128.00
       2.693     0.992969       436276       142.22
       2.711     0.993750       436643       160.00
       2.731     0.994531       436971       182.86
       2.755     0.995313       437323       213.33
       2.781     0.996094       437651       256.00
       2.799     0.996484       437824       284.44
       2.819     0.996875       437985       320.00
       2.847     0.997266       438160       365.71
       2.897     0.997656       438329       426.67
       3.047     0.998047       438499       512.00
       3.227     0.998242       438586       568.89
       3.453     0.998437       438671       640.00
       4.071     0.998633       438757       731.43
       5.503     0.998828       438843       853.33
       8.179     0.999023       438929      1024.00
       9.335     0.999121       438971      1137.78
      10.559     0.999219       439014      1280.00
      11.991     0.999316       439057      1462.86
      13.135     0.999414       439100      1706.67
      14.319     0.999512       439143      2048.00
      15.215     0.999561       439164      2275.56
      16.063     0.999609       439186      2560.00
      17.311     0.999658       439207      2925.71
      18.239     0.999707       439229      3413.33
      19.343     0.999756       439250      4096.00
      19.743     0.999780       439261      4551.11
      20.495     0.999805       439272      5120.00
      20.879     0.999829       439282      5851.43
      21.903     0.999854       439294      6826.67
      22.479     0.999878       439304      8192.00
      22.783     0.999890       439309      9102.22
      23.327     0.999902       439315     10240.00
      23.887     0.999915       439320     11702.86
      24.463     0.999927       439325     13653.33
      24.879     0.999939       439331     16384.00
      25.119     0.999945       439333     18204.44
      25.487     0.999951       439336     20480.00
      25.663     0.999957       439339     23405.71
      26.223     0.999963       439341     27306.67
      26.367     0.999969       439344     32768.00
      26.527     0.999973       439345     36408.89
      26.623     0.999976       439348     40960.00
      26.623     0.999979       439348     46811.43
      26.767     0.999982       439349     54613.33
      27.471     0.999985       439351     65536.00
      27.471     0.999986       439351     72817.78
      27.503     0.999988       439352     81920.00
      27.775     0.999989       439353     93622.86
      27.775     0.999991       439353    109226.67
      27.967     0.999992       439354    131072.00
      27.967     0.999993       439354    145635.56
      27.999     0.999994       439355    163840.00
      27.999     0.999995       439355    187245.71
      27.999     0.999995       439355    218453.33
      28.431     0.999996       439356    262144.00
      28.431     0.999997       439356    291271.11
      28.431     0.999997       439356    327680.00
      28.431     0.999997       439356    374491.43
      28.431     0.999998       439356    436906.67
      29.743     0.999998       439357    524288.00
      29.743     1.000000       439357          inf
#[Mean    =        1.516, StdDeviation   =        0.672]
#[Max     =       29.728, Total count    =       439357]
#[Buckets =           27, SubBuckets     =         2048]
----------------------------------------------------------
  479750 requests in 2.00m, 4.11GB read
Requests/sec:   3997.88
Transfer/sec:     35.08MB
