Running 2m test @ http://localhost:9000/api/v1/users
  4 threads and 128 connections
  Thread calibration: mean lat.: 16.681ms, rate sampling interval: 149ms
  Thread calibration: mean lat.: 16.151ms, rate sampling interval: 143ms
  Thread calibration: mean lat.: 16.138ms, rate sampling interval: 142ms
  Thread calibration: mean lat.: 16.823ms, rate sampling interval: 150ms
  Thread Stats   Avg      Stdev     Max   +/- Stdev
    Latency     2.81ms    2.28ms  48.99ms   95.61%
    Req/Sec     2.51k    38.89     2.79k    91.99%
  Latency Distribution (HdrHistogram - Recorded Latency)
 50.000%    2.41ms
 75.000%    2.97ms
 90.000%    3.78ms
 99.000%   11.04ms
 99.900%   33.69ms
 99.990%   40.80ms
 99.999%   47.65ms
100.000%   49.02ms

  Detailed Percentile spectrum:
       Value   Percentile   TotalCount 1/(1-Percentile)

       0.847     0.000000            1         1.00
       1.652     0.100000       110003         1.11
       1.886     0.200000       219978         1.25
       2.073     0.300000       330687         1.43
       2.243     0.400000       440166         1.67
       2.415     0.500000       549482         2.00
       2.507     0.550000       605069         2.22
       2.605     0.600000       660111         2.50
       2.711     0.650000       714577         2.86
       2.831     0.700000       769287         3.33
       2.973     0.750000       824522         4.00
       3.055     0.775000       851701         4.44
       3.149     0.800000       879298         5.00
       3.257     0.825000       906373         5.71
       3.389     0.850000       934003         6.67
       3.555     0.875000       961347         8.00
       3.655     0.887500       974991         8.89
       3.775     0.900000       988689        10.00
       3.923     0.912500      1002518        11.43
       4.115     0.925000      1016225        13.33
       4.379     0.937500      1029863        16.00
       4.567     0.943750      1036795        17.78
       4.795     0.950000      1043610        20.00
       5.099     0.956250      1050484        22.86
       5.503     0.962500      1057345        26.67
       6.071     0.968750      1064179        32.00
       6.427     0.971875      1067621        35.56
       6.851     0.975000      1071064        40.00
       7.375     0.978125      1074481        45.71
       7.995     0.981250      1077920        53.33
       8.791     0.984375      1081358        64.00
       9.287     0.985938      1083076        71.11
       9.871     0.987500      1084786        80.00
      10.559     0.989062      1086495        91.43
      11.415     0.990625      1088222       106.67
      12.647     0.992188      1089927       128.00
      13.495     0.992969      1090784       142.22
      14.543     0.993750      1091642       160.00
      15.863     0.994531      1092499       182.86
      18.095     0.995313      1093361       213.33
      21.343     0.996094      1094214       256.00
      23.247     0.996484      1094643       284.44
      25.055     0.996875      1095075       320.00
      26.719     0.997266      1095503       365.71
      28.335     0.997656      1095933       426.67
      30.015     0.998047      1096359       512.00
      30.815     0.998242      1096581       568.89
      31.567     0.998437      1096790       640.00
      32.287     0.998633      1097006       731.43
      32.991     0.998828      1097223       853.33
      33.791     0.999023      1097438      1024.00
      34.271     0.999121      1097541      1137.78
      34.879     0.999219      1097647      1280.00
      35.551     0.999316      1097757      1462.86
      36.159     0.999414      1097863      1706.67
      36.799     0.999512      1097973      2048.00
      37.151     0.999561      1098025      2275.56
      37.567     0.999609      1098079      2560.00
      37.919     0.999658      1098133      2925.71
      38.367     0.999707      1098187      3413.33
      38.719     0.999756      1098236      4096.00
      38.975     0.999780      1098267      4551.11
      39.231     0.999805      1098291      5120.00
      39.583     0.999829      1098317      5851.43
      39.935     0.999854      1098344      6826.67
      40.351     0.999878      1098370      8192.00
      40.607     0.999890      1098385      9102.22
      40.863     0.999902      1098397     10240.00
      41.311     0.999915      1098411     11702.86
      41.759     0.999927      1098424     13653.33
      42.399     0.999939      1098437     16384.00
      42.623     0.999945      1098444     18204.44
      42.879     0.999951      1098451     20480.00
      43.263     0.999957      1098458     23405.71
      43.935     0.999963      1098464     27306.67
      44.383     0.999969      1098471     32768.00
      44.575     0.999973      1098474     36408.89
      45.215     0.999976      1098479     40960.00
      45.407     0.999979      1098481     46811.43
      45.759     0.999982      1098484     54613.33
      47.135     0.999985      1098488     65536.00
      47.199     0.999986      1098489     72817.78
      47.519     0.999988      1098491     81920.00
      47.647     0.999989      1098494     93622.86
      47.647     0.999991      1098494    109226.67
      47.807     0.999992      1098496    131072.00
      47.839     0.999993      1098497    145635.56
      48.095     0.999994      1098498    163840.00
      48.223     0.999995      1098499    187245.71
      48.223     0.999995      1098499    218453.33
      48.255     0.999996      1098500    262144.00
      48.383     0.999997      1098501    291271.11
      48.383     0.999997      1098501    327680.00
      48.575     0.999997      1098502    374491.43
      48.575     0.999998      1098502    436906.67
      48.575     0.999998      1098502    524288.00
      48.863     0.999998      1098503    582542.22
      48.863     0.999998      1098503    655360.00
      48.863     0.999999      1098503    748982.86
      48.863     0.999999      1098503    873813.33
      48.863     0.999999      1098503   1048576.00
      49.023     0.999999      1098504   1165084.44
      49.023     1.000000      1098504          inf
#[Mean    =        2.812, StdDeviation   =        2.277]
#[Max     =       48.992, Total count    =      1098504]
#[Buckets =           27, SubBuckets     =         2048]
----------------------------------------------------------
  1199262 requests in 2.00m, 10.28GB read
Requests/sec:   9993.86
Transfer/sec:     87.70MB
