Running 2m test @ http://localhost:9008/api/v1/users
  4 threads and 128 connections
  Thread calibration: mean lat.: 1.345ms, rate sampling interval: 10ms
  Thread calibration: mean lat.: 1.357ms, rate sampling interval: 10ms
  Thread calibration: mean lat.: 1.336ms, rate sampling interval: 10ms
  Thread calibration: mean lat.: 1.341ms, rate sampling interval: 10ms
  Thread Stats   Avg      Stdev     Max   +/- Stdev
    Latency     1.35ms  426.46us   5.05ms   65.58%
    Req/Sec   790.21    102.76     1.11k    72.34%
  Latency Distribution (HdrHistogram - Recorded Latency)
 50.000%    1.32ms
 75.000%    1.63ms
 90.000%    1.94ms
 99.000%    2.38ms
 99.900%    2.66ms
 99.990%    3.44ms
 99.999%    4.92ms
100.000%    5.05ms

  Detailed Percentile spectrum:
       Value   Percentile   TotalCount 1/(1-Percentile)

       0.533     0.000000            1         1.00
       0.804     0.100000        32985         1.11
       0.948     0.200000        66092         1.25
       1.076     0.300000        98891         1.43
       1.197     0.400000       131884         1.67
       1.320     0.500000       164976         2.00
       1.381     0.550000       181298         2.22
       1.444     0.600000       197826         2.50
       1.506     0.650000       214324         2.86
       1.568     0.700000       230734         3.33
       1.632     0.750000       247230         4.00
       1.667     0.775000       255399         4.44
       1.708     0.800000       263661         5.00
       1.755     0.825000       271979         5.71
       1.806     0.850000       280209         6.67
       1.865     0.875000       288431         8.00
       1.898     0.887500       292502         8.89
       1.936     0.900000       296607        10.00
       1.979     0.912500       300712        11.43
       2.023     0.925000       304825        13.33
       2.073     0.937500       309061        16.00
       2.099     0.943750       311137        17.78
       2.125     0.950000       313208        20.00
       2.151     0.956250       315216        22.86
       2.177     0.962500       317185        26.67
       2.207     0.968750       319264        32.00
       2.223     0.971875       320278        35.56
       2.243     0.975000       321291        40.00
       2.265     0.978125       322325        45.71
       2.289     0.981250       323359        53.33
       2.317     0.984375       324403        64.00
       2.333     0.985938       324923        71.11
       2.349     0.987500       325409        80.00
       2.369     0.989062       325964        91.43
       2.387     0.990625       326435       106.67
       2.411     0.992188       326979       128.00
       2.425     0.992969       327241       142.22
       2.439     0.993750       327488       160.00
       2.453     0.994531       327739       182.86
       2.471     0.995313       327985       213.33
       2.491     0.996094       328239       256.00
       2.505     0.996484       328376       284.44
       2.517     0.996875       328499       320.00
       2.535     0.997266       328642       365.71
       2.549     0.997656       328768       426.67
       2.571     0.998047       328886       512.00
       2.589     0.998242       328947       568.89
       2.603     0.998437       329019       640.00
       2.619     0.998633       329073       731.43
       2.641     0.998828       329140       853.33
       2.665     0.999023       329204      1024.00
       2.681     0.999121       329236      1137.78
       2.695     0.999219       329267      1280.00
       2.713     0.999316       329302      1462.86
       2.739     0.999414       329332      1706.67
       2.765     0.999512       329364      2048.00
       2.779     0.999561       329379      2275.56
       2.811     0.999609       329395      2560.00
       2.845     0.999658       329411      2925.71
       2.915     0.999707       329427      3413.33
       3.039     0.999756       329443      4096.00
       3.079     0.999780       329451      4551.11
       3.163     0.999805       329459      5120.00
       3.221     0.999829       329467      5851.43
       3.297     0.999854       329475      6826.67
       3.357     0.999878       329483      8192.00
       3.403     0.999890       329487      9102.22
       3.441     0.999902       329491     10240.00
       3.469     0.999915       329495     11702.86
       3.563     0.999927       329499     13653.33
       3.681     0.999939       329503     16384.00
       3.707     0.999945       329505     18204.44
       3.749     0.999951       329507     20480.00
       3.943     0.999957       329509     23405.71
       4.011     0.999963       329511     27306.67
       4.175     0.999969       329513     32768.00
       4.319     0.999973       329514     36408.89
       4.471     0.999976       329515     40960.00
       4.479     0.999979       329516     46811.43
       4.543     0.999982       329517     54613.33
       4.763     0.999985       329518     65536.00
       4.811     0.999986       329519     72817.78
       4.811     0.999988       329519     81920.00
       4.919     0.999989       329520     93622.86
       4.919     0.999991       329520    109226.67
       4.971     0.999992       329521    131072.00
       4.971     0.999993       329521    145635.56
       4.971     0.999994       329521    163840.00
       4.995     0.999995       329522    187245.71
       4.995     0.999995       329522    218453.33
       4.995     0.999996       329522    262144.00
       4.995     0.999997       329522    291271.11
       4.995     0.999997       329522    327680.00
       5.055     0.999997       329523    374491.43
       5.055     1.000000       329523          inf
#[Mean    =        1.348, StdDeviation   =        0.426]
#[Max     =        5.052, Total count    =       329523]
#[Buckets =           27, SubBuckets     =         2048]
----------------------------------------------------------
  359832 requests in 2.00m, 3.15GB read
Requests/sec:   2998.57
Transfer/sec:     26.91MB
