Running 2m test @ http://localhost:9008/api/v1/users
  4 threads and 128 connections
  Thread calibration: mean lat.: 1.343ms, rate sampling interval: 10ms
  Thread calibration: mean lat.: 1.351ms, rate sampling interval: 10ms
  Thread calibration: mean lat.: 1.351ms, rate sampling interval: 10ms
  Thread calibration: mean lat.: 1.336ms, rate sampling interval: 10ms
  Thread Stats   Avg      Stdev     Max   +/- Stdev
    Latency     1.35ms  420.95us   4.05ms   65.16%
    Req/Sec   474.15     96.55     0.89k    74.37%
  Latency Distribution (HdrHistogram - Recorded Latency)
 50.000%    1.33ms
 75.000%    1.64ms
 90.000%    1.93ms
 99.000%    2.36ms
 99.900%    2.61ms
 99.990%    3.16ms
 99.999%    4.01ms
100.000%    4.05ms

  Detailed Percentile spectrum:
       Value   Percentile   TotalCount 1/(1-Percentile)

       0.542     0.000000            1         1.00
       0.812     0.100000        19800         1.11
       0.956     0.200000        39544         1.25
       1.082     0.300000        59358         1.43
       1.204     0.400000        79236         1.67
       1.327     0.500000        98902         2.00
       1.389     0.550000       108833         2.22
       1.451     0.600000       118685         2.50
       1.514     0.650000       128586         2.86
       1.575     0.700000       138487         3.33
       1.637     0.750000       148382         4.00
       1.674     0.775000       153339         4.44
       1.714     0.800000       158200         5.00
       1.760     0.825000       163139         5.71
       1.810     0.850000       168100         6.67
       1.868     0.875000       173079         8.00
       1.899     0.887500       175527         8.89
       1.933     0.900000       178003        10.00
       1.969     0.912500       180419        11.43
       2.009     0.925000       182888        13.33
       2.055     0.937500       185423        16.00
       2.079     0.943750       186594        17.78
       2.105     0.950000       187908        20.00
       2.131     0.956250       189100        22.86
       2.159     0.962500       190339        26.67
       2.189     0.968750       191540        32.00
       2.207     0.971875       192206        35.56
       2.223     0.975000       192772        40.00
       2.245     0.978125       193428        45.71
       2.267     0.981250       194015        53.33
       2.293     0.984375       194626        64.00
       2.309     0.985938       194966        71.11
       2.327     0.987500       195273        80.00
       2.345     0.989062       195590        91.43
       2.365     0.990625       195881       106.67
       2.391     0.992188       196185       128.00
       2.403     0.992969       196334       142.22
       2.417     0.993750       196499       160.00
       2.433     0.994531       196648       182.86
       2.451     0.995313       196800       213.33
       2.469     0.996094       196943       256.00
       2.483     0.996484       197024       284.44
       2.495     0.996875       197097       320.00
       2.513     0.997266       197191       365.71
       2.523     0.997656       197251       426.67
       2.547     0.998047       197334       512.00
       2.557     0.998242       197372       568.89
       2.569     0.998437       197408       640.00
       2.581     0.998633       197444       731.43
       2.595     0.998828       197483       853.33
       2.615     0.999023       197521      1024.00
       2.635     0.999121       197542      1137.78
       2.647     0.999219       197562      1280.00
       2.661     0.999316       197580      1462.86
       2.679     0.999414       197599      1706.67
       2.717     0.999512       197621      2048.00
       2.733     0.999561       197628      2275.56
       2.751     0.999609       197637      2560.00
       2.785     0.999658       197649      2925.71
       2.813     0.999707       197657      3413.33
       2.841     0.999756       197666      4096.00
       2.885     0.999780       197671      4551.11
       2.979     0.999805       197676      5120.00
       3.053     0.999829       197681      5851.43
       3.105     0.999854       197686      6826.67
       3.119     0.999878       197690      8192.00
       3.141     0.999890       197693      9102.22
       3.175     0.999902       197695     10240.00
       3.223     0.999915       197698     11702.86
       3.261     0.999927       197700     13653.33
       3.319     0.999939       197702     16384.00
       3.385     0.999945       197704     18204.44
       3.427     0.999951       197705     20480.00
       3.449     0.999957       197706     23405.71
       3.479     0.999963       197707     27306.67
       3.495     0.999969       197708     32768.00
       3.537     0.999973       197709     36408.89
       3.697     0.999976       197710     40960.00
       3.697     0.999979       197710     46811.43
       3.903     0.999982       197711     54613.33
       3.903     0.999985       197711     65536.00
       4.015     0.999986       197712     72817.78
       4.015     0.999988       197712     81920.00
       4.015     0.999989       197712     93622.86
       4.021     0.999991       197713    109226.67
       4.021     0.999992       197713    131072.00
       4.021     0.999993       197713    145635.56
       4.021     0.999994       197713    163840.00
       4.021     0.999995       197713    187245.71
       4.055     0.999995       197714    218453.33
       4.055     1.000000       197714          inf
#[Mean    =        1.352, StdDeviation   =        0.421]
#[Max     =        4.054, Total count    =       197714]
#[Buckets =           27, SubBuckets     =         2048]
----------------------------------------------------------
  215924 requests in 2.00m, 1.89GB read
Requests/sec:   1799.36
Transfer/sec:     16.15MB
