Running 2m test @ http://localhost:9000/api/v1/users
  4 threads and 128 connections
  Thread calibration: mean lat.: 1.368ms, rate sampling interval: 10ms
  Thread calibration: mean lat.: 1.465ms, rate sampling interval: 10ms
  Thread calibration: mean lat.: 1.442ms, rate sampling interval: 10ms
  Thread calibration: mean lat.: 1.450ms, rate sampling interval: 10ms
  Thread Stats   Avg      Stdev     Max   +/- Stdev
    Latency     1.43ms  533.35us  30.05ms   76.67%
    Req/Sec   527.31    113.02     1.89k    53.78%
  Latency Distribution (HdrHistogram - Recorded Latency)
 50.000%    1.39ms
 75.000%    1.70ms
 90.000%    2.03ms
 99.000%    2.48ms
 99.900%    2.76ms
 99.990%   23.28ms
 99.999%   29.25ms
100.000%   30.06ms

  Detailed Percentile spectrum:
       Value   Percentile   TotalCount 1/(1-Percentile)

       0.614     0.000000            1         1.00
       0.873     0.100000        22081         1.11
       1.020     0.200000        44037         1.25
       1.156     0.300000        66031         1.43
       1.274     0.400000        87943         1.67
       1.392     0.500000       109982         2.00
       1.452     0.550000       120978         2.22
       1.514     0.600000       131984         2.50
       1.576     0.650000       142906         2.86
       1.639     0.700000       153783         3.33
       1.702     0.750000       164782         4.00
       1.738     0.775000       170345         4.44
       1.779     0.800000       175760         5.00
       1.828     0.825000       181246         5.71
       1.886     0.850000       186827         6.67
       1.949     0.875000       192254         8.00
       1.985     0.887500       194976         8.89
       2.025     0.900000       197704        10.00
       2.069     0.912500       200538        11.43
       2.113     0.925000       203240        13.33
       2.163     0.937500       205973        16.00
       2.189     0.943750       207339        17.78
       2.219     0.950000       208750        20.00
       2.251     0.956250       210081        22.86
       2.285     0.962500       211466        26.67
       2.323     0.968750       212844        32.00
       2.341     0.971875       213511        35.56
       2.361     0.975000       214197        40.00
       2.381     0.978125       214883        45.71
       2.403     0.981250       215559        53.33
       2.429     0.984375       216263        64.00
       2.443     0.985938       216640        71.11
       2.457     0.987500       216949        80.00
       2.473     0.989062       217285        91.43
       2.493     0.990625       217647       106.67
       2.513     0.992188       217975       128.00
       2.525     0.992969       218135       142.22
       2.539     0.993750       218311       160.00
       2.553     0.994531       218491       182.86
       2.569     0.995313       218656       213.33
       2.587     0.996094       218823       256.00
       2.597     0.996484       218900       284.44
       2.609     0.996875       218990       320.00
       2.625     0.997266       219076       365.71
       2.645     0.997656       219171       426.67
       2.663     0.998047       219246       512.00
       2.675     0.998242       219287       568.89
       2.687     0.998437       219331       640.00
       2.707     0.998633       219372       731.43
       2.731     0.998828       219416       853.33
       2.765     0.999023       219460      1024.00
       2.787     0.999121       219479      1137.78
       2.801     0.999219       219500      1280.00
       2.831     0.999316       219521      1462.86
       2.893     0.999414       219543      1706.67
       2.985     0.999512       219564      2048.00
       3.113     0.999561       219575      2275.56
       3.253     0.999609       219586      2560.00
       3.357     0.999658       219596      2925.71
       3.863     0.999707       219607      3413.33
       6.379     0.999756       219618      4096.00
       9.799     0.999780       219623      4551.11
      15.111     0.999805       219629      5120.00
      16.751     0.999829       219634      5851.43
      18.975     0.999854       219639      6826.67
      20.735     0.999878       219645      8192.00
      21.599     0.999890       219647      9102.22
      23.279     0.999902       219650     10240.00
      23.887     0.999915       219653     11702.86
      25.007     0.999927       219655     13653.33
      26.255     0.999939       219658     16384.00
      26.319     0.999945       219659     18204.44
      27.615     0.999951       219661     20480.00
      28.463     0.999957       219662     23405.71
      28.591     0.999963       219663     27306.67
      28.687     0.999969       219665     32768.00
      28.687     0.999973       219665     36408.89
      28.719     0.999976       219666     40960.00
      29.119     0.999979       219667     46811.43
      29.119     0.999982       219667     54613.33
      29.231     0.999985       219668     65536.00
      29.231     0.999986       219668     72817.78
      29.247     0.999988       219669     81920.00
      29.247     0.999989       219669     93622.86
      29.247     0.999991       219669    109226.67
      29.455     0.999992       219670    131072.00
      29.455     0.999993       219670    145635.56
      29.455     0.999994       219670    163840.00
      29.455     0.999995       219670    187245.71
      29.455     0.999995       219670    218453.33
      30.063     0.999996       219671    262144.00
      30.063     1.000000       219671          inf
#[Mean    =        1.429, StdDeviation   =        0.533]
#[Max     =       30.048, Total count    =       219671]
#[Buckets =           27, SubBuckets     =         2048]
----------------------------------------------------------
  239903 requests in 2.00m, 2.06GB read
Requests/sec:   1999.14
Transfer/sec:     17.54MB
