Running 2m test @ http://localhost:9003/api/v1/user?id=1
  4 threads and 128 connections
  Thread calibration: mean lat.: 1.345ms, rate sampling interval: 10ms
  Thread calibration: mean lat.: 1.336ms, rate sampling interval: 10ms
  Thread calibration: mean lat.: 1.337ms, rate sampling interval: 10ms
  Thread calibration: mean lat.: 1.344ms, rate sampling interval: 10ms
  Thread Stats   Avg      Stdev     Max   +/- Stdev
    Latency     1.34ms  768.21us  15.49ms   83.58%
    Req/Sec     6.31k   562.52    14.00k    88.93%
  Latency Distribution (HdrHistogram - Recorded Latency)
 50.000%    1.24ms
 75.000%    1.71ms
 90.000%    2.09ms
 99.000%    2.79ms
 99.900%   10.00ms
 99.990%   12.62ms
 99.999%   14.23ms
100.000%   15.49ms

  Detailed Percentile spectrum:
       Value   Percentile   TotalCount 1/(1-Percentile)

       0.120     0.000000            1         1.00
       0.626     0.100000       263628         1.11
       0.791     0.200000       527962         1.25
       0.937     0.300000       791359         1.43
       1.083     0.400000      1055063         1.67
       1.236     0.500000      1318697         2.00
       1.319     0.550000      1451118         2.22
       1.407     0.600000      1582729         2.50
       1.501     0.650000      1714835         2.86
       1.600     0.700000      1846253         3.33
       1.705     0.750000      1977291         4.00
       1.761     0.775000      2044121         4.44
       1.818     0.800000      2109271         5.00
       1.878     0.825000      2175019         5.71
       1.942     0.850000      2241502         6.67
       2.010     0.875000      2307139         8.00
       2.046     0.887500      2339905         8.89
       2.085     0.900000      2372896        10.00
       2.127     0.912500      2405666        11.43
       2.173     0.925000      2438786        13.33
       2.225     0.937500      2471896        16.00
       2.253     0.943750      2488049        17.78
       2.285     0.950000      2504556        20.00
       2.321     0.956250      2521518        22.86
       2.361     0.962500      2537609        26.67
       2.409     0.968750      2554265        32.00
       2.437     0.971875      2562295        35.56
       2.469     0.975000      2570483        40.00
       2.507     0.978125      2578601        45.71
       2.555     0.981250      2586988        53.33
       2.613     0.984375      2595164        64.00
       2.647     0.985938      2599103        71.11
       2.693     0.987500      2603360        80.00
       2.749     0.989062      2607417        91.43
       2.829     0.990625      2611465       106.67
       3.105     0.992188      2615569       128.00
       3.749     0.992969      2617630       142.22
       4.531     0.993750      2619699       160.00
       5.347     0.994531      2621752       182.86
       6.147     0.995313      2623817       213.33
       6.855     0.996094      2625880       256.00
       7.191     0.996484      2626899       284.44
       7.543     0.996875      2627931       320.00
       7.907     0.997266      2628961       365.71
       8.287     0.997656      2630000       426.67
       8.719     0.998047      2631024       512.00
       8.935     0.998242      2631535       568.89
       9.167     0.998437      2632045       640.00
       9.439     0.998633      2632560       731.43
       9.743     0.998828      2633088       853.33
      10.047     0.999023      2633592      1024.00
      10.231     0.999121      2633865      1137.78
      10.423     0.999219      2634115      1280.00
      10.623     0.999316      2634362      1462.86
      10.815     0.999414      2634628      1706.67
      11.055     0.999512      2634880      2048.00
      11.207     0.999561      2635006      2275.56
      11.335     0.999609      2635145      2560.00
      11.471     0.999658      2635263      2925.71
      11.639     0.999707      2635395      3413.33
      11.847     0.999756      2635521      4096.00
      11.959     0.999780      2635589      4551.11
      12.063     0.999805      2635651      5120.00
      12.183     0.999829      2635720      5851.43
      12.351     0.999854      2635783      6826.67
      12.479     0.999878      2635845      8192.00
      12.575     0.999890      2635877      9102.22
      12.647     0.999902      2635909     10240.00
      12.807     0.999915      2635941     11702.86
      12.903     0.999927      2635972     13653.33
      13.055     0.999939      2636004     16384.00
      13.119     0.999945      2636020     18204.44
      13.175     0.999951      2636036     20480.00
      13.271     0.999957      2636052     23405.71
      13.367     0.999963      2636068     27306.67
      13.487     0.999969      2636084     32768.00
      13.535     0.999973      2636092     36408.89
      13.599     0.999976      2636100     40960.00
      13.743     0.999979      2636108     46811.43
      13.831     0.999982      2636116     54613.33
      13.999     0.999985      2636124     65536.00
      14.071     0.999986      2636129     72817.78
      14.119     0.999988      2636133     81920.00
      14.183     0.999989      2636136     93622.86
      14.239     0.999991      2636140    109226.67
      14.343     0.999992      2636144    131072.00
      14.367     0.999993      2636146    145635.56
      14.383     0.999994      2636148    163840.00
      14.415     0.999995      2636150    187245.71
      14.527     0.999995      2636152    218453.33
      14.647     0.999996      2636154    262144.00
      14.655     0.999997      2636155    291271.11
      14.679     0.999997      2636156    327680.00
      14.735     0.999997      2636157    374491.43
      14.759     0.999998      2636158    436906.67
      14.775     0.999998      2636159    524288.00
      15.031     0.999998      2636160    582542.22
      15.031     0.999998      2636160    655360.00
      15.071     0.999999      2636161    748982.86
      15.071     0.999999      2636161    873813.33
      15.175     0.999999      2636162   1048576.00
      15.175     0.999999      2636162   1165084.44
      15.175     0.999999      2636162   1310720.00
      15.471     0.999999      2636163   1497965.71
      15.471     0.999999      2636163   1747626.67
      15.471     1.000000      2636163   2097152.00
      15.471     1.000000      2636163   2330168.89
      15.471     1.000000      2636163   2621440.00
      15.495     1.000000      2636164   2995931.43
      15.495     1.000000      2636164          inf
#[Mean    =        1.339, StdDeviation   =        0.768]
#[Max     =       15.488, Total count    =      2636164]
#[Buckets =           27, SubBuckets     =         2048]
----------------------------------------------------------
  2878175 requests in 2.00m, 315.66MB read
Requests/sec:  23984.63
Transfer/sec:      2.63MB
