Running 2m test @ http://localhost:9001/api/v1/users
  4 threads and 128 connections
  Thread calibration: mean lat.: 2.165ms, rate sampling interval: 10ms
  Thread calibration: mean lat.: 2.168ms, rate sampling interval: 10ms
  Thread calibration: mean lat.: 2.168ms, rate sampling interval: 10ms
  Thread calibration: mean lat.: 2.148ms, rate sampling interval: 10ms
  Thread Stats   Avg      Stdev     Max   +/- Stdev
    Latency     2.15ms  583.71us  23.50ms   78.15%
    Req/Sec   631.90     64.07     1.50k    61.61%
  Latency Distribution (HdrHistogram - Recorded Latency)
 50.000%    2.11ms
 75.000%    2.43ms
 90.000%    2.75ms
 99.000%    3.66ms
 99.900%    6.39ms
 99.990%   16.90ms
 99.999%   22.30ms
100.000%   23.52ms

  Detailed Percentile spectrum:
       Value   Percentile   TotalCount 1/(1-Percentile)

       1.010     0.000000            1         1.00
       1.538     0.100000        26493         1.11
       1.716     0.200000        52859         1.25
       1.857     0.300000        79218         1.43
       1.985     0.400000       105526         1.67
       2.109     0.500000       132123         2.00
       2.169     0.550000       145107         2.22
       2.229     0.600000       158289         2.50
       2.291     0.650000       171388         2.86
       2.359     0.700000       184841         3.33
       2.431     0.750000       197718         4.00
       2.471     0.775000       204408         4.44
       2.515     0.800000       211105         5.00
       2.563     0.825000       217689         5.71
       2.617     0.850000       224232         6.67
       2.679     0.875000       230838         8.00
       2.715     0.887500       234127         8.89
       2.753     0.900000       237301        10.00
       2.795     0.912500       240567        11.43
       2.845     0.925000       243931        13.33
       2.905     0.937500       247159        16.00
       2.941     0.943750       248834        17.78
       2.979     0.950000       250462        20.00
       3.025     0.956250       252098        22.86
       3.075     0.962500       253736        26.67
       3.141     0.968750       255419        32.00
       3.179     0.971875       256216        35.56
       3.223     0.975000       257051        40.00
       3.273     0.978125       257853        45.71
       3.339     0.981250       258680        53.33
       3.427     0.984375       259516        64.00
       3.475     0.985938       259919        71.11
       3.539     0.987500       260335        80.00
       3.613     0.989062       260738        91.43
       3.707     0.990625       261148       106.67
       3.819     0.992188       261558       128.00
       3.903     0.992969       261766       142.22
       3.983     0.993750       261971       160.00
       4.081     0.994531       262178       182.86
       4.199     0.995313       262384       213.33
       4.343     0.996094       262588       256.00
       4.439     0.996484       262693       284.44
       4.535     0.996875       262794       320.00
       4.675     0.997266       262897       365.71
       4.843     0.997656       263000       426.67
       5.095     0.998047       263103       512.00
       5.219     0.998242       263154       568.89
       5.411     0.998437       263206       640.00
       5.651     0.998633       263257       731.43
       6.027     0.998828       263309       853.33
       6.459     0.999023       263360      1024.00
       6.771     0.999121       263386      1137.78
       7.115     0.999219       263412      1280.00
       7.595     0.999316       263437      1462.86
       8.447     0.999414       263463      1706.67
       9.511     0.999512       263489      2048.00
      10.047     0.999561       263502      2275.56
      10.423     0.999609       263515      2560.00
      11.031     0.999658       263527      2925.71
      12.431     0.999707       263540      3413.33
      13.367     0.999756       263553      4096.00
      13.711     0.999780       263560      4551.11
      14.095     0.999805       263566      5120.00
      14.631     0.999829       263572      5851.43
      15.135     0.999854       263579      6826.67
      15.607     0.999878       263585      8192.00
      16.223     0.999890       263589      9102.22
      16.975     0.999902       263592     10240.00
      17.679     0.999915       263595     11702.86
      18.015     0.999927       263598     13653.33
      18.751     0.999939       263602     16384.00
      19.007     0.999945       263603     18204.44
      19.711     0.999951       263605     20480.00
      19.775     0.999957       263606     23405.71
      19.871     0.999963       263608     27306.67
      20.207     0.999969       263609     32768.00
      20.671     0.999973       263610     36408.89
      20.767     0.999976       263611     40960.00
      21.567     0.999979       263612     46811.43
      22.095     0.999982       263613     54613.33
      22.095     0.999985       263613     65536.00
      22.303     0.999986       263614     72817.78
      22.303     0.999988       263614     81920.00
      22.575     0.999989       263615     93622.86
      22.575     0.999991       263615    109226.67
      22.575     0.999992       263615    131072.00
      23.375     0.999993       263616    145635.56
      23.375     0.999994       263616    163840.00
      23.375     0.999995       263616    187245.71
      23.375     0.999995       263616    218453.33
      23.375     0.999996       263616    262144.00
      23.519     0.999997       263617    291271.11
      23.519     1.000000       263617          inf
#[Mean    =        2.150, StdDeviation   =        0.584]
#[Max     =       23.504, Total count    =       263617]
#[Buckets =           27, SubBuckets     =         2048]
----------------------------------------------------------
  287877 requests in 2.00m, 2.52GB read
Requests/sec:   2398.95
Transfer/sec:     21.53MB
