Running 2m test @ http://localhost:9000/api/v1/user?id=1
  4 threads and 128 connections
  Thread calibration: mean lat.: 0.755ms, rate sampling interval: 10ms
  Thread calibration: mean lat.: 0.738ms, rate sampling interval: 10ms
  Thread calibration: mean lat.: 0.745ms, rate sampling interval: 10ms
  Thread calibration: mean lat.: 0.746ms, rate sampling interval: 10ms
  Thread Stats   Avg      Stdev     Max   +/- Stdev
    Latency   747.55us  380.15us  13.16ms   61.70%
    Req/Sec     5.38k   256.84    10.30k    73.17%
  Latency Distribution (HdrHistogram - Recorded Latency)
 50.000%  738.00us
 75.000%    1.05ms
 90.000%    1.24ms
 99.000%    1.53ms
 99.900%    2.03ms
 99.990%    6.38ms
 99.999%   10.95ms
100.000%   13.17ms

  Detailed Percentile spectrum:
       Value   Percentile   TotalCount 1/(1-Percentile)

       0.069     0.000000            1         1.00
       0.247     0.100000       219796         1.11
       0.372     0.200000       440617         1.25
       0.498     0.300000       659361         1.43
       0.617     0.400000       879870         1.67
       0.738     0.500000      1098823         2.00
       0.797     0.550000      1208561         2.22
       0.861     0.600000      1319192         2.50
       0.924     0.650000      1428060         2.86
       0.986     0.700000      1537875         3.33
       1.051     0.750000      1647989         4.00
       1.082     0.775000      1703202         4.44
       1.113     0.800000      1757807         5.00
       1.144     0.825000      1813945         5.71
       1.174     0.850000      1868242         6.67
       1.205     0.875000      1923955         8.00
       1.220     0.887500      1950040         8.89
       1.236     0.900000      1977478        10.00
       1.252     0.912500      2005170        11.43
       1.268     0.925000      2032159        13.33
       1.286     0.937500      2061017        16.00
       1.294     0.943750      2073302        17.78
       1.304     0.950000      2087568        20.00
       1.314     0.956250      2100945        22.86
       1.327     0.962500      2114938        26.67
       1.344     0.968750      2128683        32.00
       1.355     0.971875      2135473        35.56
       1.368     0.975000      2141974        40.00
       1.385     0.978125      2148881        45.71
       1.408     0.981250      2155833        53.33
       1.438     0.984375      2162547        64.00
       1.457     0.985938      2165983        71.11
       1.479     0.987500      2169357        80.00
       1.507     0.989062      2172811        91.43
       1.540     0.990625      2176280       106.67
       1.581     0.992188      2179701       128.00
       1.606     0.992969      2181387       142.22
       1.638     0.993750      2183096       160.00
       1.676     0.994531      2184804       182.86
       1.722     0.995313      2186505       213.33
       1.776     0.996094      2188221       256.00
       1.805     0.996484      2189097       284.44
       1.833     0.996875      2189961       320.00
       1.863     0.997266      2190812       365.71
       1.897     0.997656      2191666       426.67
       1.935     0.998047      2192515       512.00
       1.956     0.998242      2192962       568.89
       1.974     0.998437      2193373       640.00
       1.993     0.998633      2193801       731.43
       2.012     0.998828      2194237       853.33
       2.035     0.999023      2194692      1024.00
       2.044     0.999121      2194883      1137.78
       2.055     0.999219      2195085      1280.00
       2.067     0.999316      2195299      1462.86
       2.085     0.999414      2195533      1706.67
       2.105     0.999512      2195746      2048.00
       2.117     0.999561      2195842      2275.56
       2.133     0.999609      2195942      2560.00
       2.161     0.999658      2196053      2925.71
       2.219     0.999707      2196156      3413.33
       2.571     0.999756      2196263      4096.00
       2.917     0.999780      2196317      4551.11
       3.229     0.999805      2196370      5120.00
       3.697     0.999829      2196424      5851.43
       4.203     0.999854      2196478      6826.67
       5.203     0.999878      2196531      8192.00
       5.907     0.999890      2196558      9102.22
       6.627     0.999902      2196585     10240.00
       7.235     0.999915      2196612     11702.86
       8.059     0.999927      2196639     13653.33
       8.431     0.999939      2196665     16384.00
       8.743     0.999945      2196679     18204.44
       8.927     0.999951      2196692     20480.00
       9.111     0.999957      2196706     23405.71
       9.327     0.999963      2196719     27306.67
       9.687     0.999969      2196732     32768.00
       9.847     0.999973      2196739     36408.89
      10.007     0.999976      2196746     40960.00
      10.191     0.999979      2196753     46811.43
      10.319     0.999982      2196759     54613.33
      10.575     0.999985      2196766     65536.00
      10.671     0.999986      2196769     72817.78
      10.815     0.999988      2196773     81920.00
      10.951     0.999989      2196777     93622.86
      11.007     0.999991      2196779    109226.67
      11.095     0.999992      2196783    131072.00
      11.127     0.999993      2196784    145635.56
      11.287     0.999994      2196786    163840.00
      11.319     0.999995      2196788    187245.71
      11.327     0.999995      2196789    218453.33
      11.455     0.999996      2196791    262144.00
      11.479     0.999997      2196792    291271.11
      11.607     0.999997      2196793    327680.00
      11.655     0.999997      2196794    374491.43
      11.655     0.999998      2196794    436906.67
      12.111     0.999998      2196795    524288.00
      12.127     0.999998      2196796    582542.22
      12.127     0.999998      2196796    655360.00
      12.151     0.999999      2196797    748982.86
      12.151     0.999999      2196797    873813.33
      12.151     0.999999      2196797   1048576.00
      12.191     0.999999      2196798   1165084.44
      12.191     0.999999      2196798   1310720.00
      12.191     0.999999      2196798   1497965.71
      12.191     0.999999      2196798   1747626.67
      12.191     1.000000      2196798   2097152.00
      13.167     1.000000      2196799   2330168.89
      13.167     1.000000      2196799          inf
#[Mean    =        0.748, StdDeviation   =        0.380]
#[Max     =       13.160, Total count    =      2196799]
#[Buckets =           27, SubBuckets     =         2048]
----------------------------------------------------------
  2398492 requests in 2.00m, 285.92MB read
Requests/sec:  19987.33
Transfer/sec:      2.38MB
