Running 2m test @ http://localhost:9008/api/v1/user?id=1
  4 threads and 128 connections
  Thread calibration: mean lat.: 1.381ms, rate sampling interval: 10ms
  Thread calibration: mean lat.: 1.368ms, rate sampling interval: 10ms
  Thread calibration: mean lat.: 1.375ms, rate sampling interval: 10ms
  Thread calibration: mean lat.: 1.367ms, rate sampling interval: 10ms
  Thread Stats   Avg      Stdev     Max   +/- Stdev
    Latency     1.39ms  750.12us  30.34ms   80.63%
    Req/Sec     6.33k   456.68     9.78k    76.00%
  Latency Distribution (HdrHistogram - Recorded Latency)
 50.000%    1.31ms
 75.000%    1.75ms
 90.000%    2.17ms
 99.000%    3.07ms
 99.900%    5.85ms
 99.990%   23.63ms
 99.999%   27.52ms
100.000%   30.35ms

  Detailed Percentile spectrum:
       Value   Percentile   TotalCount 1/(1-Percentile)

       0.174     0.000000            1         1.00
       0.667     0.100000       264032         1.11
       0.849     0.200000       527822         1.25
       1.007     0.300000       791713         1.43
       1.159     0.400000      1054674         1.67
       1.313     0.500000      1319574         2.00
       1.392     0.550000      1451075         2.22
       1.474     0.600000      1582266         2.50
       1.561     0.650000      1713918         2.86
       1.653     0.700000      1845442         3.33
       1.753     0.750000      1977717         4.00
       1.807     0.775000      2044024         4.44
       1.865     0.800000      2109812         5.00
       1.927     0.825000      2175383         5.71
       1.995     0.850000      2241229         6.67
       2.073     0.875000      2307035         8.00
       2.117     0.887500      2340149         8.89
       2.167     0.900000      2373816        10.00
       2.221     0.912500      2406398        11.43
       2.283     0.925000      2438991        13.33
       2.355     0.937500      2471543        16.00
       2.397     0.943750      2487947        17.78
       2.445     0.950000      2504803        20.00
       2.497     0.956250      2520972        22.86
       2.559     0.962500      2537670        26.67
       2.631     0.968750      2554077        32.00
       2.673     0.971875      2562086        35.56
       2.719     0.975000      2570406        40.00
       2.771     0.978125      2578696        45.71
       2.831     0.981250      2586890        53.33
       2.901     0.984375      2595178        64.00
       2.941     0.985938      2599254        71.11
       2.985     0.987500      2603309        80.00
       3.035     0.989062      2607373        91.43
       3.095     0.990625      2611527       106.67
       3.167     0.992188      2615593       128.00
       3.211     0.992969      2617647       142.22
       3.265     0.993750      2619730       160.00
       3.333     0.994531      2621783       182.86
       3.425     0.995313      2623830       213.33
       3.555     0.996094      2625884       256.00
       3.641     0.996484      2626913       284.44
       3.743     0.996875      2627927       320.00
       3.875     0.997266      2628969       365.71
       4.055     0.997656      2629995       426.67
       4.291     0.998047      2631019       512.00
       4.467     0.998242      2631542       568.89
       4.691     0.998437      2632049       640.00
       4.963     0.998633      2632561       731.43
       5.299     0.998828      2633075       853.33
       5.931     0.999023      2633590      1024.00
       6.375     0.999121      2633848      1137.78
       7.043     0.999219      2634105      1280.00
       8.111     0.999316      2634362      1462.86
      10.167     0.999414      2634620      1706.67
      13.183     0.999512      2634877      2048.00
      14.823     0.999561      2635006      2275.56
      16.359     0.999609      2635135      2560.00
      17.807     0.999658      2635265      2925.71
      19.103     0.999707      2635392      3413.33
      20.287     0.999756      2635522      4096.00
      20.831     0.999780      2635586      4551.11
      21.423     0.999805      2635650      5120.00
      22.031     0.999829      2635716      5851.43
      22.655     0.999854      2635779      6826.67
      23.167     0.999878      2635844      8192.00
      23.471     0.999890      2635877      9102.22
      23.711     0.999902      2635908     10240.00
      24.031     0.999915      2635939     11702.86
      24.383     0.999927      2635972     13653.33
      24.815     0.999939      2636004     16384.00
      25.071     0.999945      2636020     18204.44
      25.343     0.999951      2636036     20480.00
      25.567     0.999957      2636052     23405.71
      25.839     0.999963      2636069     27306.67
      26.111     0.999969      2636084     32768.00
      26.287     0.999973      2636092     36408.89
      26.527     0.999976      2636100     40960.00
      26.687     0.999979      2636108     46811.43
      26.895     0.999982      2636117     54613.33
      27.103     0.999985      2636124     65536.00
      27.183     0.999986      2636128     72817.78
      27.391     0.999988      2636133     81920.00
      27.423     0.999989      2636136     93622.86
      27.535     0.999991      2636140    109226.67
      27.695     0.999992      2636144    131072.00
      27.855     0.999993      2636146    145635.56
      27.967     0.999994      2636148    163840.00
      28.111     0.999995      2636150    187245.71
      28.239     0.999995      2636153    218453.33
      28.255     0.999996      2636154    262144.00
      28.303     0.999997      2636155    291271.11
      28.319     0.999997      2636156    327680.00
      28.463     0.999997      2636157    374491.43
      28.511     0.999998      2636158    436906.67
      28.799     0.999998      2636159    524288.00
      28.879     0.999998      2636160    582542.22
      28.879     0.999998      2636160    655360.00
      29.007     0.999999      2636161    748982.86
      29.007     0.999999      2636161    873813.33
      29.167     0.999999      2636162   1048576.00
      29.167     0.999999      2636162   1165084.44
      29.167     0.999999      2636162   1310720.00
      29.279     0.999999      2636163   1497965.71
      29.279     0.999999      2636163   1747626.67
      29.279     1.000000      2636163   2097152.00
      29.279     1.000000      2636163   2330168.89
      29.279     1.000000      2636163   2621440.00
      30.351     1.000000      2636164   2995931.43
      30.351     1.000000      2636164          inf
#[Mean    =        1.392, StdDeviation   =        0.750]
#[Max     =       30.336, Total count    =      2636164]
#[Buckets =           27, SubBuckets     =         2048]
----------------------------------------------------------
  2878174 requests in 2.00m, 0.87GB read
Requests/sec:  23984.57
Transfer/sec:      7.44MB
