Running 2m test @ http://localhost:9000/api/v1/user?id=1
  4 threads and 128 connections
  Thread calibration: mean lat.: 0.775ms, rate sampling interval: 10ms
  Thread calibration: mean lat.: 1.041ms, rate sampling interval: 10ms
  Thread calibration: mean lat.: 0.803ms, rate sampling interval: 10ms
  Thread calibration: mean lat.: 0.806ms, rate sampling interval: 10ms
  Thread Stats   Avg      Stdev     Max   +/- Stdev
    Latency     0.86ms  417.47us   4.90ms   64.42%
    Req/Sec     4.79k   751.04     7.11k    77.99%
  Latency Distribution (HdrHistogram - Recorded Latency)
 50.000%  848.00us
 75.000%    1.16ms
 90.000%    1.40ms
 99.000%    1.85ms
 99.900%    2.14ms
 99.990%    2.63ms
 99.999%    3.88ms
100.000%    4.91ms

  Detailed Percentile spectrum:
       Value   Percentile   TotalCount 1/(1-Percentile)

       0.069     0.000000            1         1.00
       0.305     0.100000       198883         1.11
       0.454     0.200000       395659         1.25
       0.591     0.300000       594223         1.43
       0.722     0.400000       792374         1.67
       0.848     0.500000       989850         2.00
       0.910     0.550000      1087956         2.22
       0.973     0.600000      1187859         2.50
       1.036     0.650000      1286143         2.86
       1.100     0.700000      1384838         3.33
       1.165     0.750000      1484142         4.00
       1.197     0.775000      1533038         4.44
       1.230     0.800000      1582192         5.00
       1.264     0.825000      1631406         5.71
       1.301     0.850000      1680580         6.67
       1.347     0.875000      1730511         8.00
       1.374     0.887500      1754808         8.89
       1.405     0.900000      1779792        10.00
       1.439     0.912500      1804354        11.43
       1.477     0.925000      1828998        13.33
       1.520     0.937500      1854050        16.00
       1.543     0.943750      1866273        17.78
       1.568     0.950000      1878734        20.00
       1.594     0.956250      1890751        22.86
       1.624     0.962500      1903239        26.67
       1.658     0.968750      1915605        32.00
       1.676     0.971875      1921538        35.56
       1.697     0.975000      1927878        40.00
       1.720     0.978125      1934048        45.71
       1.745     0.981250      1940067        53.33
       1.775     0.984375      1946255        64.00
       1.792     0.985938      1949356        71.11
       1.811     0.987500      1952413        80.00
       1.832     0.989062      1955517        91.43
       1.856     0.990625      1958706       106.67
       1.884     0.992188      1961772       128.00
       1.899     0.992969      1963275       142.22
       1.915     0.993750      1964811       160.00
       1.933     0.994531      1966342       182.86
       1.954     0.995313      1967905       213.33
       1.978     0.996094      1969447       256.00
       1.991     0.996484      1970198       284.44
       2.005     0.996875      1970955       320.00
       2.021     0.997266      1971728       365.71
       2.040     0.997656      1972503       426.67
       2.061     0.998047      1973302       512.00
       2.071     0.998242      1973654       568.89
       2.085     0.998437      1974037       640.00
       2.101     0.998633      1974443       731.43
       2.119     0.998828      1974834       853.33
       2.139     0.999023      1975206      1024.00
       2.153     0.999121      1975391      1137.78
       2.167     0.999219      1975590      1280.00
       2.187     0.999316      1975791      1462.86
       2.207     0.999414      1975980      1706.67
       2.229     0.999512      1976165      2048.00
       2.243     0.999561      1976260      2275.56
       2.265     0.999609      1976366      2560.00
       2.287     0.999658      1976452      2925.71
       2.319     0.999707      1976552      3413.33
       2.361     0.999756      1976651      4096.00
       2.377     0.999780      1976692      4551.11
       2.411     0.999805      1976741      5120.00
       2.445     0.999829      1976788      5851.43
       2.495     0.999854      1976837      6826.67
       2.539     0.999878      1976885      8192.00
       2.585     0.999890      1976909      9102.22
       2.653     0.999902      1976932     10240.00
       2.689     0.999915      1976957     11702.86
       2.765     0.999927      1976981     13653.33
       2.841     0.999939      1977005     16384.00
       2.899     0.999945      1977017     18204.44
       2.947     0.999951      1977029     20480.00
       3.041     0.999957      1977041     23405.71
       3.123     0.999963      1977053     27306.67
       3.255     0.999969      1977065     32768.00
       3.305     0.999973      1977071     36408.89
       3.359     0.999976      1977077     40960.00
       3.491     0.999979      1977083     46811.43
       3.565     0.999982      1977089     54613.33
       3.727     0.999985      1977095     65536.00
       3.787     0.999986      1977098     72817.78
       3.833     0.999988      1977101     81920.00
       3.875     0.999989      1977104     93622.86
       3.923     0.999991      1977107    109226.67
       4.013     0.999992      1977110    131072.00
       4.063     0.999993      1977112    145635.56
       4.065     0.999994      1977113    163840.00
       4.143     0.999995      1977115    187245.71
       4.151     0.999995      1977117    218453.33
       4.199     0.999996      1977118    262144.00
       4.211     0.999997      1977119    291271.11
       4.211     0.999997      1977119    327680.00
       4.231     0.999997      1977120    374491.43
       4.275     0.999998      1977121    436906.67
       4.279     0.999998      1977122    524288.00
       4.279     0.999998      1977122    582542.22
       4.279     0.999998      1977122    655360.00
       4.295     0.999999      1977123    748982.86
       4.295     0.999999      1977123    873813.33
       4.423     0.999999      1977124   1048576.00
       4.423     0.999999      1977124   1165084.44
       4.423     0.999999      1977124   1310720.00
       4.423     0.999999      1977124   1497965.71
       4.423     0.999999      1977124   1747626.67
       4.907     1.000000      1977125   2097152.00
       4.907     1.000000      1977125          inf
#[Mean    =        0.859, StdDeviation   =        0.417]
#[Max     =        4.904, Total count    =      1977125]
#[Buckets =           27, SubBuckets     =         2048]
----------------------------------------------------------
  2154507 requests in 2.00m, 256.84MB read
Requests/sec:  17953.33
Transfer/sec:      2.14MB
