Running 2m test @ http://localhost:9003/api/v1/users
  4 threads and 128 connections
  Thread calibration: mean lat.: 1.367ms, rate sampling interval: 10ms
  Thread calibration: mean lat.: 1.358ms, rate sampling interval: 10ms
  Thread calibration: mean lat.: 1.354ms, rate sampling interval: 10ms
  Thread calibration: mean lat.: 1.379ms, rate sampling interval: 10ms
  Thread Stats   Avg      Stdev     Max   +/- Stdev
    Latency     1.36ms  443.96us   5.94ms   64.87%
    Req/Sec     1.06k    69.54     1.44k    92.27%
  Latency Distribution (HdrHistogram - Recorded Latency)
 50.000%    1.32ms
 75.000%    1.67ms
 90.000%    1.98ms
 99.000%    2.38ms
 99.900%    3.09ms
 99.990%    4.57ms
 99.999%    5.32ms
100.000%    5.95ms

  Detailed Percentile spectrum:
       Value   Percentile   TotalCount 1/(1-Percentile)

       0.513     0.000000            1         1.00
       0.805     0.100000        44140         1.11
       0.946     0.200000        87917         1.25
       1.072     0.300000       131965         1.43
       1.194     0.400000       175846         1.67
       1.322     0.500000       219787         2.00
       1.388     0.550000       241852         2.22
       1.454     0.600000       263666         2.50
       1.522     0.650000       285705         2.86
       1.593     0.700000       307706         3.33
       1.670     0.750000       329547         4.00
       1.712     0.775000       340595         4.44
       1.756     0.800000       351592         5.00
       1.804     0.825000       362479         5.71
       1.857     0.850000       373466         6.67
       1.917     0.875000       384575         8.00
       1.947     0.887500       389952         8.89
       1.981     0.900000       395558        10.00
       2.015     0.912500       400981        11.43
       2.053     0.925000       406588        13.33
       2.093     0.937500       412116        16.00
       2.113     0.943750       414652        17.78
       2.135     0.950000       417441        20.00
       2.159     0.956250       420262        22.86
       2.185     0.962500       423043        26.67
       2.215     0.968750       425678        32.00
       2.233     0.971875       427064        35.56
       2.253     0.975000       428491        40.00
       2.273     0.978125       429872        45.71
       2.295     0.981250       431198        53.33
       2.321     0.984375       432589        64.00
       2.333     0.985938       433209        71.11
       2.349     0.987500       433870        80.00
       2.369     0.989062       434592        91.43
       2.389     0.990625       435244       106.67
       2.415     0.992188       435975       128.00
       2.427     0.992969       436274       142.22
       2.443     0.993750       436627       160.00
       2.459     0.994531       436969       182.86
       2.481     0.995313       437326       213.33
       2.507     0.996094       437659       256.00
       2.521     0.996484       437824       284.44
       2.537     0.996875       437991       320.00
       2.557     0.997266       438162       365.71
       2.583     0.997656       438330       426.67
       2.617     0.998047       438505       512.00
       2.643     0.998242       438587       568.89
       2.683     0.998437       438676       640.00
       2.741     0.998633       438758       731.43
       2.901     0.998828       438844       853.33
       3.127     0.999023       438929      1024.00
       3.233     0.999121       438972      1137.78
       3.359     0.999219       439015      1280.00
       3.481     0.999316       439058      1462.86
       3.569     0.999414       439101      1706.67
       3.671     0.999512       439144      2048.00
       3.751     0.999561       439165      2275.56
       3.841     0.999609       439187      2560.00
       3.913     0.999658       439208      2925.71
       4.007     0.999707       439231      3413.33
       4.087     0.999756       439251      4096.00
       4.155     0.999780       439263      4551.11
       4.199     0.999805       439274      5120.00
       4.259     0.999829       439283      5851.43
       4.387     0.999854       439294      6826.67
       4.479     0.999878       439305      8192.00
       4.531     0.999890       439311      9102.22
       4.599     0.999902       439316     10240.00
       4.655     0.999915       439321     11702.86
       4.719     0.999927       439326     13653.33
       4.791     0.999939       439332     16384.00
       4.815     0.999945       439334     18204.44
       4.891     0.999951       439337     20480.00
       4.967     0.999957       439340     23405.71
       4.975     0.999963       439343     27306.67
       5.027     0.999969       439345     32768.00
       5.047     0.999973       439347     36408.89
       5.051     0.999976       439348     40960.00
       5.151     0.999979       439349     46811.43
       5.155     0.999982       439350     54613.33
       5.267     0.999985       439352     65536.00
       5.267     0.999986       439352     72817.78
       5.307     0.999988       439353     81920.00
       5.323     0.999989       439354     93622.86
       5.323     0.999991       439354    109226.67
       5.435     0.999992       439355    131072.00
       5.435     0.999993       439355    145635.56
       5.731     0.999994       439356    163840.00
       5.731     0.999995       439356    187245.71
       5.731     0.999995       439356    218453.33
       5.775     0.999996       439357    262144.00
       5.775     0.999997       439357    291271.11
       5.775     0.999997       439357    327680.00
       5.775     0.999997       439357    374491.43
       5.775     0.999998       439357    436906.67
       5.947     0.999998       439358    524288.00
       5.947     1.000000       439358          inf
#[Mean    =        1.361, StdDeviation   =        0.444]
#[Max     =        5.944, Total count    =       439358]
#[Buckets =           27, SubBuckets     =         2048]
----------------------------------------------------------
  479749 requests in 2.00m, 4.12GB read
Requests/sec:   3997.88
Transfer/sec:     35.15MB
