Running 2m test @ http://localhost:9008/api/v1/user?id=1
  4 threads and 128 connections
  Thread calibration: mean lat.: 1.037ms, rate sampling interval: 10ms
  Thread calibration: mean lat.: 1.041ms, rate sampling interval: 10ms
  Thread calibration: mean lat.: 1.036ms, rate sampling interval: 10ms
  Thread calibration: mean lat.: 1.038ms, rate sampling interval: 10ms
  Thread Stats   Avg      Stdev     Max   +/- Stdev
    Latency     1.04ms  442.04us   8.54ms   64.62%
    Req/Sec     3.17k   179.58     4.67k    77.35%
  Latency Distribution (HdrHistogram - Recorded Latency)
 50.000%    1.02ms
 75.000%    1.36ms
 90.000%    1.62ms
 99.000%    2.05ms
 99.900%    2.50ms
 99.990%    4.33ms
 99.999%    6.29ms
100.000%    8.55ms

  Detailed Percentile spectrum:
       Value   Percentile   TotalCount 1/(1-Percentile)

       0.158     0.000000            1         1.00
       0.458     0.100000       132392         1.11
       0.618     0.200000       264006         1.25
       0.758     0.300000       395725         1.43
       0.891     0.400000       527614         1.67
       1.022     0.500000       659789         2.00
       1.089     0.550000       725920         2.22
       1.154     0.600000       790950         2.50
       1.221     0.650000       857210         2.86
       1.289     0.700000       922774         3.33
       1.360     0.750000       988676         4.00
       1.397     0.775000      1021825         4.44
       1.434     0.800000      1054831         5.00
       1.472     0.825000      1087559         5.71
       1.514     0.850000      1120841         6.67
       1.561     0.875000      1153443         8.00
       1.588     0.887500      1170078         8.89
       1.617     0.900000      1186673        10.00
       1.649     0.912500      1203134        11.43
       1.685     0.925000      1219613        13.33
       1.725     0.937500      1236061        16.00
       1.747     0.943750      1244200        17.78
       1.771     0.950000      1252332        20.00
       1.798     0.956250      1260639        22.86
       1.828     0.962500      1268866        26.67
       1.862     0.968750      1277021        32.00
       1.881     0.971875      1281171        35.56
       1.902     0.975000      1285270        40.00
       1.925     0.978125      1289348        45.71
       1.950     0.981250      1293408        53.33
       1.980     0.984375      1297565        64.00
       1.997     0.985938      1299625        71.11
       2.015     0.987500      1301626        80.00
       2.036     0.989062      1303680        91.43
       2.061     0.990625      1305748       106.67
       2.091     0.992188      1307857       128.00
       2.107     0.992969      1308850       142.22
       2.125     0.993750      1309856       160.00
       2.147     0.994531      1310919       182.86
       2.171     0.995313      1311934       213.33
       2.201     0.996094      1312994       256.00
       2.219     0.996484      1313500       284.44
       2.237     0.996875      1314006       320.00
       2.257     0.997266      1314483       365.71
       2.285     0.997656      1315021       426.67
       2.321     0.998047      1315528       512.00
       2.341     0.998242      1315766       568.89
       2.369     0.998437      1316040       640.00
       2.403     0.998633      1316280       731.43
       2.443     0.998828      1316543       853.33
       2.509     0.999023      1316794      1024.00
       2.553     0.999121      1316925      1137.78
       2.627     0.999219      1317053      1280.00
       2.703     0.999316      1317182      1462.86
       2.821     0.999414      1317309      1706.67
       2.977     0.999512      1317438      2048.00
       3.089     0.999561      1317508      2275.56
       3.201     0.999609      1317567      2560.00
       3.317     0.999658      1317631      2925.71
       3.471     0.999707      1317695      3413.33
       3.615     0.999756      1317760      4096.00
       3.715     0.999780      1317792      4551.11
       3.801     0.999805      1317824      5120.00
       3.907     0.999829      1317856      5851.43
       4.023     0.999854      1317888      6826.67
       4.163     0.999878      1317921      8192.00
       4.275     0.999890      1317937      9102.22
       4.387     0.999902      1317953     10240.00
       4.567     0.999915      1317969     11702.86
       4.731     0.999927      1317986     13653.33
       4.879     0.999939      1318001     16384.00
       4.959     0.999945      1318009     18204.44
       5.063     0.999951      1318018     20480.00
       5.147     0.999957      1318025     23405.71
       5.215     0.999963      1318033     27306.67
       5.379     0.999969      1318041     32768.00
       5.471     0.999973      1318045     36408.89
       5.579     0.999976      1318049     40960.00
       5.631     0.999979      1318053     46811.43
       5.711     0.999982      1318057     54613.33
       5.895     0.999985      1318061     65536.00
       5.955     0.999986      1318063     72817.78
       6.003     0.999988      1318065     81920.00
       6.259     0.999989      1318067     93622.86
       6.295     0.999991      1318069    109226.67
       6.335     0.999992      1318071    131072.00
       6.367     0.999993      1318072    145635.56
       6.383     0.999994      1318073    163840.00
       6.399     0.999995      1318074    187245.71
       6.411     0.999995      1318075    218453.33
       6.595     0.999996      1318076    262144.00
       6.631     0.999997      1318077    291271.11
       6.631     0.999997      1318077    327680.00
       7.167     0.999997      1318078    374491.43
       7.167     0.999998      1318078    436906.67
       7.183     0.999998      1318079    524288.00
       7.183     0.999998      1318079    582542.22
       7.183     0.999998      1318079    655360.00
       7.275     0.999999      1318080    748982.86
       7.275     0.999999      1318080    873813.33
       7.275     0.999999      1318080   1048576.00
       7.275     0.999999      1318080   1165084.44
       7.275     0.999999      1318080   1310720.00
       8.551     0.999999      1318081   1497965.71
       8.551     1.000000      1318081          inf
#[Mean    =        1.037, StdDeviation   =        0.442]
#[Max     =        8.544, Total count    =      1318081]
#[Buckets =           27, SubBuckets     =         2048]
----------------------------------------------------------
  1439122 requests in 2.00m, 446.31MB read
Requests/sec:  11992.59
Transfer/sec:      3.72MB
