Running 2m test @ http://localhost:9003/api/v1/user?id=1
  4 threads and 128 connections
  Thread calibration: mean lat.: 0.968ms, rate sampling interval: 10ms
  Thread calibration: mean lat.: 0.962ms, rate sampling interval: 10ms
  Thread calibration: mean lat.: 0.964ms, rate sampling interval: 10ms
  Thread calibration: mean lat.: 0.959ms, rate sampling interval: 10ms
  Thread Stats   Avg      Stdev     Max   +/- Stdev
    Latency     0.97ms  638.68us  34.69ms   86.82%
    Req/Sec     3.93k   291.36    15.20k    82.87%
  Latency Distribution (HdrHistogram - Recorded Latency)
 50.000%    0.95ms
 75.000%    1.28ms
 90.000%    1.50ms
 99.000%    2.02ms
 99.900%    7.97ms
 99.990%   25.17ms
 99.999%   33.31ms
100.000%   34.72ms

  Detailed Percentile spectrum:
       Value   Percentile   TotalCount 1/(1-Percentile)

       0.116     0.000000            1         1.00
       0.381     0.100000       165004         1.11
       0.533     0.200000       330299         1.25
       0.681     0.300000       494461         1.43
       0.821     0.400000       660109         1.67
       0.951     0.500000       824671         2.00
       1.015     0.550000       906598         2.22
       1.080     0.600000       989542         2.50
       1.145     0.650000      1071768         2.86
       1.211     0.700000      1153837         3.33
       1.278     0.750000      1236509         4.00
       1.312     0.775000      1277494         4.44
       1.346     0.800000      1318438         5.00
       1.381     0.825000      1359884         5.71
       1.417     0.850000      1401522         6.67
       1.456     0.875000      1442587         8.00
       1.478     0.887500      1462734         8.89
       1.503     0.900000      1483161        10.00
       1.532     0.912500      1503947        11.43
       1.565     0.925000      1524131        13.33
       1.608     0.937500      1545012        16.00
       1.633     0.943750      1554936        17.78
       1.664     0.950000      1565508        20.00
       1.698     0.956250      1575632        22.86
       1.738     0.962500      1585953        26.67
       1.783     0.968750      1596126        32.00
       1.808     0.971875      1601348        35.56
       1.835     0.975000      1606441        40.00
       1.865     0.978125      1611694        45.71
       1.897     0.981250      1616825        53.33
       1.933     0.984375      1621936        64.00
       1.953     0.985938      1624439        71.11
       1.975     0.987500      1627046        80.00
       2.001     0.989062      1629630        91.43
       2.029     0.990625      1632219       106.67
       2.063     0.992188      1634845       128.00
       2.083     0.992969      1636121       142.22
       2.107     0.993750      1637383       160.00
       2.137     0.994531      1638632       182.86
       2.179     0.995313      1639930       213.33
       2.255     0.996094      1641187       256.00
       2.397     0.996484      1641818       284.44
       2.993     0.996875      1642461       320.00
       3.717     0.997266      1643105       365.71
       4.507     0.997656      1643748       426.67
       5.443     0.998047      1644391       512.00
       5.931     0.998242      1644715       568.89
       6.507     0.998437      1645034       640.00
       6.995     0.998633      1645357       731.43
       7.567     0.998828      1645679       853.33
       8.035     0.999023      1646000      1024.00
       8.263     0.999121      1646167      1137.78
       8.479     0.999219      1646323      1280.00
       8.719     0.999316      1646485      1462.86
       8.999     0.999414      1646647      1706.67
       9.359     0.999512      1646805      2048.00
       9.575     0.999561      1646887      2275.56
       9.823     0.999609      1646966      2560.00
      10.127     0.999658      1647045      2925.71
      10.615     0.999707      1647126      3413.33
      13.135     0.999756      1647206      4096.00
      14.871     0.999780      1647246      4551.11
      17.183     0.999805      1647287      5120.00
      19.503     0.999829      1647327      5851.43
      21.007     0.999854      1647368      6826.67
      23.567     0.999878      1647407      8192.00
      24.351     0.999890      1647427      9102.22
      25.535     0.999902      1647449     10240.00
      26.863     0.999915      1647468     11702.86
      27.455     0.999927      1647488     13653.33
      28.367     0.999939      1647508     16384.00
      29.055     0.999945      1647519     18204.44
      29.535     0.999951      1647528     20480.00
      30.207     0.999957      1647539     23405.71
      30.719     0.999963      1647548     27306.67
      31.375     0.999969      1647558     32768.00
      31.471     0.999973      1647563     36408.89
      31.759     0.999976      1647568     40960.00
      32.031     0.999979      1647573     46811.43
      32.223     0.999982      1647578     54613.33
      32.511     0.999985      1647584     65536.00
      32.735     0.999986      1647586     72817.78
      33.087     0.999988      1647588     81920.00
      33.247     0.999989      1647591     93622.86
      33.375     0.999991      1647595    109226.67
      33.439     0.999992      1647596    131072.00
      33.503     0.999993      1647597    145635.56
      33.567     0.999994      1647598    163840.00
      33.695     0.999995      1647600    187245.71
      33.759     0.999995      1647601    218453.33
      33.855     0.999996      1647602    262144.00
      33.983     0.999997      1647603    291271.11
      33.983     0.999997      1647603    327680.00
      34.047     0.999997      1647604    374491.43
      34.111     0.999998      1647605    436906.67
      34.111     0.999998      1647605    524288.00
      34.207     0.999998      1647606    582542.22
      34.207     0.999998      1647606    655360.00
      34.207     0.999999      1647606    748982.86
      34.271     0.999999      1647607    873813.33
      34.271     0.999999      1647607   1048576.00
      34.271     0.999999      1647607   1165084.44
      34.271     0.999999      1647607   1310720.00
      34.271     0.999999      1647607   1497965.71
      34.719     0.999999      1647608   1747626.67
      34.719     1.000000      1647608          inf
#[Mean    =        0.975, StdDeviation   =        0.639]
#[Max     =       34.688, Total count    =      1647608]
#[Buckets =           27, SubBuckets     =         2048]
----------------------------------------------------------
  1798887 requests in 2.00m, 197.29MB read
Requests/sec:  14990.62
Transfer/sec:      1.64MB
