Running 2m test @ http://localhost:9001/api/v1/user?id=1
  4 threads and 128 connections
  Thread calibration: mean lat.: 0.990ms, rate sampling interval: 10ms
  Thread calibration: mean lat.: 0.981ms, rate sampling interval: 10ms
  Thread calibration: mean lat.: 0.925ms, rate sampling interval: 10ms
  Thread calibration: mean lat.: 0.923ms, rate sampling interval: 10ms
  Thread Stats   Avg      Stdev     Max   +/- Stdev
    Latency     0.95ms  413.58us   5.61ms   63.61%
    Req/Sec     2.11k   135.58     2.89k    77.18%
  Latency Distribution (HdrHistogram - Recorded Latency)
 50.000%    0.95ms
 75.000%    1.26ms
 90.000%    1.49ms
 99.000%    1.94ms
 99.900%    2.30ms
 99.990%    3.49ms
 99.999%    5.04ms
100.000%    5.61ms

  Detailed Percentile spectrum:
       Value   Percentile   TotalCount 1/(1-Percentile)

       0.163     0.000000            1         1.00
       0.399     0.100000        88061         1.11
       0.553     0.200000       175986         1.25
       0.684     0.300000       264045         1.43
       0.819     0.400000       351625         1.67
       0.946     0.500000       439773         2.00
       1.008     0.550000       483428         2.22
       1.071     0.600000       527577         2.50
       1.132     0.650000       571273         2.86
       1.194     0.700000       615577         3.33
       1.257     0.750000       659065         4.00
       1.291     0.775000       681043         4.44
       1.328     0.800000       703051         5.00
       1.368     0.825000       725339         5.71
       1.407     0.850000       746925         6.67
       1.447     0.875000       769235         8.00
       1.467     0.887500       780022         8.89
       1.489     0.900000       791319        10.00
       1.513     0.912500       802078        11.43
       1.541     0.925000       813093        13.33
       1.574     0.937500       823976        16.00
       1.593     0.943750       829383        17.78
       1.614     0.950000       834829        20.00
       1.640     0.956250       840411        22.86
       1.670     0.962500       845889        26.67
       1.707     0.968750       851305        32.00
       1.730     0.971875       854100        35.56
       1.753     0.975000       856763        40.00
       1.781     0.978125       859576        45.71
       1.813     0.981250       862253        53.33
       1.852     0.984375       865021        64.00
       1.875     0.985938       866413        71.11
       1.899     0.987500       867747        80.00
       1.926     0.989062       869157        91.43
       1.953     0.990625       870532       106.67
       1.982     0.992188       871858       128.00
       2.000     0.992969       872551       142.22
       2.019     0.993750       873253       160.00
       2.040     0.994531       873927       182.86
       2.069     0.995313       874636       213.33
       2.099     0.996094       875309       256.00
       2.117     0.996484       875667       284.44
       2.135     0.996875       875992       320.00
       2.155     0.997266       876329       365.71
       2.179     0.997656       876665       426.67
       2.205     0.998047       877018       512.00
       2.219     0.998242       877201       568.89
       2.233     0.998437       877359       640.00
       2.249     0.998633       877519       731.43
       2.271     0.998828       877697       853.33
       2.299     0.999023       877870      1024.00
       2.313     0.999121       877951      1137.78
       2.337     0.999219       878039      1280.00
       2.367     0.999316       878123      1462.86
       2.403     0.999414       878207      1706.67
       2.485     0.999512       878291      2048.00
       2.545     0.999561       878334      2275.56
       2.635     0.999609       878377      2560.00
       2.713     0.999658       878420      2925.71
       2.819     0.999707       878464      3413.33
       2.913     0.999756       878507      4096.00
       2.959     0.999780       878528      4551.11
       3.055     0.999805       878550      5120.00
       3.147     0.999829       878570      5851.43
       3.201     0.999854       878592      6826.67
       3.325     0.999878       878613      8192.00
       3.443     0.999890       878624      9102.22
       3.517     0.999902       878635     10240.00
       3.629     0.999915       878645     11702.86
       3.733     0.999927       878656     13653.33
       3.881     0.999939       878667     16384.00
       3.969     0.999945       878672     18204.44
       4.041     0.999951       878678     20480.00
       4.179     0.999957       878683     23405.71
       4.275     0.999963       878689     27306.67
       4.363     0.999969       878694     32768.00
       4.411     0.999973       878696     36408.89
       4.495     0.999976       878699     40960.00
       4.611     0.999979       878702     46811.43
       4.643     0.999982       878704     54613.33
       4.847     0.999985       878707     65536.00
       4.895     0.999986       878708     72817.78
       5.027     0.999988       878710     81920.00
       5.043     0.999989       878711     93622.86
       5.051     0.999991       878712    109226.67
       5.167     0.999992       878714    131072.00
       5.167     0.999993       878714    145635.56
       5.239     0.999994       878715    163840.00
       5.379     0.999995       878716    187245.71
       5.379     0.999995       878716    218453.33
       5.423     0.999996       878717    262144.00
       5.423     0.999997       878717    291271.11
       5.487     0.999997       878718    327680.00
       5.487     0.999997       878718    374491.43
       5.487     0.999998       878718    436906.67
       5.551     0.999998       878719    524288.00
       5.551     0.999998       878719    582542.22
       5.551     0.999998       878719    655360.00
       5.551     0.999999       878719    748982.86
       5.551     0.999999       878719    873813.33
       5.611     0.999999       878720   1048576.00
       5.611     1.000000       878720          inf
#[Mean    =        0.953, StdDeviation   =        0.414]
#[Max     =        5.608, Total count    =       878720]
#[Buckets =           27, SubBuckets     =         2048]
----------------------------------------------------------
  959439 requests in 2.00m, 297.54MB read
Requests/sec:   7995.27
Transfer/sec:      2.48MB
