Running 2m test @ http://localhost:9002/api/v1/users
  4 threads and 128 connections
  Thread calibration: mean lat.: 2.030ms, rate sampling interval: 10ms
  Thread calibration: mean lat.: 2.042ms, rate sampling interval: 10ms
  Thread calibration: mean lat.: 2.050ms, rate sampling interval: 10ms
  Thread calibration: mean lat.: 2.077ms, rate sampling interval: 10ms
  Thread Stats   Avg      Stdev     Max   +/- Stdev
    Latency     2.17ms    1.75ms  50.11ms   97.45%
    Req/Sec     2.64k   262.66     4.55k    81.57%
  Latency Distribution (HdrHistogram - Recorded Latency)
 50.000%    1.95ms
 75.000%    2.36ms
 90.000%    2.88ms
 99.000%    5.48ms
 99.900%   30.77ms
 99.990%   41.34ms
 99.999%   46.59ms
100.000%   50.14ms

  Detailed Percentile spectrum:
       Value   Percentile   TotalCount 1/(1-Percentile)

       0.683     0.000000            1         1.00
       1.332     0.100000       110298         1.11
       1.524     0.200000       220269         1.25
       1.680     0.300000       329552         1.43
       1.819     0.400000       439360         1.67
       1.954     0.500000       549289         2.00
       2.024     0.550000       604298         2.22
       2.097     0.600000       659471         2.50
       2.175     0.650000       714101         2.86
       2.263     0.700000       769893         3.33
       2.361     0.750000       824060         4.00
       2.419     0.775000       852136         4.44
       2.483     0.800000       879488         5.00
       2.555     0.825000       906596         5.71
       2.641     0.850000       934272         6.67
       2.745     0.875000       961550         8.00
       2.805     0.887500       974946         8.89
       2.875     0.900000       988650        10.00
       2.957     0.912500      1002406        11.43
       3.055     0.925000      1016172        13.33
       3.175     0.937500      1029814        16.00
       3.249     0.943750      1036786        17.78
       3.331     0.950000      1043491        20.00
       3.433     0.956250      1050450        22.86
       3.555     0.962500      1057289        26.67
       3.721     0.968750      1064132        32.00
       3.823     0.971875      1067564        35.56
       3.947     0.975000      1070955        40.00
       4.095     0.978125      1074390        45.71
       4.287     0.981250      1077806        53.33
       4.547     0.984375      1081246        64.00
       4.715     0.985938      1082953        71.11
       4.935     0.987500      1084670        80.00
       5.231     0.989062      1086391        91.43
       5.691     0.990625      1088105       106.67
       6.515     0.992188      1089819       128.00
       7.239     0.992969      1090675       142.22
       8.287     0.993750      1091538       160.00
       9.631     0.994531      1092393       182.86
      11.343     0.995313      1093249       213.33
      14.327     0.996094      1094110       256.00
      16.511     0.996484      1094540       284.44
      18.799     0.996875      1094971       320.00
      20.991     0.997266      1095394       365.71
      23.199     0.997656      1095824       426.67
      25.423     0.998047      1096253       512.00
      26.367     0.998242      1096467       568.89
      27.327     0.998437      1096683       640.00
      28.479     0.998633      1096896       731.43
      29.599     0.998828      1097111       853.33
      30.959     0.999023      1097328      1024.00
      31.631     0.999121      1097434      1137.78
      32.303     0.999219      1097542      1280.00
      33.183     0.999316      1097648      1462.86
      34.047     0.999414      1097754      1706.67
      34.975     0.999512      1097863      2048.00
      35.679     0.999561      1097921      2275.56
      36.127     0.999609      1097969      2560.00
      36.799     0.999658      1098022      2925.71
      37.439     0.999707      1098076      3413.33
      38.239     0.999756      1098133      4096.00
      38.719     0.999780      1098157      4551.11
      39.199     0.999805      1098185      5120.00
      39.647     0.999829      1098212      5851.43
      40.191     0.999854      1098238      6826.67
      40.703     0.999878      1098263      8192.00
      41.055     0.999890      1098278      9102.22
      41.439     0.999902      1098291     10240.00
      41.887     0.999915      1098305     11702.86
      42.271     0.999927      1098318     13653.33
      42.719     0.999939      1098330     16384.00
      43.039     0.999945      1098339     18204.44
      43.327     0.999951      1098344     20480.00
      43.519     0.999957      1098351     23405.71
      43.743     0.999963      1098357     27306.67
      44.223     0.999969      1098364     32768.00
      44.575     0.999973      1098367     36408.89
      44.959     0.999976      1098371     40960.00
      45.471     0.999979      1098374     46811.43
      45.695     0.999982      1098377     54613.33
      46.175     0.999985      1098382     65536.00
      46.175     0.999986      1098382     72817.78
      46.303     0.999988      1098384     81920.00
      46.591     0.999989      1098386     93622.86
      46.655     0.999991      1098387    109226.67
      46.879     0.999992      1098390    131072.00
      46.879     0.999993      1098390    145635.56
      47.295     0.999994      1098391    163840.00
      47.583     0.999995      1098392    187245.71
      47.583     0.999995      1098392    218453.33
      47.807     0.999996      1098393    262144.00
      48.351     0.999997      1098394    291271.11
      48.351     0.999997      1098394    327680.00
      49.375     0.999997      1098396    374491.43
      49.375     0.999998      1098396    436906.67
      49.375     0.999998      1098396    524288.00
      49.375     0.999998      1098396    582542.22
      49.375     0.999998      1098396    655360.00
      49.375     0.999999      1098396    748982.86
      49.375     0.999999      1098396    873813.33
      49.375     0.999999      1098396   1048576.00
      50.143     0.999999      1098397   1165084.44
      50.143     1.000000      1098397          inf
#[Mean    =        2.168, StdDeviation   =        1.753]
#[Max     =       50.112, Total count    =      1098397]
#[Buckets =           27, SubBuckets     =         2048]
----------------------------------------------------------
  1199272 requests in 2.00m, 10.30GB read
Requests/sec:   9993.82
Transfer/sec:     87.86MB
