Running 2m test @ http://localhost:9000/api/v1/users
  4 threads and 128 connections
  Thread calibration: mean lat.: 1.736ms, rate sampling interval: 10ms
  Thread calibration: mean lat.: 1.714ms, rate sampling interval: 10ms
  Thread calibration: mean lat.: 1.658ms, rate sampling interval: 10ms
  Thread calibration: mean lat.: 1.683ms, rate sampling interval: 10ms
  Thread Stats   Avg      Stdev     Max   +/- Stdev
    Latency     1.80ms    1.62ms  49.86ms   98.74%
    Req/Sec     2.11k   198.03     4.11k    73.53%
  Latency Distribution (HdrHistogram - Recorded Latency)
 50.000%    1.61ms
 75.000%    2.00ms
 90.000%    2.44ms
 99.000%    3.60ms
 99.900%   29.41ms
 99.990%   38.75ms
 99.999%   44.03ms
100.000%   49.89ms

  Detailed Percentile spectrum:
       Value   Percentile   TotalCount 1/(1-Percentile)

       0.663     0.000000            1         1.00
       1.105     0.100000        88207         1.11
       1.245     0.200000       175984         1.25
       1.364     0.300000       264304         1.43
       1.483     0.400000       351979         1.67
       1.613     0.500000       439705         2.00
       1.683     0.550000       483854         2.22
       1.756     0.600000       527563         2.50
       1.833     0.650000       571527         2.86
       1.913     0.700000       615543         3.33
       2.000     0.750000       659404         4.00
       2.049     0.775000       681509         4.44
       2.105     0.800000       703219         5.00
       2.171     0.825000       725340         5.71
       2.245     0.850000       747363         6.67
       2.331     0.875000       769240         8.00
       2.381     0.887500       780181         8.89
       2.437     0.900000       791042        10.00
       2.503     0.912500       801889        11.43
       2.583     0.925000       812888        13.33
       2.675     0.937500       823943        16.00
       2.727     0.943750       829463        17.78
       2.783     0.950000       834944        20.00
       2.843     0.956250       840461        22.86
       2.903     0.962500       845772        26.67
       2.971     0.968750       851310        32.00
       3.011     0.971875       854094        35.56
       3.059     0.975000       856765        40.00
       3.123     0.978125       859496        45.71
       3.201     0.981250       862284        53.33
       3.293     0.984375       864991        64.00
       3.351     0.985938       866399        71.11
       3.427     0.987500       867740        80.00
       3.527     0.989062       869115        91.43
       3.657     0.990625       870484       106.67
       3.873     0.992188       871854       128.00
       4.079     0.992969       872540       142.22
       4.595     0.993750       873231       160.00
       6.087     0.994531       873914       182.86
       9.159     0.995313       874600       213.33
      13.407     0.996094       875287       256.00
      15.807     0.996484       875628       284.44
      18.079     0.996875       875974       320.00
      20.063     0.997266       876317       365.71
      21.999     0.997656       876659       426.67
      23.903     0.998047       877002       512.00
      24.943     0.998242       877180       568.89
      26.031     0.998437       877345       640.00
      27.119     0.998633       877516       731.43
      28.383     0.998828       877693       853.33
      29.535     0.999023       877863      1024.00
      30.239     0.999121       877945      1137.78
      31.007     0.999219       878032      1280.00
      31.791     0.999316       878117      1462.86
      32.511     0.999414       878203      1706.67
      33.407     0.999512       878291      2048.00
      33.887     0.999561       878334      2275.56
      34.367     0.999609       878376      2560.00
      34.879     0.999658       878417      2925.71
      35.455     0.999707       878464      3413.33
      35.999     0.999756       878504      4096.00
      36.223     0.999780       878524      4551.11
      36.639     0.999805       878548      5120.00
      37.087     0.999829       878569      5851.43
      37.695     0.999854       878589      6826.67
      38.239     0.999878       878610      8192.00
      38.431     0.999890       878622      9102.22
      38.815     0.999902       878636     10240.00
      38.975     0.999915       878642     11702.86
      39.327     0.999927       878654     13653.33
      39.647     0.999939       878664     16384.00
      40.031     0.999945       878670     18204.44
      40.383     0.999951       878675     20480.00
      40.607     0.999957       878681     23405.71
      40.831     0.999963       878685     27306.67
      41.503     0.999969       878691     32768.00
      41.759     0.999973       878693     36408.89
      42.207     0.999976       878696     40960.00
      42.623     0.999979       878699     46811.43
      42.911     0.999982       878701     54613.33
      43.103     0.999985       878704     65536.00
      43.135     0.999986       878705     72817.78
      43.935     0.999988       878707     81920.00
      44.031     0.999989       878708     93622.86
      44.063     0.999991       878709    109226.67
      44.703     0.999992       878711    131072.00
      44.703     0.999993       878711    145635.56
      45.087     0.999994       878712    163840.00
      45.951     0.999995       878713    187245.71
      45.951     0.999995       878713    218453.33
      46.303     0.999996       878714    262144.00
      46.303     0.999997       878714    291271.11
      47.903     0.999997       878715    327680.00
      47.903     0.999997       878715    374491.43
      47.903     0.999998       878715    436906.67
      49.663     0.999998       878716    524288.00
      49.663     0.999998       878716    582542.22
      49.663     0.999998       878716    655360.00
      49.663     0.999999       878716    748982.86
      49.663     0.999999       878716    873813.33
      49.887     0.999999       878717   1048576.00
      49.887     1.000000       878717          inf
#[Mean    =        1.804, StdDeviation   =        1.616]
#[Max     =       49.856, Total count    =       878717]
#[Buckets =           27, SubBuckets     =         2048]
----------------------------------------------------------
  959430 requests in 2.00m, 8.22GB read
Requests/sec:   7995.16
Transfer/sec:     70.16MB
