Running 5m test @ https://localhost:8080/api/v1/user?id=1
  4 threads and 32 connections
  Thread calibration: mean lat.: 0.907ms, rate sampling interval: 10ms
  Thread calibration: mean lat.: 0.947ms, rate sampling interval: 10ms
  Thread calibration: mean lat.: 0.966ms, rate sampling interval: 10ms
  Thread calibration: mean lat.: 0.917ms, rate sampling interval: 10ms
  Thread Stats   Avg      Stdev     Max   +/- Stdev
    Latency   754.85us  351.59us  11.70ms   66.20%
    Req/Sec   266.00     76.69   600.00     88.77%
  Latency Distribution (HdrHistogram - Recorded Latency)
 50.000%  746.00us
 75.000%    1.00ms
 90.000%    1.15ms
 99.000%    1.76ms
 99.900%    1.99ms
 99.990%    2.29ms
 99.999%   11.02ms
100.000%   11.71ms

  Detailed Percentile spectrum:
       Value   Percentile   TotalCount 1/(1-Percentile)

       0.125     0.000000            1         1.00
       0.300     0.100000        29269         1.11
       0.415     0.200000        58169         1.25
       0.524     0.300000        87037         1.43
       0.637     0.400000       116146         1.67
       0.746     0.500000       145046         2.00
       0.801     0.550000       159702         2.22
       0.855     0.600000       174034         2.50
       0.908     0.650000       188677         2.86
       0.955     0.700000       203049         3.33
       1.003     0.750000       217515         4.00
       1.028     0.775000       224738         4.44
       1.055     0.800000       232175         5.00
       1.080     0.825000       239262         5.71
       1.105     0.850000       246553         6.67
       1.130     0.875000       254019         8.00
       1.141     0.887500       257554         8.89
       1.155     0.900000       261191        10.00
       1.169     0.912500       264628        11.43
       1.183     0.925000       268295        13.33
       1.198     0.937500       271914        16.00
       1.217     0.943750       273706        17.78
       1.250     0.950000       275470        20.00
       1.317     0.956250       277282        22.86
       1.406     0.962500       279088        26.67
       1.500     0.968750       280921        32.00
       1.543     0.971875       281812        35.56
       1.580     0.975000       282713        40.00
       1.624     0.978125       283639        45.71
       1.663     0.981250       284539        53.33
       1.700     0.984375       285437        64.00
       1.716     0.985938       285903        71.11
       1.732     0.987500       286346        80.00
       1.748     0.989062       286802        91.43
       1.765     0.990625       287270       106.67
       1.783     0.992188       287698       128.00
       1.793     0.992969       287921       142.22
       1.804     0.993750       288150       160.00
       1.816     0.994531       288392       182.86
       1.831     0.995313       288610       213.33
       1.849     0.996094       288836       256.00
       1.859     0.996484       288952       284.44
       1.869     0.996875       289058       320.00
       1.883     0.997266       289169       365.71
       1.900     0.997656       289284       426.67
       1.915     0.998047       289401       512.00
       1.927     0.998242       289452       568.89
       1.940     0.998437       289508       640.00
       1.954     0.998633       289563       731.43
       1.968     0.998828       289622       853.33
       1.989     0.999023       289676      1024.00
       2.001     0.999121       289707      1137.78
       2.012     0.999219       289734      1280.00
       2.028     0.999316       289762      1462.86
       2.047     0.999414       289791      1706.67
       2.065     0.999512       289818      2048.00
       2.075     0.999561       289834      2275.56
       2.083     0.999609       289847      2560.00
       2.107     0.999658       289860      2925.71
       2.123     0.999707       289875      3413.33
       2.147     0.999756       289889      4096.00
       2.173     0.999780       289896      4551.11
       2.191     0.999805       289903      5120.00
       2.205     0.999829       289910      5851.43
       2.231     0.999854       289917      6826.67
       2.255     0.999878       289925      8192.00
       2.281     0.999890       289928      9102.22
       2.301     0.999902       289931     10240.00
       2.371     0.999915       289935     11702.86
       2.719     0.999927       289938     13653.33
       4.723     0.999939       289942     16384.00
       4.915     0.999945       289944     18204.44
       4.923     0.999951       289945     20480.00
       5.295     0.999957       289947     23405.71
       5.995     0.999963       289949     27306.67
       6.735     0.999969       289951     32768.00
       8.031     0.999973       289952     36408.89
       8.031     0.999976       289952     40960.00
       9.727     0.999979       289953     46811.43
       9.751     0.999982       289954     54613.33
      11.007     0.999985       289955     65536.00
      11.015     0.999986       289956     72817.78
      11.015     0.999988       289956     81920.00
      11.015     0.999989       289956     93622.86
      11.047     0.999991       289957    109226.67
      11.047     0.999992       289957    131072.00
      11.111     0.999993       289958    145635.56
      11.111     0.999994       289958    163840.00
      11.111     0.999995       289958    187245.71
      11.111     0.999995       289958    218453.33
      11.111     0.999996       289958    262144.00
      11.711     0.999997       289959    291271.11
      11.711     1.000000       289959          inf
#[Mean    =        0.755, StdDeviation   =        0.352]
#[Max     =       11.704, Total count    =       289959]
#[Buckets =           27, SubBuckets     =         2048]
----------------------------------------------------------
  299999 requests in 5.00m, 32.90MB read
Requests/sec:    999.99
Transfer/sec:    112.30KB
