Running 2m test @ http://localhost:9003/api/v1/users
  4 threads and 128 connections
  Thread calibration: mean lat.: 1.335ms, rate sampling interval: 10ms
  Thread calibration: mean lat.: 1.373ms, rate sampling interval: 10ms
  Thread calibration: mean lat.: 2.990ms, rate sampling interval: 10ms
  Thread calibration: mean lat.: 1.361ms, rate sampling interval: 10ms
  Thread Stats   Avg      Stdev     Max   +/- Stdev
    Latency     1.74ms    0.92ms  13.00ms   71.08%
    Req/Sec   524.14    576.91     3.56k    95.81%
  Latency Distribution (HdrHistogram - Recorded Latency)
 50.000%    1.47ms
 75.000%    2.14ms
 90.000%    3.21ms
 99.000%    4.26ms
 99.900%    4.73ms
 99.990%    6.79ms
 99.999%   11.06ms
100.000%   13.01ms

  Detailed Percentile spectrum:
       Value   Percentile   TotalCount 1/(1-Percentile)

       0.515     0.000000            1         1.00
       0.807     0.100000        22078         1.11
       0.981     0.200000        43972         1.25
       1.138     0.300000        65917         1.43
       1.303     0.400000        87921         1.67
       1.472     0.500000       109960         2.00
       1.554     0.550000       120854         2.22
       1.643     0.600000       131804         2.50
       1.766     0.650000       142798         2.86
       1.928     0.700000       153805         3.33
       2.143     0.750000       164821         4.00
       2.301     0.775000       170262         4.44
       2.507     0.800000       175756         5.00
       2.713     0.825000       181261         5.71
       2.887     0.850000       186727         6.67
       3.045     0.875000       192219         8.00
       3.125     0.887500       194963         8.89
       3.211     0.900000       197724        10.00
       3.303     0.912500       200458        11.43
       3.407     0.925000       203215        13.33
       3.523     0.937500       205950        16.00
       3.589     0.943750       207346        17.78
       3.657     0.950000       208717        20.00
       3.729     0.956250       210093        22.86
       3.809     0.962500       211463        26.67
       3.891     0.968750       212831        32.00
       3.935     0.971875       213504        35.56
       3.979     0.975000       214201        40.00
       4.027     0.978125       214882        45.71
       4.081     0.981250       215563        53.33
       4.139     0.984375       216275        64.00
       4.167     0.985938       216580        71.11
       4.203     0.987500       216933        80.00
       4.239     0.989062       217271        91.43
       4.279     0.990625       217628       106.67
       4.319     0.992188       217952       128.00
       4.339     0.992969       218133       142.22
       4.363     0.993750       218311       160.00
       4.387     0.994531       218471       182.86
       4.415     0.995313       218643       213.33
       4.451     0.996094       218823       256.00
       4.471     0.996484       218911       284.44
       4.495     0.996875       218996       320.00
       4.515     0.997266       219069       365.71
       4.539     0.997656       219159       426.67
       4.571     0.998047       219245       512.00
       4.587     0.998242       219282       568.89
       4.615     0.998437       219324       640.00
       4.651     0.998633       219370       731.43
       4.687     0.998828       219413       853.33
       4.735     0.999023       219453      1024.00
       4.771     0.999121       219474      1137.78
       4.823     0.999219       219496      1280.00
       4.899     0.999316       219517      1462.86
       4.995     0.999414       219539      1706.67
       5.235     0.999512       219561      2048.00
       5.291     0.999561       219571      2275.56
       5.483     0.999609       219582      2560.00
       5.643     0.999658       219592      2925.71
       5.751     0.999707       219603      3413.33
       5.903     0.999756       219614      4096.00
       5.979     0.999780       219619      4551.11
       6.223     0.999805       219626      5120.00
       6.551     0.999829       219630      5851.43
       6.615     0.999854       219635      6826.67
       6.739     0.999878       219641      8192.00
       6.747     0.999890       219643      9102.22
       6.791     0.999902       219646     10240.00
       6.895     0.999915       219649     11702.86
       6.911     0.999927       219651     13653.33
       7.023     0.999939       219654     16384.00
       7.095     0.999945       219655     18204.44
       7.263     0.999951       219657     20480.00
       7.275     0.999957       219658     23405.71
       7.563     0.999963       219659     27306.67
       8.035     0.999969       219661     32768.00
       8.035     0.999973       219661     36408.89
       8.479     0.999976       219662     40960.00
       9.239     0.999979       219663     46811.43
       9.239     0.999982       219663     54613.33
       9.287     0.999985       219664     65536.00
       9.287     0.999986       219664     72817.78
      11.063     0.999988       219665     81920.00
      11.063     0.999989       219665     93622.86
      11.063     0.999991       219665    109226.67
      11.991     0.999992       219666    131072.00
      11.991     0.999993       219666    145635.56
      11.991     0.999994       219666    163840.00
      11.991     0.999995       219666    187245.71
      11.991     0.999995       219666    218453.33
      13.007     0.999996       219667    262144.00
      13.007     1.000000       219667          inf
#[Mean    =        1.736, StdDeviation   =        0.916]
#[Max     =       13.000, Total count    =       219667]
#[Buckets =           27, SubBuckets     =         2048]
----------------------------------------------------------
  239449 requests in 2.00m, 2.06GB read
Requests/sec:   1994.72
Transfer/sec:     17.54MB
