Running 2m test @ http://localhost:9008/api/v1/users
  4 threads and 128 connections
  Thread calibration: mean lat.: 1.337ms, rate sampling interval: 10ms
  Thread calibration: mean lat.: 1.337ms, rate sampling interval: 10ms
  Thread calibration: mean lat.: 1.347ms, rate sampling interval: 10ms
  Thread calibration: mean lat.: 1.337ms, rate sampling interval: 10ms
  Thread Stats   Avg      Stdev     Max   +/- Stdev
    Latency     1.35ms  412.30us   3.94ms   65.75%
    Req/Sec   634.51     57.17     0.89k    67.74%
  Latency Distribution (HdrHistogram - Recorded Latency)
 50.000%    1.33ms
 75.000%    1.62ms
 90.000%    1.90ms
 99.000%    2.35ms
 99.900%    2.61ms
 99.990%    3.02ms
 99.999%    3.63ms
100.000%    3.94ms

  Detailed Percentile spectrum:
       Value   Percentile   TotalCount 1/(1-Percentile)

       0.529     0.000000            1         1.00
       0.807     0.100000        26466         1.11
       0.957     0.200000        52743         1.25
       1.090     0.300000        79167         1.43
       1.213     0.400000       105582         1.67
       1.333     0.500000       131979         2.00
       1.391     0.550000       145081         2.22
       1.450     0.600000       158402         2.50
       1.507     0.650000       171533         2.86
       1.562     0.700000       184754         3.33
       1.618     0.750000       197876         4.00
       1.649     0.775000       204329         4.44
       1.687     0.800000       210929         5.00
       1.731     0.825000       217603         5.71
       1.779     0.850000       224177         6.67
       1.834     0.875000       230705         8.00
       1.865     0.887500       234067         8.89
       1.898     0.900000       237294        10.00
       1.936     0.912500       240605        11.43
       1.978     0.925000       243848        13.33
       2.026     0.937500       247201        16.00
       2.053     0.943750       248890        17.78
       2.079     0.950000       250467        20.00
       2.107     0.956250       252114        22.86
       2.137     0.962500       253765        26.67
       2.169     0.968750       255414        32.00
       2.187     0.971875       256220        35.56
       2.207     0.975000       257072        40.00
       2.227     0.978125       257887        45.71
       2.253     0.981250       258722        53.33
       2.283     0.984375       259520        64.00
       2.299     0.985938       259918        71.11
       2.317     0.987500       260330        80.00
       2.337     0.989062       260738        91.43
       2.361     0.990625       261167       106.67
       2.389     0.992188       261579       128.00
       2.401     0.992969       261783       142.22
       2.417     0.993750       261984       160.00
       2.433     0.994531       262184       182.86
       2.451     0.995313       262384       213.33
       2.473     0.996094       262594       256.00
       2.485     0.996484       262700       284.44
       2.495     0.996875       262796       320.00
       2.509     0.997266       262897       365.71
       2.525     0.997656       263001       426.67
       2.543     0.998047       263106       512.00
       2.555     0.998242       263163       568.89
       2.565     0.998437       263205       640.00
       2.579     0.998633       263259       731.43
       2.597     0.998828       263312       853.33
       2.615     0.999023       263360      1024.00
       2.625     0.999121       263387      1137.78
       2.637     0.999219       263415      1280.00
       2.649     0.999316       263436      1462.86
       2.671     0.999414       263466      1706.67
       2.685     0.999512       263488      2048.00
       2.695     0.999561       263501      2275.56
       2.707     0.999609       263515      2560.00
       2.727     0.999658       263527      2925.71
       2.751     0.999707       263540      3413.33
       2.767     0.999756       263552      4096.00
       2.785     0.999780       263559      4551.11
       2.795     0.999805       263565      5120.00
       2.831     0.999829       263571      5851.43
       2.899     0.999854       263578      6826.67
       2.955     0.999878       263584      8192.00
       3.009     0.999890       263588      9102.22
       3.029     0.999902       263591     10240.00
       3.067     0.999915       263594     11702.86
       3.167     0.999927       263597     13653.33
       3.185     0.999939       263600     16384.00
       3.259     0.999945       263602     18204.44
       3.375     0.999951       263604     20480.00
       3.381     0.999957       263605     23405.71
       3.395     0.999963       263607     27306.67
       3.399     0.999969       263608     32768.00
       3.413     0.999973       263609     36408.89
       3.425     0.999976       263610     40960.00
       3.429     0.999979       263611     46811.43
       3.603     0.999982       263612     54613.33
       3.603     0.999985       263612     65536.00
       3.633     0.999986       263613     72817.78
       3.633     0.999988       263613     81920.00
       3.657     0.999989       263614     93622.86
       3.657     0.999991       263614    109226.67
       3.657     0.999992       263614    131072.00
       3.797     0.999993       263615    145635.56
       3.797     0.999994       263615    163840.00
       3.797     0.999995       263615    187245.71
       3.797     0.999995       263615    218453.33
       3.797     0.999996       263615    262144.00
       3.945     0.999997       263616    291271.11
       3.945     1.000000       263616          inf
#[Mean    =        1.345, StdDeviation   =        0.412]
#[Max     =        3.944, Total count    =       263616]
#[Buckets =           27, SubBuckets     =         2048]
----------------------------------------------------------
  287877 requests in 2.00m, 2.52GB read
Requests/sec:   2398.94
Transfer/sec:     21.53MB
