Running 2m test @ http://localhost:9000/api/v1/users
  4 threads and 128 connections
  Thread calibration: mean lat.: 1.407ms, rate sampling interval: 10ms
  Thread calibration: mean lat.: 3.002ms, rate sampling interval: 10ms
  Thread calibration: mean lat.: 1.421ms, rate sampling interval: 10ms
  Thread calibration: mean lat.: 1.422ms, rate sampling interval: 10ms
  Thread Stats   Avg      Stdev     Max   +/- Stdev
    Latency     1.80ms    0.87ms   9.31ms   68.66%
    Req/Sec   530.41    603.70     3.56k    95.83%
  Latency Distribution (HdrHistogram - Recorded Latency)
 50.000%    1.55ms
 75.000%    2.27ms
 90.000%    3.26ms
 99.000%    4.02ms
 99.900%    4.62ms
 99.990%    5.08ms
 99.999%    8.69ms
100.000%    9.32ms

  Detailed Percentile spectrum:
       Value   Percentile   TotalCount 1/(1-Percentile)

       0.568     0.000000            1         1.00
       0.891     0.100000        21979         1.11
       1.067     0.200000        44036         1.25
       1.225     0.300000        65974         1.43
       1.392     0.400000        87967         1.67
       1.550     0.500000       109832         2.00
       1.631     0.550000       120900         2.22
       1.718     0.600000       131824         2.50
       1.838     0.650000       142852         2.86
       2.011     0.700000       153783         3.33
       2.269     0.750000       164754         4.00
       2.421     0.775000       170291         4.44
       2.621     0.800000       175790         5.00
       2.809     0.825000       181297         5.71
       2.969     0.850000       186737         6.67
       3.119     0.875000       192240         8.00
       3.191     0.887500       194985         8.89
       3.261     0.900000       197757        10.00
       3.329     0.912500       200480        11.43
       3.399     0.925000       203241        13.33
       3.473     0.937500       205957        16.00
       3.513     0.943750       207387        17.78
       3.551     0.950000       208681        20.00
       3.597     0.956250       210064        22.86
       3.647     0.962500       211431        26.67
       3.705     0.968750       212842        32.00
       3.735     0.971875       213510        35.56
       3.769     0.975000       214211        40.00
       3.807     0.978125       214890        45.71
       3.847     0.981250       215558        53.33
       3.895     0.984375       216261        64.00
       3.923     0.985938       216590        71.11
       3.957     0.987500       216935        80.00
       3.993     0.989062       217266        91.43
       4.035     0.990625       217612       106.67
       4.087     0.992188       217955       128.00
       4.115     0.992969       218124       142.22
       4.151     0.993750       218307       160.00
       4.191     0.994531       218485       182.86
       4.235     0.995313       218647       213.33
       4.287     0.996094       218811       256.00
       4.315     0.996484       218892       284.44
       4.351     0.996875       218985       320.00
       4.387     0.997266       219074       365.71
       4.423     0.997656       219155       426.67
       4.467     0.998047       219235       512.00
       4.491     0.998242       219281       568.89
       4.523     0.998437       219324       640.00
       4.551     0.998633       219365       731.43
       4.591     0.998828       219411       853.33
       4.627     0.999023       219451      1024.00
       4.655     0.999121       219472      1137.78
       4.683     0.999219       219494      1280.00
       4.703     0.999316       219514      1462.86
       4.735     0.999414       219537      1706.67
       4.767     0.999512       219560      2048.00
       4.779     0.999561       219568      2275.56
       4.811     0.999609       219581      2560.00
       4.835     0.999658       219593      2925.71
       4.855     0.999707       219600      3413.33
       4.891     0.999756       219611      4096.00
       4.911     0.999780       219618      4551.11
       4.923     0.999805       219622      5120.00
       4.959     0.999829       219627      5851.43
       4.987     0.999854       219632      6826.67
       5.043     0.999878       219638      8192.00
       5.059     0.999890       219640      9102.22
       5.095     0.999902       219643     10240.00
       5.103     0.999915       219646     11702.86
       5.155     0.999927       219648     13653.33
       5.267     0.999939       219651     16384.00
       5.283     0.999945       219652     18204.44
       5.319     0.999951       219654     20480.00
       5.511     0.999957       219655     23405.71
       5.631     0.999963       219656     27306.67
       6.239     0.999969       219658     32768.00
       6.239     0.999973       219658     36408.89
       6.503     0.999976       219659     40960.00
       6.899     0.999979       219660     46811.43
       6.899     0.999982       219660     54613.33
       8.415     0.999985       219661     65536.00
       8.415     0.999986       219661     72817.78
       8.695     0.999988       219662     81920.00
       8.695     0.999989       219662     93622.86
       8.695     0.999991       219662    109226.67
       8.879     0.999992       219663    131072.00
       8.879     0.999993       219663    145635.56
       8.879     0.999994       219663    163840.00
       8.879     0.999995       219663    187245.71
       8.879     0.999995       219663    218453.33
       9.319     0.999996       219664    262144.00
       9.319     1.000000       219664          inf
#[Mean    =        1.803, StdDeviation   =        0.872]
#[Max     =        9.312, Total count    =       219664]
#[Buckets =           27, SubBuckets     =         2048]
----------------------------------------------------------
  239447 requests in 2.00m, 2.05GB read
Requests/sec:   1994.70
Transfer/sec:     17.50MB
