Running 2m test @ http://localhost:9000/api/v1/users
  4 threads and 128 connections
  Thread calibration: mean lat.: 1.670ms, rate sampling interval: 10ms
  Thread calibration: mean lat.: 1.666ms, rate sampling interval: 10ms
  Thread calibration: mean lat.: 1.666ms, rate sampling interval: 10ms
  Thread calibration: mean lat.: 1.679ms, rate sampling interval: 10ms
  Thread Stats   Avg      Stdev     Max   +/- Stdev
    Latency     1.69ms  788.87us  39.33ms   88.52%
    Req/Sec     1.58k   147.37     4.22k    72.61%
  Latency Distribution (HdrHistogram - Recorded Latency)
 50.000%    1.60ms
 75.000%    2.00ms
 90.000%    2.44ms
 99.000%    3.01ms
 99.900%    9.07ms
 99.990%   29.34ms
 99.999%   36.67ms
100.000%   39.36ms

  Detailed Percentile spectrum:
       Value   Percentile   TotalCount 1/(1-Percentile)

       0.661     0.000000            1         1.00
       1.054     0.100000        66264         1.11
       1.206     0.200000       132001         1.25
       1.344     0.300000       197967         1.43
       1.475     0.400000       263874         1.67
       1.604     0.500000       329839         2.00
       1.671     0.550000       362835         2.22
       1.741     0.600000       395710         2.50
       1.816     0.650000       428488         2.86
       1.900     0.700000       461333         3.33
       1.997     0.750000       494401         4.00
       2.055     0.775000       511248         4.44
       2.117     0.800000       527542         5.00
       2.187     0.825000       543885         5.71
       2.265     0.850000       560402         6.67
       2.349     0.875000       576798         8.00
       2.395     0.887500       585116         8.89
       2.441     0.900000       593215        10.00
       2.491     0.912500       601564        11.43
       2.543     0.925000       609728        13.33
       2.599     0.937500       618040        16.00
       2.627     0.943750       622083        17.78
       2.659     0.950000       626353        20.00
       2.691     0.956250       630318        22.86
       2.727     0.962500       634505        26.67
       2.767     0.968750       638552        32.00
       2.789     0.971875       640656        35.56
       2.813     0.975000       642659        40.00
       2.839     0.978125       644728        45.71
       2.869     0.981250       646753        53.33
       2.905     0.984375       648749        64.00
       2.929     0.985938       649834        71.11
       2.955     0.987500       650838        80.00
       2.985     0.989062       651889        91.43
       3.021     0.990625       652863       106.67
       3.071     0.992188       653919       128.00
       3.103     0.992969       654410       142.22
       3.139     0.993750       654922       160.00
       3.181     0.994531       655446       182.86
       3.227     0.995313       655967       213.33
       3.293     0.996094       656468       256.00
       3.337     0.996484       656723       284.44
       3.391     0.996875       656984       320.00
       3.459     0.997266       657239       365.71
       3.559     0.997656       657494       426.67
       3.721     0.998047       657752       512.00
       3.861     0.998242       657880       568.89
       4.151     0.998437       658008       640.00
       5.143     0.998633       658136       731.43
       6.771     0.998828       658265       853.33
       9.399     0.999023       658395      1024.00
      11.047     0.999121       658458      1137.78
      12.567     0.999219       658523      1280.00
      14.039     0.999316       658587      1462.86
      15.503     0.999414       658651      1706.67
      17.151     0.999512       658717      2048.00
      18.095     0.999561       658749      2275.56
      19.135     0.999609       658780      2560.00
      20.847     0.999658       658813      2925.71
      22.767     0.999707       658844      3413.33
      24.127     0.999756       658878      4096.00
      24.943     0.999780       658893      4551.11
      25.791     0.999805       658909      5120.00
      26.479     0.999829       658925      5851.43
      27.471     0.999854       658941      6826.67
      28.431     0.999878       658958      8192.00
      28.943     0.999890       658965      9102.22
      29.439     0.999902       658973     10240.00
      29.727     0.999915       658981     11702.86
      30.479     0.999927       658989     13653.33
      31.503     0.999939       658997     16384.00
      32.143     0.999945       659001     18204.44
      32.655     0.999951       659005     20480.00
      32.863     0.999957       659009     23405.71
      33.631     0.999963       659013     27306.67
      35.103     0.999969       659018     32768.00
      35.295     0.999973       659019     36408.89
      35.615     0.999976       659021     40960.00
      36.063     0.999979       659023     46811.43
      36.159     0.999982       659025     54613.33
      36.383     0.999985       659027     65536.00
      36.447     0.999986       659028     72817.78
      36.639     0.999988       659029     81920.00
      36.671     0.999989       659030     93622.86
      36.863     0.999991       659031    109226.67
      37.535     0.999992       659032    131072.00
      38.207     0.999993       659033    145635.56
      38.207     0.999994       659033    163840.00
      38.303     0.999995       659035    187245.71
      38.303     0.999995       659035    218453.33
      38.303     0.999996       659035    262144.00
      38.303     0.999997       659035    291271.11
      38.303     0.999997       659035    327680.00
      38.911     0.999997       659036    374491.43
      38.911     0.999998       659036    436906.67
      38.911     0.999998       659036    524288.00
      38.911     0.999998       659036    582542.22
      38.911     0.999998       659036    655360.00
      39.359     0.999999       659037    748982.86
      39.359     1.000000       659037          inf
#[Mean    =        1.695, StdDeviation   =        0.789]
#[Max     =       39.328, Total count    =       659037]
#[Buckets =           27, SubBuckets     =         2048]
----------------------------------------------------------
  719588 requests in 2.00m, 6.17GB read
Requests/sec:   5996.50
Transfer/sec:     52.62MB
