Running 2m test @ http://localhost:9002/api/v1/users
  4 threads and 128 connections
  Thread calibration: mean lat.: 1.659ms, rate sampling interval: 10ms
  Thread calibration: mean lat.: 1.657ms, rate sampling interval: 10ms
  Thread calibration: mean lat.: 1.662ms, rate sampling interval: 10ms
  Thread calibration: mean lat.: 1.661ms, rate sampling interval: 10ms
  Thread Stats   Avg      Stdev     Max   +/- Stdev
    Latency     1.69ms    0.87ms  36.70ms   92.37%
    Req/Sec     1.58k   160.34     5.11k    71.68%
  Latency Distribution (HdrHistogram - Recorded Latency)
 50.000%    1.59ms
 75.000%    1.98ms
 90.000%    2.41ms
 99.000%    2.99ms
 99.900%   13.72ms
 99.990%   30.56ms
 99.999%   34.37ms
100.000%   36.74ms

  Detailed Percentile spectrum:
       Value   Percentile   TotalCount 1/(1-Percentile)

       0.656     0.000000            1         1.00
       1.042     0.100000        65945         1.11
       1.195     0.200000       131995         1.25
       1.331     0.300000       197711         1.43
       1.464     0.400000       263930         1.67
       1.593     0.500000       329704         2.00
       1.658     0.550000       362714         2.22
       1.727     0.600000       395789         2.50
       1.801     0.650000       428624         2.86
       1.883     0.700000       461349         3.33
       1.979     0.750000       494410         4.00
       2.034     0.775000       510757         4.44
       2.097     0.800000       527635         5.00
       2.165     0.825000       543872         5.71
       2.241     0.850000       560454         6.67
       2.323     0.875000       576805         8.00
       2.369     0.887500       585205         8.89
       2.415     0.900000       593337        10.00
       2.465     0.912500       601579        11.43
       2.519     0.925000       609917        13.33
       2.575     0.937500       618069        16.00
       2.605     0.943750       622123        17.78
       2.637     0.950000       626269        20.00
       2.671     0.956250       630427        22.86
       2.707     0.962500       634454        26.67
       2.747     0.968750       638497        32.00
       2.771     0.971875       640626        35.56
       2.795     0.975000       642569        40.00
       2.823     0.978125       644669        45.71
       2.855     0.981250       646738        53.33
       2.893     0.984375       648767        64.00
       2.915     0.985938       649790        71.11
       2.941     0.987500       650824        80.00
       2.971     0.989062       651872        91.43
       3.009     0.990625       652886       106.67
       3.061     0.992188       653890       128.00
       3.095     0.992969       654408       142.22
       3.137     0.993750       654937       160.00
       3.185     0.994531       655445       182.86
       3.247     0.995313       655955       213.33
       3.339     0.996094       656464       256.00
       3.407     0.996484       656727       284.44
       3.507     0.996875       656979       320.00
       3.669     0.997266       657232       365.71
       3.897     0.997656       657490       426.67
       4.411     0.998047       657747       512.00
       5.123     0.998242       657875       568.89
       7.131     0.998437       658004       640.00
       9.183     0.998633       658132       731.43
      11.655     0.998828       658261       853.33
      14.007     0.999023       658390      1024.00
      15.255     0.999121       658454      1137.78
      16.719     0.999219       658519      1280.00
      17.887     0.999316       658584      1462.86
      19.247     0.999414       658647      1706.67
      20.687     0.999512       658712      2048.00
      21.279     0.999561       658744      2275.56
      22.351     0.999609       658776      2560.00
      23.471     0.999658       658808      2925.71
      25.055     0.999707       658840      3413.33
      26.303     0.999756       658873      4096.00
      27.359     0.999780       658889      4551.11
      27.951     0.999805       658905      5120.00
      28.607     0.999829       658921      5851.43
      29.231     0.999854       658938      6826.67
      29.775     0.999878       658954      8192.00
      30.239     0.999890       658961      9102.22
      30.671     0.999902       658970     10240.00
      30.895     0.999915       658977     11702.86
      31.215     0.999927       658985     13653.33
      31.759     0.999939       658993     16384.00
      32.015     0.999945       658997     18204.44
      32.447     0.999951       659001     20480.00
      32.767     0.999957       659005     23405.71
      33.087     0.999963       659009     27306.67
      33.343     0.999969       659013     32768.00
      33.503     0.999973       659016     36408.89
      33.567     0.999976       659017     40960.00
      34.079     0.999979       659020     46811.43
      34.111     0.999982       659021     54613.33
      34.271     0.999985       659023     65536.00
      34.303     0.999986       659024     72817.78
      34.335     0.999988       659025     81920.00
      34.367     0.999989       659026     93622.86
      34.399     0.999991       659027    109226.67
      34.559     0.999992       659028    131072.00
      35.007     0.999993       659029    145635.56
      35.007     0.999994       659029    163840.00
      35.103     0.999995       659030    187245.71
      35.103     0.999995       659030    218453.33
      36.511     0.999996       659031    262144.00
      36.511     0.999997       659031    291271.11
      36.511     0.999997       659031    327680.00
      36.543     0.999997       659032    374491.43
      36.543     0.999998       659032    436906.67
      36.543     0.999998       659032    524288.00
      36.543     0.999998       659032    582542.22
      36.543     0.999998       659032    655360.00
      36.735     0.999999       659033    748982.86
      36.735     1.000000       659033          inf
#[Mean    =        1.686, StdDeviation   =        0.867]
#[Max     =       36.704, Total count    =       659033]
#[Buckets =           27, SubBuckets     =         2048]
----------------------------------------------------------
  719587 requests in 2.00m, 6.18GB read
Requests/sec:   5996.52
Transfer/sec:     52.72MB
