Running 2m test @ http://localhost:9002/api/v1/user?id=1
  4 threads and 128 connections
  Thread calibration: mean lat.: 0.858ms, rate sampling interval: 10ms
  Thread calibration: mean lat.: 0.891ms, rate sampling interval: 10ms
  Thread calibration: mean lat.: 0.855ms, rate sampling interval: 10ms
  Thread calibration: mean lat.: 0.879ms, rate sampling interval: 10ms
  Thread Stats   Avg      Stdev     Max   +/- Stdev
    Latency     0.87ms  417.40us   8.47ms   65.90%
    Req/Sec     1.33k   122.02     2.44k    71.02%
  Latency Distribution (HdrHistogram - Recorded Latency)
 50.000%    0.87ms
 75.000%    1.17ms
 90.000%    1.37ms
 99.000%    1.86ms
 99.900%    2.14ms
 99.990%    6.68ms
 99.999%    8.11ms
100.000%    8.48ms

  Detailed Percentile spectrum:
       Value   Percentile   TotalCount 1/(1-Percentile)

       0.115     0.000000            1         1.00
       0.328     0.100000        55171         1.11
       0.471     0.200000       110057         1.25
       0.605     0.300000       164899         1.43
       0.736     0.400000       220011         1.67
       0.865     0.500000       274714         2.00
       0.926     0.550000       302306         2.22
       0.987     0.600000       329608         2.50
       1.049     0.650000       357320         2.86
       1.109     0.700000       384598         3.33
       1.168     0.750000       412099         4.00
       1.197     0.775000       425885         4.44
       1.227     0.800000       439511         5.00
       1.260     0.825000       453332         5.71
       1.294     0.850000       466827         6.67
       1.331     0.875000       480863         8.00
       1.350     0.887500       487524         8.89
       1.372     0.900000       494464        10.00
       1.398     0.912500       501368        11.43
       1.433     0.925000       508085        13.33
       1.482     0.937500       514979        16.00
       1.511     0.943750       518422        17.78
       1.543     0.950000       521838        20.00
       1.576     0.956250       525210        22.86
       1.615     0.962500       528677        26.67
       1.657     0.968750       532085        32.00
       1.682     0.971875       533806        35.56
       1.708     0.975000       535498        40.00
       1.735     0.978125       537198        45.71
       1.763     0.981250       538923        53.33
       1.796     0.984375       540654        64.00
       1.813     0.985938       541516        71.11
       1.831     0.987500       542366        80.00
       1.850     0.989062       543225        91.43
       1.872     0.990625       544077       106.67
       1.896     0.992188       544916       128.00
       1.909     0.992969       545351       142.22
       1.924     0.993750       545784       160.00
       1.939     0.994531       546201       182.86
       1.956     0.995313       546650       213.33
       1.974     0.996094       547066       256.00
       1.985     0.996484       547282       284.44
       1.998     0.996875       547504       320.00
       2.011     0.997266       547712       365.71
       2.026     0.997656       547913       426.67
       2.046     0.998047       548132       512.00
       2.057     0.998242       548250       568.89
       2.069     0.998437       548342       640.00
       2.091     0.998633       548452       731.43
       2.113     0.998828       548564       853.33
       2.139     0.999023       548669      1024.00
       2.159     0.999121       548718      1137.78
       2.189     0.999219       548773      1280.00
       2.393     0.999316       548825      1462.86
       2.995     0.999414       548879      1706.67
       3.581     0.999512       548932      2048.00
       3.911     0.999561       548959      2275.56
       4.271     0.999609       548986      2560.00
       4.651     0.999658       549013      2925.71
       5.051     0.999707       549040      3413.33
       5.455     0.999756       549066      4096.00
       5.675     0.999780       549081      4551.11
       5.875     0.999805       549093      5120.00
       6.091     0.999829       549107      5851.43
       6.311     0.999854       549120      6826.67
       6.475     0.999878       549133      8192.00
       6.611     0.999890       549140      9102.22
       6.687     0.999902       549147     10240.00
       6.811     0.999915       549154     11702.86
       6.843     0.999927       549160     13653.33
       6.915     0.999939       549167     16384.00
       7.011     0.999945       549170     18204.44
       7.231     0.999951       549174     20480.00
       7.307     0.999957       549177     23405.71
       7.395     0.999963       549181     27306.67
       7.495     0.999969       549184     32768.00
       7.555     0.999973       549185     36408.89
       7.663     0.999976       549188     40960.00
       7.683     0.999979       549189     46811.43
       7.735     0.999982       549190     54613.33
       7.911     0.999985       549192     65536.00
       7.995     0.999986       549193     72817.78
       8.039     0.999988       549194     81920.00
       8.111     0.999989       549195     93622.86
       8.111     0.999991       549195    109226.67
       8.123     0.999992       549196    131072.00
       8.183     0.999993       549197    145635.56
       8.183     0.999994       549197    163840.00
       8.287     0.999995       549198    187245.71
       8.287     0.999995       549198    218453.33
       8.287     0.999996       549198    262144.00
       8.407     0.999997       549199    291271.11
       8.407     0.999997       549199    327680.00
       8.407     0.999997       549199    374491.43
       8.407     0.999998       549199    436906.67
       8.407     0.999998       549199    524288.00
       8.479     0.999998       549200    582542.22
       8.479     1.000000       549200          inf
#[Mean    =        0.870, StdDeviation   =        0.417]
#[Max     =        8.472, Total count    =       549200]
#[Buckets =           27, SubBuckets     =         2048]
----------------------------------------------------------
  599672 requests in 2.00m, 65.77MB read
Requests/sec:   4997.22
Transfer/sec:    561.21KB
