Running 2m test @ http://localhost:9002/api/v1/users
  4 threads and 128 connections
  Thread calibration: mean lat.: 1.497ms, rate sampling interval: 10ms
  Thread calibration: mean lat.: 1.502ms, rate sampling interval: 10ms
  Thread calibration: mean lat.: 1.483ms, rate sampling interval: 10ms
  Thread calibration: mean lat.: 1.467ms, rate sampling interval: 10ms
  Thread Stats   Avg      Stdev     Max   +/- Stdev
    Latency     1.49ms  446.43us  20.58ms   70.04%
    Req/Sec   524.24    110.40     1.20k    54.26%
  Latency Distribution (HdrHistogram - Recorded Latency)
 50.000%    1.46ms
 75.000%    1.75ms
 90.000%    2.05ms
 99.000%    2.54ms
 99.900%    2.87ms
 99.990%   10.48ms
 99.999%   19.81ms
100.000%   20.59ms

  Detailed Percentile spectrum:
       Value   Percentile   TotalCount 1/(1-Percentile)

       0.653     0.000000            1         1.00
       0.952     0.100000        22031         1.11
       1.101     0.200000        43947         1.25
       1.231     0.300000        65982         1.43
       1.348     0.400000        88025         1.67
       1.459     0.500000       109895         2.00
       1.514     0.550000       120935         2.22
       1.570     0.600000       131941         2.50
       1.627     0.650000       142807         2.86
       1.688     0.700000       153848         3.33
       1.751     0.750000       164833         4.00
       1.786     0.775000       170349         4.44
       1.825     0.800000       175770         5.00
       1.869     0.825000       181339         5.71
       1.919     0.850000       186747         6.67
       1.979     0.875000       192244         8.00
       2.012     0.887500       194960         8.89
       2.051     0.900000       197740        10.00
       2.095     0.912500       200453        11.43
       2.147     0.925000       203286        13.33
       2.201     0.937500       205945        16.00
       2.233     0.943750       207409        17.78
       2.265     0.950000       208742        20.00
       2.299     0.956250       210094        22.86
       2.337     0.962500       211484        26.67
       2.377     0.968750       212821        32.00
       2.399     0.971875       213522        35.56
       2.421     0.975000       214207        40.00
       2.443     0.978125       214908        45.71
       2.463     0.981250       215560        53.33
       2.489     0.984375       216265        64.00
       2.503     0.985938       216593        71.11
       2.519     0.987500       216962        80.00
       2.535     0.989062       217298        91.43
       2.551     0.990625       217627       106.67
       2.573     0.992188       217979       128.00
       2.585     0.992969       218144       142.22
       2.599     0.993750       218310       160.00
       2.613     0.994531       218487       182.86
       2.629     0.995313       218650       213.33
       2.649     0.996094       218814       256.00
       2.661     0.996484       218907       284.44
       2.675     0.996875       218988       320.00
       2.691     0.997266       219074       365.71
       2.709     0.997656       219167       426.67
       2.737     0.998047       219248       512.00
       2.753     0.998242       219290       568.89
       2.773     0.998437       219334       640.00
       2.793     0.998633       219375       731.43
       2.827     0.998828       219416       853.33
       2.873     0.999023       219458      1024.00
       2.901     0.999121       219479      1137.78
       2.943     0.999219       219501      1280.00
       3.023     0.999316       219522      1462.86
       3.103     0.999414       219544      1706.67
       3.191     0.999512       219565      2048.00
       3.263     0.999561       219577      2275.56
       3.349     0.999609       219588      2560.00
       3.479     0.999658       219597      2925.71
       3.647     0.999707       219608      3413.33
       4.879     0.999756       219619      4096.00
       5.715     0.999780       219624      4551.11
       6.795     0.999805       219630      5120.00
       7.759     0.999829       219635      5851.43
       8.479     0.999854       219640      6826.67
       9.175     0.999878       219646      8192.00
       9.527     0.999890       219648      9102.22
      10.815     0.999902       219651     10240.00
      11.599     0.999915       219654     11702.86
      12.063     0.999927       219656     13653.33
      12.895     0.999939       219659     16384.00
      12.967     0.999945       219660     18204.44
      13.415     0.999951       219662     20480.00
      13.495     0.999957       219663     23405.71
      14.071     0.999963       219664     27306.67
      15.215     0.999969       219666     32768.00
      15.215     0.999973       219666     36408.89
      16.143     0.999976       219667     40960.00
      18.255     0.999979       219668     46811.43
      18.255     0.999982       219668     54613.33
      19.631     0.999985       219669     65536.00
      19.631     0.999986       219669     72817.78
      19.807     0.999988       219670     81920.00
      19.807     0.999989       219670     93622.86
      19.807     0.999991       219670    109226.67
      19.919     0.999992       219671    131072.00
      19.919     0.999993       219671    145635.56
      19.919     0.999994       219671    163840.00
      19.919     0.999995       219671    187245.71
      19.919     0.999995       219671    218453.33
      20.591     0.999996       219672    262144.00
      20.591     1.000000       219672          inf
#[Mean    =        1.488, StdDeviation   =        0.446]
#[Max     =       20.576, Total count    =       219672]
#[Buckets =           27, SubBuckets     =         2048]
----------------------------------------------------------
  239904 requests in 2.00m, 2.06GB read
Requests/sec:   1999.16
Transfer/sec:     17.57MB
