Running 10m test @ http://localhost:8080/api/v1/users
  4 threads and 128 connections
  Thread calibration: mean lat.: 1.779ms, rate sampling interval: 10ms
  Thread calibration: mean lat.: 1.794ms, rate sampling interval: 10ms
  Thread calibration: mean lat.: 1.804ms, rate sampling interval: 10ms
  Thread calibration: mean lat.: 1.816ms, rate sampling interval: 10ms
  Thread Stats   Avg      Stdev     Max   +/- Stdev
    Latency     1.89ms  751.71us  31.28ms   81.67%
    Req/Sec     1.58k   153.89     2.56k    67.94%
  Latency Distribution (HdrHistogram - Recorded Latency)
 50.000%    1.76ms
 75.000%    2.16ms
 90.000%    2.67ms
 99.000%    4.80ms
 99.900%    7.89ms
 99.990%   11.91ms
 99.999%   17.02ms
100.000%   31.30ms

  Detailed Percentile spectrum:
       Value   Percentile   TotalCount 1/(1-Percentile)

       0.672     0.000000            1         1.00
       1.176     0.100000       354135         1.11
       1.342     0.200000       709738         1.25
       1.489     0.300000      1064167         1.43
       1.625     0.400000      1417801         1.67
       1.756     0.500000      1770739         2.00
       1.823     0.550000      1947013         2.22
       1.893     0.600000      2124203         2.50
       1.969     0.650000      2301785         2.86
       2.055     0.700000      2478698         3.33
       2.157     0.750000      2655949         4.00
       2.215     0.775000      2743227         4.44
       2.283     0.800000      2833279         5.00
       2.359     0.825000      2921247         5.71
       2.447     0.850000      3010028         6.67
       2.547     0.875000      3097326         8.00
       2.605     0.887500      3141936         8.89
       2.667     0.900000      3185142        10.00
       2.739     0.912500      3230459        11.43
       2.819     0.925000      3274495        13.33
       2.913     0.937500      3318274        16.00
       2.971     0.943750      3340334        17.78
       3.041     0.950000      3362145        20.00
       3.131     0.956250      3384539        22.86
       3.247     0.962500      3406369        26.67
       3.407     0.968750      3428474        32.00
       3.511     0.971875      3439597        35.56
       3.635     0.975000      3450567        40.00
       3.789     0.978125      3461616        45.71
       3.981     0.981250      3472701        53.33
       4.219     0.984375      3483884        64.00
       4.355     0.985938      3489320        71.11
       4.511     0.987500      3494870        80.00
       4.687     0.989062      3500460        91.43
       4.883     0.990625      3505880       106.67
       5.127     0.992188      3511393       128.00
       5.267     0.992969      3514153       142.22
       5.427     0.993750      3516948       160.00
       5.595     0.994531      3519685       182.86
       5.795     0.995313      3522469       213.33
       6.035     0.996094      3525221       256.00
       6.183     0.996484      3526634       284.44
       6.347     0.996875      3527997       320.00
       6.523     0.997266      3529383       365.71
       6.727     0.997656      3530751       426.67
       6.971     0.998047      3532122       512.00
       7.119     0.998242      3532837       568.89
       7.283     0.998437      3533506       640.00
       7.459     0.998633      3534203       731.43
       7.675     0.998828      3534896       853.33
       7.927     0.999023      3535579      1024.00
       8.079     0.999121      3535927      1137.78
       8.239     0.999219      3536268      1280.00
       8.447     0.999316      3536625      1462.86
       8.679     0.999414      3536959      1706.67
       8.975     0.999512      3537305      2048.00
       9.143     0.999561      3537484      2275.56
       9.351     0.999609      3537658      2560.00
       9.567     0.999658      3537826      2925.71
       9.871     0.999707      3537998      3413.33
      10.175     0.999756      3538171      4096.00
      10.359     0.999780      3538257      4551.11
      10.583     0.999805      3538341      5120.00
      10.807     0.999829      3538428      5851.43
      11.111     0.999854      3538514      6826.67
      11.527     0.999878      3538600      8192.00
      11.743     0.999890      3538645      9102.22
      11.967     0.999902      3538687     10240.00
      12.239     0.999915      3538730     11702.86
      12.575     0.999927      3538774     13653.33
      12.943     0.999939      3538817     16384.00
      13.223     0.999945      3538838     18204.44
      13.495     0.999951      3538860     20480.00
      13.783     0.999957      3538882     23405.71
      14.183     0.999963      3538903     27306.67
      14.679     0.999969      3538924     32768.00
      14.847     0.999973      3538935     36408.89
      15.063     0.999976      3538946     40960.00
      15.431     0.999979      3538957     46811.43
      15.999     0.999982      3538969     54613.33
      16.215     0.999985      3538978     65536.00
      16.607     0.999986      3538984     72817.78
      16.831     0.999988      3538990     81920.00
      16.943     0.999989      3538995     93622.86
      17.231     0.999991      3539000    109226.67
      17.423     0.999992      3539005    131072.00
      17.663     0.999993      3539009    145635.56
      18.207     0.999994      3539011    163840.00
      18.735     0.999995      3539014    187245.71
      19.087     0.999995      3539016    218453.33
      19.519     0.999996      3539020    262144.00
      19.519     0.999997      3539020    291271.11
      20.799     0.999997      3539022    327680.00
      20.815     0.999997      3539023    374491.43
      21.327     0.999998      3539024    436906.67
      22.079     0.999998      3539026    524288.00
      22.079     0.999998      3539026    582542.22
      22.111     0.999998      3539027    655360.00
      22.383     0.999999      3539028    748982.86
      22.383     0.999999      3539028    873813.33
      24.367     0.999999      3539029   1048576.00
      24.367     0.999999      3539029   1165084.44
      25.823     0.999999      3539030   1310720.00
      25.823     0.999999      3539030   1497965.71
      25.823     0.999999      3539030   1747626.67
      28.783     1.000000      3539031   2097152.00
      28.783     1.000000      3539031   2330168.89
      28.783     1.000000      3539031   2621440.00
      28.783     1.000000      3539031   2995931.43
      28.783     1.000000      3539031   3495253.33
      31.295     1.000000      3539032   4194304.00
      31.295     1.000000      3539032          inf
#[Mean    =        1.886, StdDeviation   =        0.752]
#[Max     =       31.280, Total count    =      3539032]
#[Buckets =           27, SubBuckets     =         2048]
----------------------------------------------------------
  3599584 requests in 10.00m, 30.85GB read
Requests/sec:   5999.30
Transfer/sec:     52.65MB
