Running 2m test @ http://localhost:9000/api/v1/user?id=1
  4 threads and 128 connections
  Thread calibration: mean lat.: 0.765ms, rate sampling interval: 10ms
  Thread calibration: mean lat.: 0.759ms, rate sampling interval: 10ms
  Thread calibration: mean lat.: 1.074ms, rate sampling interval: 10ms
  Thread calibration: mean lat.: 0.855ms, rate sampling interval: 10ms
  Thread Stats   Avg      Stdev     Max   +/- Stdev
    Latency     0.86ms  424.65us   4.72ms   65.34%
    Req/Sec     1.30k   821.07     3.56k    75.97%
  Latency Distribution (HdrHistogram - Recorded Latency)
 50.000%  849.00us
 75.000%    1.15ms
 90.000%    1.44ms
 99.000%    1.87ms
 99.900%    2.05ms
 99.990%    2.17ms
 99.999%    3.33ms
100.000%    4.73ms

  Detailed Percentile spectrum:
       Value   Percentile   TotalCount 1/(1-Percentile)

       0.072     0.000000            1         1.00
       0.295     0.100000        54965         1.11
       0.450     0.200000       110162         1.25
       0.591     0.300000       164833         1.43
       0.725     0.400000       219707         1.67
       0.849     0.500000       275014         2.00
       0.908     0.550000       302360         2.22
       0.967     0.600000       329613         2.50
       1.027     0.650000       357220         2.86
       1.088     0.700000       384661         3.33
       1.149     0.750000       412288         4.00
       1.181     0.775000       425882         4.44
       1.215     0.800000       439694         5.00
       1.251     0.825000       453250         5.71
       1.302     0.850000       466931         6.67
       1.368     0.875000       480734         8.00
       1.403     0.887500       487497         8.89
       1.440     0.900000       494342        10.00
       1.481     0.912500       501281        11.43
       1.522     0.925000       508192        13.33
       1.567     0.937500       514977        16.00
       1.590     0.943750       518387        17.78
       1.615     0.950000       521883        20.00
       1.641     0.956250       525237        22.86
       1.671     0.962500       528708        26.67
       1.704     0.968750       532075        32.00
       1.722     0.971875       533788        35.56
       1.743     0.975000       535543        40.00
       1.764     0.978125       537207        45.71
       1.788     0.981250       538959        53.33
       1.815     0.984375       540682        64.00
       1.829     0.985938       541494        71.11
       1.845     0.987500       542387        80.00
       1.862     0.989062       543243        91.43
       1.879     0.990625       544088       106.67
       1.898     0.992188       544959       128.00
       1.909     0.992969       545389       142.22
       1.919     0.993750       545808       160.00
       1.930     0.994531       546231       182.86
       1.943     0.995313       546661       213.33
       1.958     0.996094       547098       256.00
       1.965     0.996484       547290       284.44
       1.973     0.996875       547503       320.00
       1.981     0.997266       547726       365.71
       1.992     0.997656       547932       426.67
       2.003     0.998047       548147       512.00
       2.011     0.998242       548257       568.89
       2.018     0.998437       548364       640.00
       2.026     0.998633       548468       731.43
       2.035     0.998828       548575       853.33
       2.046     0.999023       548682      1024.00
       2.053     0.999121       548742      1137.78
       2.059     0.999219       548791      1280.00
       2.067     0.999316       548854      1462.86
       2.075     0.999414       548903      1706.67
       2.083     0.999512       548955      2048.00
       2.087     0.999561       548980      2275.56
       2.093     0.999609       549004      2560.00
       2.103     0.999658       549035      2925.71
       2.109     0.999707       549054      3413.33
       2.117     0.999756       549085      4096.00
       2.121     0.999780       549100      4551.11
       2.125     0.999805       549115      5120.00
       2.129     0.999829       549123      5851.43
       2.137     0.999854       549136      6826.67
       2.157     0.999878       549148      8192.00
       2.167     0.999890       549155      9102.22
       2.179     0.999902       549161     10240.00
       2.197     0.999915       549169     11702.86
       2.209     0.999927       549174     13653.33
       2.241     0.999939       549181     16384.00
       2.263     0.999945       549184     18204.44
       2.293     0.999951       549188     20480.00
       2.311     0.999957       549191     23405.71
       2.315     0.999963       549194     27306.67
       2.355     0.999969       549198     32768.00
       2.359     0.999973       549199     36408.89
       2.397     0.999976       549201     40960.00
       2.535     0.999979       549203     46811.43
       2.619     0.999982       549204     54613.33
       2.749     0.999985       549206     65536.00
       2.857     0.999986       549207     72817.78
       2.971     0.999988       549208     81920.00
       3.327     0.999989       549209     93622.86
       3.327     0.999991       549209    109226.67
       3.569     0.999992       549210    131072.00
       3.823     0.999993       549211    145635.56
       3.823     0.999994       549211    163840.00
       3.871     0.999995       549212    187245.71
       3.871     0.999995       549212    218453.33
       3.871     0.999996       549212    262144.00
       3.911     0.999997       549213    291271.11
       3.911     0.999997       549213    327680.00
       3.911     0.999997       549213    374491.43
       3.911     0.999998       549213    436906.67
       3.911     0.999998       549213    524288.00
       4.727     0.999998       549214    582542.22
       4.727     1.000000       549214          inf
#[Mean    =        0.859, StdDeviation   =        0.425]
#[Max     =        4.724, Total count    =       549214]
#[Buckets =           27, SubBuckets     =         2048]
----------------------------------------------------------
  598535 requests in 2.00m, 71.35MB read
Requests/sec:   4987.16
Transfer/sec:    608.78KB
