Running 2m test @ http://localhost:9001/api/v1/user?id=1
  4 threads and 128 connections
  Thread calibration: mean lat.: 1.129ms, rate sampling interval: 10ms
  Thread calibration: mean lat.: 1.118ms, rate sampling interval: 10ms
  Thread calibration: mean lat.: 1.121ms, rate sampling interval: 10ms
  Thread calibration: mean lat.: 1.124ms, rate sampling interval: 10ms
  Thread Stats   Avg      Stdev     Max   +/- Stdev
    Latency     1.12ms  591.95us  24.70ms   77.88%
    Req/Sec     3.15k   206.05     7.50k    76.33%
  Latency Distribution (HdrHistogram - Recorded Latency)
 50.000%    1.09ms
 75.000%    1.46ms
 90.000%    1.74ms
 99.000%    2.24ms
 99.900%    4.59ms
 99.990%   18.66ms
 99.999%   22.90ms
100.000%   24.72ms

  Detailed Percentile spectrum:
       Value   Percentile   TotalCount 1/(1-Percentile)

       0.168     0.000000            1         1.00
       0.510     0.100000       132324         1.11
       0.666     0.200000       263637         1.25
       0.810     0.300000       396312         1.43
       0.948     0.400000       527564         1.67
       1.087     0.500000       659061         2.00
       1.158     0.550000       724956         2.22
       1.231     0.600000       791590         2.50
       1.304     0.650000       857511         2.86
       1.379     0.700000       923391         3.33
       1.456     0.750000       989228         4.00
       1.495     0.775000      1021554         4.44
       1.536     0.800000      1054803         5.00
       1.580     0.825000      1087811         5.71
       1.627     0.850000      1120632         6.67
       1.679     0.875000      1153444         8.00
       1.709     0.887500      1170289         8.89
       1.739     0.900000      1186460        10.00
       1.773     0.912500      1202775        11.43
       1.812     0.925000      1219469        13.33
       1.855     0.937500      1235802        16.00
       1.880     0.943750      1244095        17.78
       1.907     0.950000      1252379        20.00
       1.937     0.956250      1260564        22.86
       1.970     0.962500      1268706        26.67
       2.009     0.968750      1276917        32.00
       2.032     0.971875      1281103        35.56
       2.057     0.975000      1285317        40.00
       2.083     0.978125      1289281        45.71
       2.117     0.981250      1293587        53.33
       2.153     0.984375      1297577        64.00
       2.175     0.985938      1299714        71.11
       2.197     0.987500      1301610        80.00
       2.225     0.989062      1303730        91.43
       2.257     0.990625      1305858       106.67
       2.293     0.992188      1307863       128.00
       2.315     0.992969      1308894       142.22
       2.341     0.993750      1309939       160.00
       2.369     0.994531      1310904       182.86
       2.409     0.995313      1311928       213.33
       2.457     0.996094      1312959       256.00
       2.491     0.996484      1313467       284.44
       2.533     0.996875      1313981       320.00
       2.589     0.997266      1314487       365.71
       2.683     0.997656      1314999       426.67
       2.861     0.998047      1315509       512.00
       3.025     0.998242      1315765       568.89
       3.231     0.998437      1316022       640.00
       3.495     0.998633      1316279       731.43
       3.895     0.998828      1316537       853.33
       4.695     0.999023      1316794      1024.00
       5.403     0.999121      1316923      1137.78
       6.251     0.999219      1317053      1280.00
       7.483     0.999316      1317180      1462.86
       9.103     0.999414      1317310      1706.67
      10.375     0.999512      1317439      2048.00
      11.359     0.999561      1317502      2275.56
      12.575     0.999609      1317567      2560.00
      13.751     0.999658      1317631      2925.71
      14.911     0.999707      1317695      3413.33
      15.639     0.999756      1317760      4096.00
      15.991     0.999780      1317792      4551.11
      16.415     0.999805      1317824      5120.00
      16.991     0.999829      1317858      5851.43
      17.551     0.999854      1317888      6826.67
      18.095     0.999878      1317921      8192.00
      18.479     0.999890      1317938      9102.22
      18.783     0.999902      1317953     10240.00
      19.183     0.999915      1317969     11702.86
      19.567     0.999927      1317985     13653.33
      19.871     0.999939      1318001     16384.00
      20.159     0.999945      1318009     18204.44
      20.303     0.999951      1318017     20480.00
      20.527     0.999957      1318026     23405.71
      20.719     0.999963      1318033     27306.67
      21.183     0.999969      1318041     32768.00
      21.455     0.999973      1318045     36408.89
      21.615     0.999976      1318050     40960.00
      21.823     0.999979      1318053     46811.43
      21.967     0.999982      1318057     54613.33
      22.175     0.999985      1318061     65536.00
      22.431     0.999986      1318063     72817.78
      22.639     0.999988      1318065     81920.00
      22.735     0.999989      1318067     93622.86
      22.975     0.999991      1318069    109226.67
      23.135     0.999992      1318071    131072.00
      23.295     0.999993      1318072    145635.56
      23.407     0.999994      1318073    163840.00
      23.439     0.999995      1318074    187245.71
      23.599     0.999995      1318075    218453.33
      23.647     0.999996      1318076    262144.00
      23.935     0.999997      1318077    291271.11
      23.935     0.999997      1318077    327680.00
      24.351     0.999997      1318078    374491.43
      24.351     0.999998      1318078    436906.67
      24.431     0.999998      1318079    524288.00
      24.431     0.999998      1318079    582542.22
      24.431     0.999998      1318079    655360.00
      24.703     0.999999      1318080    748982.86
      24.703     0.999999      1318080    873813.33
      24.703     0.999999      1318080   1048576.00
      24.703     0.999999      1318080   1165084.44
      24.703     0.999999      1318080   1310720.00
      24.719     0.999999      1318081   1497965.71
      24.719     1.000000      1318081          inf
#[Mean    =        1.124, StdDeviation   =        0.592]
#[Max     =       24.704, Total count    =      1318081]
#[Buckets =           27, SubBuckets     =         2048]
----------------------------------------------------------
  1439123 requests in 2.00m, 446.31MB read
Requests/sec:  11992.60
Transfer/sec:      3.72MB
