Running 2m test @ http://localhost:9003/api/v1/users
  4 threads and 128 connections
  Thread calibration: mean lat.: 1.799ms, rate sampling interval: 10ms
  Thread calibration: mean lat.: 1.773ms, rate sampling interval: 10ms
  Thread calibration: mean lat.: 1.784ms, rate sampling interval: 10ms
  Thread calibration: mean lat.: 1.792ms, rate sampling interval: 10ms
  Thread Stats   Avg      Stdev     Max   +/- Stdev
    Latency     1.81ms    1.21ms  49.89ms   96.32%
    Req/Sec     2.64k   237.16     5.00k    73.87%
  Latency Distribution (HdrHistogram - Recorded Latency)
 50.000%    1.66ms
 75.000%    2.13ms
 90.000%    2.61ms
 99.000%    3.74ms
 99.900%   21.63ms
 99.990%   39.62ms
 99.999%   46.43ms
100.000%   49.92ms

  Detailed Percentile spectrum:
       Value   Percentile   TotalCount 1/(1-Percentile)

       0.533     0.000000            1         1.00
       1.051     0.100000       110110         1.11
       1.233     0.200000       220064         1.25
       1.382     0.300000       330266         1.43
       1.521     0.400000       439637         1.67
       1.664     0.500000       549328         2.00
       1.740     0.550000       604321         2.22
       1.821     0.600000       659117         2.50
       1.912     0.650000       714471         2.86
       2.014     0.700000       769323         3.33
       2.129     0.750000       824283         4.00
       2.193     0.775000       851779         4.44
       2.263     0.800000       879481         5.00
       2.337     0.825000       906293         5.71
       2.419     0.850000       933838         6.67
       2.507     0.875000       961393         8.00
       2.555     0.887500       975264         8.89
       2.605     0.900000       988705        10.00
       2.661     0.912500      1002570        11.43
       2.725     0.925000      1016242        13.33
       2.799     0.937500      1029899        16.00
       2.843     0.943750      1036871        17.78
       2.891     0.950000      1043763        20.00
       2.945     0.956250      1050458        22.86
       3.009     0.962500      1057222        26.67
       3.087     0.968750      1064077        32.00
       3.135     0.971875      1067521        35.56
       3.189     0.975000      1070976        40.00
       3.253     0.978125      1074402        45.71
       3.333     0.981250      1077816        53.33
       3.439     0.984375      1081274        64.00
       3.505     0.985938      1083011        71.11
       3.581     0.987500      1084701        80.00
       3.677     0.989062      1086402        91.43
       3.799     0.990625      1088112       106.67
       3.983     0.992188      1089831       128.00
       4.111     0.992969      1090695       142.22
       4.275     0.993750      1091544       160.00
       4.495     0.994531      1092401       182.86
       4.811     0.995313      1093253       213.33
       5.227     0.996094      1094113       256.00
       5.503     0.996484      1094539       284.44
       5.843     0.996875      1094968       320.00
       6.307     0.997266      1095398       365.71
       7.051     0.997656      1095826       426.67
       8.567     0.998047      1096256       512.00
       9.807     0.998242      1096471       568.89
      11.575     0.998437      1096684       640.00
      14.743     0.998633      1096899       731.43
      18.495     0.998828      1097113       853.33
      22.191     0.999023      1097329      1024.00
      24.031     0.999121      1097435      1137.78
      25.615     0.999219      1097542      1280.00
      27.311     0.999316      1097650      1462.86
      28.831     0.999414      1097757      1706.67
      30.703     0.999512      1097865      2048.00
      31.583     0.999561      1097918      2275.56
      32.479     0.999609      1097971      2560.00
      33.343     0.999658      1098025      2925.71
      34.047     0.999707      1098079      3413.33
      35.039     0.999756      1098132      4096.00
      35.487     0.999780      1098160      4551.11
      36.159     0.999805      1098186      5120.00
      36.959     0.999829      1098213      5851.43
      37.599     0.999854      1098240      6826.67
      38.527     0.999878      1098267      8192.00
      39.263     0.999890      1098281      9102.22
      39.871     0.999902      1098293     10240.00
      40.831     0.999915      1098307     11702.86
      41.663     0.999927      1098321     13653.33
      42.527     0.999939      1098334     16384.00
      42.911     0.999945      1098340     18204.44
      43.135     0.999951      1098347     20480.00
      43.647     0.999957      1098354     23405.71
      43.871     0.999963      1098360     27306.67
      44.543     0.999969      1098367     32768.00
      44.703     0.999973      1098370     36408.89
      45.183     0.999976      1098375     40960.00
      45.439     0.999979      1098378     46811.43
      45.599     0.999982      1098380     54613.33
      46.079     0.999985      1098384     65536.00
      46.207     0.999986      1098385     72817.78
      46.367     0.999988      1098387     81920.00
      46.431     0.999989      1098389     93622.86
      46.655     0.999991      1098390    109226.67
      47.103     0.999992      1098393    131072.00
      47.103     0.999993      1098393    145635.56
      47.359     0.999994      1098394    163840.00
      47.391     0.999995      1098395    187245.71
      47.391     0.999995      1098395    218453.33
      47.615     0.999996      1098396    262144.00
      47.807     0.999997      1098397    291271.11
      47.807     0.999997      1098397    327680.00
      48.383     0.999997      1098398    374491.43
      48.383     0.999998      1098398    436906.67
      48.383     0.999998      1098398    524288.00
      49.375     0.999998      1098399    582542.22
      49.375     0.999998      1098399    655360.00
      49.375     0.999999      1098399    748982.86
      49.375     0.999999      1098399    873813.33
      49.375     0.999999      1098399   1048576.00
      49.919     0.999999      1098400   1165084.44
      49.919     1.000000      1098400          inf
#[Mean    =        1.808, StdDeviation   =        1.210]
#[Max     =       49.888, Total count    =      1098400]
#[Buckets =           27, SubBuckets     =         2048]
----------------------------------------------------------
  1199272 requests in 2.00m, 10.30GB read
Requests/sec:   9993.84
Transfer/sec:     87.86MB
