Running 2m test @ http://localhost:9002/api/v1/user?id=1
  4 threads and 128 connections
  Thread calibration: mean lat.: 1.167ms, rate sampling interval: 10ms
  Thread calibration: mean lat.: 1.169ms, rate sampling interval: 10ms
  Thread calibration: mean lat.: 1.172ms, rate sampling interval: 10ms
  Thread calibration: mean lat.: 1.172ms, rate sampling interval: 10ms
  Thread Stats   Avg      Stdev     Max   +/- Stdev
    Latency     1.14ms  655.57us  21.39ms   82.77%
    Req/Sec     4.74k   379.57    11.89k    88.62%
  Latency Distribution (HdrHistogram - Recorded Latency)
 50.000%    1.08ms
 75.000%    1.46ms
 90.000%    1.75ms
 99.000%    2.34ms
 99.900%    9.09ms
 99.990%   12.46ms
 99.999%   18.61ms
100.000%   21.41ms

  Detailed Percentile spectrum:
       Value   Percentile   TotalCount 1/(1-Percentile)

       0.132     0.000000            1         1.00
       0.507     0.100000       198828         1.11
       0.664     0.200000       396530         1.25
       0.804     0.300000       593840         1.43
       0.943     0.400000       791751         1.67
       1.083     0.500000       988912         2.00
       1.154     0.550000      1087562         2.22
       1.227     0.600000      1187274         2.50
       1.301     0.650000      1285762         2.86
       1.377     0.700000      1384419         3.33
       1.456     0.750000      1483141         4.00
       1.497     0.775000      1532572         4.44
       1.541     0.800000      1582644         5.00
       1.586     0.825000      1631251         5.71
       1.636     0.850000      1680816         6.67
       1.692     0.875000      1730534         8.00
       1.723     0.887500      1755218         8.89
       1.755     0.900000      1779737        10.00
       1.791     0.912500      1804778        11.43
       1.830     0.925000      1829217        13.33
       1.874     0.937500      1853712        16.00
       1.899     0.943750      1866091        17.78
       1.926     0.950000      1878363        20.00
       1.957     0.956250      1890993        22.86
       1.991     0.962500      1903051        26.67
       2.033     0.968750      1915562        32.00
       2.057     0.971875      1921717        35.56
       2.085     0.975000      1928075        40.00
       2.115     0.978125      1934040        45.71
       2.153     0.981250      1940256        53.33
       2.201     0.984375      1946426        64.00
       2.229     0.985938      1949466        71.11
       2.261     0.987500      1952415        80.00
       2.305     0.989062      1955616        91.43
       2.359     0.990625      1958593       106.67
       2.441     0.992188      1961682       128.00
       2.509     0.992969      1963253       142.22
       2.635     0.993750      1964764       160.00
       3.157     0.994531      1966305       182.86
       4.087     0.995313      1967848       213.33
       5.043     0.996094      1969407       256.00
       5.527     0.996484      1970168       284.44
       6.023     0.996875      1970942       320.00
       6.519     0.997266      1971710       365.71
       7.015     0.997656      1972485       426.67
       7.511     0.998047      1973257       512.00
       7.783     0.998242      1973644       568.89
       8.055     0.998437      1974027       640.00
       8.399     0.998633      1974413       731.43
       8.759     0.998828      1974808       853.33
       9.119     0.999023      1975187      1024.00
       9.311     0.999121      1975383      1137.78
       9.495     0.999219      1975575      1280.00
       9.727     0.999316      1975774      1462.86
       9.935     0.999414      1975958      1706.67
      10.215     0.999512      1976150      2048.00
      10.375     0.999561      1976249      2275.56
      10.535     0.999609      1976347      2560.00
      10.735     0.999658      1976441      2925.71
      10.935     0.999707      1976541      3413.33
      11.127     0.999756      1976635      4096.00
      11.263     0.999780      1976683      4551.11
      11.383     0.999805      1976729      5120.00
      11.567     0.999829      1976778      5851.43
      11.775     0.999854      1976829      6826.67
      12.023     0.999878      1976874      8192.00
      12.255     0.999890      1976899      9102.22
      12.511     0.999902      1976922     10240.00
      12.807     0.999915      1976947     11702.86
      14.007     0.999927      1976971     13653.33
      14.871     0.999939      1976995     16384.00
      15.487     0.999945      1977007     18204.44
      15.831     0.999951      1977019     20480.00
      16.255     0.999957      1977031     23405.71
      16.543     0.999963      1977045     27306.67
      16.943     0.999969      1977055     32768.00
      17.183     0.999973      1977061     36408.89
      17.359     0.999976      1977067     40960.00
      17.487     0.999979      1977073     46811.43
      17.615     0.999982      1977079     54613.33
      18.063     0.999985      1977085     65536.00
      18.143     0.999986      1977088     72817.78
      18.319     0.999988      1977091     81920.00
      18.543     0.999989      1977094     93622.86
      18.655     0.999991      1977097    109226.67
      18.927     0.999992      1977100    131072.00
      19.231     0.999993      1977102    145635.56
      19.455     0.999994      1977103    163840.00
      19.615     0.999995      1977105    187245.71
      19.743     0.999995      1977106    218453.33
      19.935     0.999996      1977108    262144.00
      20.015     0.999997      1977109    291271.11
      20.015     0.999997      1977109    327680.00
      20.047     0.999997      1977110    374491.43
      20.063     0.999998      1977111    436906.67
      20.271     0.999998      1977112    524288.00
      20.271     0.999998      1977112    582542.22
      20.271     0.999998      1977112    655360.00
      20.399     0.999999      1977113    748982.86
      20.399     0.999999      1977113    873813.33
      20.943     0.999999      1977114   1048576.00
      20.943     0.999999      1977114   1165084.44
      20.943     0.999999      1977114   1310720.00
      20.943     0.999999      1977114   1497965.71
      20.943     0.999999      1977114   1747626.67
      21.407     1.000000      1977115   2097152.00
      21.407     1.000000      1977115          inf
#[Mean    =        1.138, StdDeviation   =        0.656]
#[Max     =       21.392, Total count    =      1977115]
#[Buckets =           27, SubBuckets     =         2048]
----------------------------------------------------------
  2158642 requests in 2.00m, 236.74MB read
Requests/sec:  17988.55
Transfer/sec:      1.97MB
