Running 2m test @ http://localhost:9003/api/v1/user?id=1
  4 threads and 128 connections
  Thread calibration: mean lat.: 1017.329ms, rate sampling interval: 4288ms
  Thread calibration: mean lat.: 1017.045ms, rate sampling interval: 4292ms
  Thread calibration: mean lat.: 983.515ms, rate sampling interval: 4329ms
  Thread calibration: mean lat.: 1039.079ms, rate sampling interval: 4395ms
  Thread Stats   Avg      Stdev     Max   +/- Stdev
    Latency     8.47s     4.06s   22.63s    71.98%
    Req/Sec     5.19k     1.09k    7.39k    69.70%
  Latency Distribution (HdrHistogram - Recorded Latency)
 50.000%    8.40s 
 75.000%   10.59s 
 90.000%   12.80s 
 99.000%   20.84s 
 99.900%   21.82s 
 99.990%   22.28s 
 99.999%   22.58s 
100.000%   22.64s 

  Detailed Percentile spectrum:
       Value   Percentile   TotalCount 1/(1-Percentile)

    1946.623     0.000000            2         1.00
    3471.359     0.100000       226135         1.11
    4694.015     0.200000       452078         1.25
    5918.719     0.300000       677936         1.43
    7155.711     0.400000       903948         1.67
    8404.991     0.500000      1130525         2.00
    9027.583     0.550000      1242797         2.22
    9609.215     0.600000      1356868         2.50
   10059.775     0.650000      1469467         2.86
   10346.495     0.700000      1583104         3.33
   10592.255     0.750000      1694738         4.00
   10715.135     0.775000      1752102         4.44
   10838.015     0.800000      1808583         5.00
   10969.087     0.825000      1866916         5.71
   11108.351     0.850000      1922963         6.67
   11296.767     0.875000      1977049         8.00
   11698.175     0.887500      2004762         8.89
   12795.903     0.900000      2033118        10.00
   13901.823     0.912500      2061217        11.43
   14991.359     0.925000      2089560        13.33
   16080.895     0.937500      2117844        16.00
   16629.759     0.943750      2131872        17.78
   17219.583     0.950000      2146225        20.00
   17793.023     0.956250      2160043        22.86
   18366.463     0.962500      2174285        26.67
   18923.519     0.968750      2188252        32.00
   19218.431     0.971875      2195685        35.56
   19496.959     0.975000      2202754        40.00
   19759.103     0.978125      2209510        45.71
   20037.631     0.981250      2216638        53.33
   20316.159     0.984375      2223591        64.00
   20463.615     0.985938      2227238        71.11
   20611.071     0.987500      2230837        80.00
   20758.527     0.989062      2234446        91.43
   20905.983     0.990625      2238030       106.67
   21037.055     0.992188      2241208       128.00
   21118.975     0.992969      2243169       142.22
   21184.511     0.993750      2244747       160.00
   21266.431     0.994531      2246693       182.86
   21331.967     0.995313      2248236       213.33
   21413.887     0.996094      2250098       256.00
   21463.039     0.996484      2251139       284.44
   21495.807     0.996875      2251805       320.00
   21544.959     0.997266      2252756       365.71
   21594.111     0.997656      2253638       426.67
   21643.263     0.998047      2254426       512.00
   21676.031     0.998242      2254908       568.89
   21708.799     0.998437      2255347       640.00
   21741.567     0.998633      2255750       731.43
   21790.719     0.998828      2256310       853.33
   21823.487     0.999023      2256645      1024.00
   21856.255     0.999121      2256934      1137.78
   21872.639     0.999219      2257061      1280.00
   21905.407     0.999316      2257295      1462.86
   21938.175     0.999414      2257503      1706.67
   21987.327     0.999512      2257775      2048.00
   22003.711     0.999561      2257857      2275.56
   22036.479     0.999609      2257988      2560.00
   22052.863     0.999658      2258052      2925.71
   22085.631     0.999707      2258166      3413.33
   22118.399     0.999756      2258270      4096.00
   22151.167     0.999780      2258355      4551.11
   22167.551     0.999805      2258387      5120.00
   22200.319     0.999829      2258454      5851.43
   22233.087     0.999854      2258519      6826.67
   22249.471     0.999878      2258551      8192.00
   22265.855     0.999890      2258575      9102.22
   22298.623     0.999902      2258620     10240.00
   22315.007     0.999915      2258640     11702.86
   22331.391     0.999927      2258659     13653.33
   22364.159     0.999939      2258688     16384.00
   22380.543     0.999945      2258698     18204.44
   22413.311     0.999951      2258718     20480.00
   22429.695     0.999957      2258727     23405.71
   22462.463     0.999963      2258747     27306.67
   22478.847     0.999969      2258757     32768.00
   22495.231     0.999973      2258767     36408.89
   22495.231     0.999976      2258767     40960.00
   22511.615     0.999979      2258776     46811.43
   22527.999     0.999982      2258783     54613.33
   22544.383     0.999985      2258790     65536.00
   22544.383     0.999986      2258790     72817.78
   22560.767     0.999988      2258796     81920.00
   22577.151     0.999989      2258803     93622.86
   22577.151     0.999991      2258803    109226.67
   22593.535     0.999992      2258809    131072.00
   22593.535     0.999993      2258809    145635.56
   22593.535     0.999994      2258809    163840.00
   22593.535     0.999995      2258809    187245.71
   22609.919     0.999995      2258815    218453.33
   22609.919     0.999996      2258815    262144.00
   22609.919     0.999997      2258815    291271.11
   22609.919     0.999997      2258815    327680.00
   22609.919     0.999997      2258815    374491.43
   22626.303     0.999998      2258818    436906.67
   22626.303     0.999998      2258818    524288.00
   22626.303     0.999998      2258818    582542.22
   22626.303     0.999998      2258818    655360.00
   22626.303     0.999999      2258818    748982.86
   22642.687     0.999999      2258821    873813.33
   22642.687     1.000000      2258821          inf
#[Mean    =     8465.405, StdDeviation   =     4057.415]
#[Max     =    22626.304, Total count    =      2258821]
#[Buckets =           27, SubBuckets     =         2048]
----------------------------------------------------------
  2449233 requests in 2.00m, 268.61MB read
  Non-2xx or 3xx responses: 3
Requests/sec:  20410.26
Transfer/sec:      2.24MB
