Running 2m test @ http://localhost:9001/api/v1/user?id=1
  4 threads and 128 connections
  Thread calibration: mean lat.: 1.458ms, rate sampling interval: 10ms
  Thread calibration: mean lat.: 1.471ms, rate sampling interval: 10ms
  Thread calibration: mean lat.: 1.470ms, rate sampling interval: 10ms
  Thread calibration: mean lat.: 1.472ms, rate sampling interval: 10ms
  Thread Stats   Avg      Stdev     Max   +/- Stdev
    Latency     1.41ms  617.85us  21.20ms   70.62%
    Req/Sec     5.27k   388.72     9.11k    70.88%
  Latency Distribution (HdrHistogram - Recorded Latency)
 50.000%    1.34ms
 75.000%    1.78ms
 90.000%    2.19ms
 99.000%    3.00ms
 99.900%    4.58ms
 99.990%   12.52ms
 99.999%   18.42ms
100.000%   21.22ms

  Detailed Percentile spectrum:
       Value   Percentile   TotalCount 1/(1-Percentile)

       0.196     0.000000            1         1.00
       0.701     0.100000       220319         1.11
       0.887     0.200000       440071         1.25
       1.044     0.300000       659709         1.43
       1.192     0.400000       878957         1.67
       1.342     0.500000      1098866         2.00
       1.421     0.550000      1209293         2.22
       1.503     0.600000      1318400         2.50
       1.591     0.650000      1428452         2.86
       1.683     0.700000      1537892         3.33
       1.784     0.750000      1648451         4.00
       1.837     0.775000      1702748         4.44
       1.894     0.800000      1757843         5.00
       1.956     0.825000      1813023         5.71
       2.023     0.850000      1867421         6.67
       2.101     0.875000      1923389         8.00
       2.143     0.887500      1950284         8.89
       2.189     0.900000      1977175        10.00
       2.241     0.912500      2004940        11.43
       2.299     0.925000      2032267        13.33
       2.367     0.937500      2060008        16.00
       2.405     0.943750      2073599        17.78
       2.449     0.950000      2087494        20.00
       2.495     0.956250      2100722        22.86
       2.551     0.962500      2114607        26.67
       2.615     0.968750      2128192        32.00
       2.653     0.971875      2135243        35.56
       2.693     0.975000      2141941        40.00
       2.739     0.978125      2148882        45.71
       2.793     0.981250      2155845        53.33
       2.853     0.984375      2162515        64.00
       2.887     0.985938      2165961        71.11
       2.927     0.987500      2169508        80.00
       2.969     0.989062      2172822        91.43
       3.021     0.990625      2176281       106.67
       3.083     0.992188      2179703       128.00
       3.119     0.992969      2181402       142.22
       3.161     0.993750      2183105       160.00
       3.211     0.994531      2184836       182.86
       3.271     0.995313      2186516       213.33
       3.357     0.996094      2188247       256.00
       3.411     0.996484      2189110       284.44
       3.479     0.996875      2189959       320.00
       3.567     0.997266      2190808       365.71
       3.683     0.997656      2191675       426.67
       3.839     0.998047      2192521       512.00
       3.937     0.998242      2192949       568.89
       4.055     0.998437      2193379       640.00
       4.199     0.998633      2193816       731.43
       4.383     0.998828      2194236       853.33
       4.611     0.999023      2194664      1024.00
       4.747     0.999121      2194883      1137.78
       4.915     0.999219      2195095      1280.00
       5.111     0.999316      2195309      1462.86
       5.391     0.999414      2195523      1706.67
       5.707     0.999512      2195738      2048.00
       5.935     0.999561      2195844      2275.56
       6.199     0.999609      2195952      2560.00
       6.583     0.999658      2196060      2925.71
       7.039     0.999707      2196167      3413.33
       7.879     0.999756      2196273      4096.00
       8.551     0.999780      2196327      4551.11
       9.271     0.999805      2196380      5120.00
       9.999     0.999829      2196434      5851.43
      10.919     0.999854      2196488      6826.67
      11.791     0.999878      2196541      8192.00
      12.207     0.999890      2196568      9102.22
      12.599     0.999902      2196596     10240.00
      13.007     0.999915      2196622     11702.86
      13.383     0.999927      2196649     13653.33
      14.039     0.999939      2196675     16384.00
      14.439     0.999945      2196689     18204.44
      14.959     0.999951      2196702     20480.00
      15.423     0.999957      2196717     23405.71
      15.863     0.999963      2196730     27306.67
      16.295     0.999969      2196743     32768.00
      16.559     0.999973      2196750     36408.89
      16.783     0.999976      2196756     40960.00
      17.087     0.999979      2196764     46811.43
      17.391     0.999982      2196769     54613.33
      17.887     0.999985      2196776     65536.00
      18.015     0.999986      2196779     72817.78
      18.271     0.999988      2196784     81920.00
      18.383     0.999989      2196786     93622.86
      18.511     0.999991      2196789    109226.67
      18.767     0.999992      2196793    131072.00
      18.863     0.999993      2196794    145635.56
      18.943     0.999994      2196796    163840.00
      19.039     0.999995      2196798    187245.71
      19.087     0.999995      2196799    218453.33
      19.615     0.999996      2196801    262144.00
      19.631     0.999997      2196802    291271.11
      19.679     0.999997      2196803    327680.00
      19.743     0.999997      2196804    374491.43
      19.743     0.999998      2196804    436906.67
      19.935     0.999998      2196805    524288.00
      19.999     0.999998      2196806    582542.22
      19.999     0.999998      2196806    655360.00
      20.415     0.999999      2196807    748982.86
      20.415     0.999999      2196807    873813.33
      20.415     0.999999      2196807   1048576.00
      20.623     0.999999      2196808   1165084.44
      20.623     0.999999      2196808   1310720.00
      20.623     0.999999      2196808   1497965.71
      20.623     0.999999      2196808   1747626.67
      20.623     1.000000      2196808   2097152.00
      21.215     1.000000      2196809   2330168.89
      21.215     1.000000      2196809          inf
#[Mean    =        1.412, StdDeviation   =        0.618]
#[Max     =       21.200, Total count    =      2196809]
#[Buckets =           27, SubBuckets     =         2048]
----------------------------------------------------------
  2398488 requests in 2.00m, 743.83MB read
Requests/sec:  19987.29
Transfer/sec:      6.20MB
