Running 2m test @ http://localhost:9003/api/v1/users
  4 threads and 128 connections
  Thread calibration: mean lat.: 1.540ms, rate sampling interval: 10ms
  Thread calibration: mean lat.: 1.493ms, rate sampling interval: 10ms
  Thread calibration: mean lat.: 1.544ms, rate sampling interval: 10ms
  Thread calibration: mean lat.: 1.569ms, rate sampling interval: 10ms
  Thread Stats   Avg      Stdev     Max   +/- Stdev
    Latency     1.54ms  608.99us  30.48ms   75.52%
    Req/Sec     2.11k   150.54     5.11k    75.58%
  Latency Distribution (HdrHistogram - Recorded Latency)
 50.000%    1.46ms
 75.000%    1.87ms
 90.000%    2.27ms
 99.000%    2.83ms
 99.900%    4.70ms
 99.990%   21.12ms
 99.999%   28.86ms
100.000%   30.50ms

  Detailed Percentile spectrum:
       Value   Percentile   TotalCount 1/(1-Percentile)

       0.526     0.000000            2         1.00
       0.915     0.100000        87945         1.11
       1.068     0.200000       176171         1.25
       1.199     0.300000       264038         1.43
       1.326     0.400000       351607         1.67
       1.458     0.500000       439730         2.00
       1.528     0.550000       483423         2.22
       1.603     0.600000       527339         2.50
       1.684     0.650000       571658         2.86
       1.771     0.700000       615130         3.33
       1.869     0.750000       659461         4.00
       1.922     0.775000       681049         4.44
       1.980     0.800000       703027         5.00
       2.042     0.825000       725119         5.71
       2.109     0.850000       746995         6.67
       2.185     0.875000       769326         8.00
       2.225     0.887500       779996         8.89
       2.269     0.900000       791317        10.00
       2.313     0.912500       802158        11.43
       2.359     0.925000       812887        13.33
       2.411     0.937500       824211        16.00
       2.437     0.943750       829394        17.78
       2.467     0.950000       834893        20.00
       2.499     0.956250       840427        22.86
       2.535     0.962500       845986        26.67
       2.575     0.968750       851504        32.00
       2.597     0.971875       854169        35.56
       2.621     0.975000       856843        40.00
       2.651     0.978125       859660        45.71
       2.683     0.981250       862311        53.33
       2.723     0.984375       865085        64.00
       2.745     0.985938       866388        71.11
       2.773     0.987500       867770        80.00
       2.807     0.989062       869151        91.43
       2.845     0.990625       870486       106.67
       2.899     0.992188       871898       128.00
       2.931     0.992969       872580       142.22
       2.967     0.993750       873229       160.00
       3.015     0.994531       873918       182.86
       3.081     0.995313       874605       213.33
       3.173     0.996094       875287       256.00
       3.241     0.996484       875634       284.44
       3.325     0.996875       875980       320.00
       3.437     0.997266       876317       365.71
       3.603     0.997656       876662       426.67
       3.805     0.998047       877003       512.00
       3.921     0.998242       877175       568.89
       4.051     0.998437       877348       640.00
       4.239     0.998633       877519       731.43
       4.443     0.998828       877691       853.33
       4.727     0.999023       877861      1024.00
       4.871     0.999121       877949      1137.78
       5.043     0.999219       878033      1280.00
       5.307     0.999316       878120      1462.86
       5.663     0.999414       878205      1706.67
       6.091     0.999512       878290      2048.00
       6.407     0.999561       878333      2275.56
       7.051     0.999609       878376      2560.00
       7.875     0.999658       878419      2925.71
       9.679     0.999707       878462      3413.33
      12.919     0.999756       878505      4096.00
      14.239     0.999780       878526      4551.11
      16.159     0.999805       878548      5120.00
      17.711     0.999829       878569      5851.43
      18.767     0.999854       878591      6826.67
      19.727     0.999878       878613      8192.00
      20.767     0.999890       878624      9102.22
      21.359     0.999902       878634     10240.00
      21.871     0.999915       878644     11702.86
      22.239     0.999927       878655     13653.33
      22.991     0.999939       878666     16384.00
      23.423     0.999945       878671     18204.44
      23.711     0.999951       878677     20480.00
      24.303     0.999957       878682     23405.71
      25.103     0.999963       878687     27306.67
      25.551     0.999969       878693     32768.00
      25.647     0.999973       878695     36408.89
      26.415     0.999976       878698     40960.00
      26.575     0.999979       878701     46811.43
      27.135     0.999982       878703     54613.33
      27.775     0.999985       878706     65536.00
      27.983     0.999986       878707     72817.78
      28.111     0.999988       878709     81920.00
      28.863     0.999989       878710     93622.86
      29.055     0.999991       878711    109226.67
      29.087     0.999992       878713    131072.00
      29.087     0.999993       878713    145635.56
      29.135     0.999994       878714    163840.00
      29.199     0.999995       878716    187245.71
      29.199     0.999995       878716    218453.33
      29.199     0.999996       878716    262144.00
      29.199     0.999997       878716    291271.11
      29.359     0.999997       878717    327680.00
      29.359     0.999997       878717    374491.43
      29.359     0.999998       878717    436906.67
      30.207     0.999998       878718    524288.00
      30.207     0.999998       878718    582542.22
      30.207     0.999998       878718    655360.00
      30.207     0.999999       878718    748982.86
      30.207     0.999999       878718    873813.33
      30.495     0.999999       878719   1048576.00
      30.495     1.000000       878719          inf
#[Mean    =        1.540, StdDeviation   =        0.609]
#[Max     =       30.480, Total count    =       878719]
#[Buckets =           27, SubBuckets     =         2048]
----------------------------------------------------------
  959433 requests in 2.00m, 8.24GB read
Requests/sec:   7995.21
Transfer/sec:     70.29MB
