Running 2m test @ http://localhost:9003/api/v1/users
  4 threads and 128 connections
  Thread calibration: mean lat.: 1.530ms, rate sampling interval: 10ms
  Thread calibration: mean lat.: 1.531ms, rate sampling interval: 10ms
  Thread calibration: mean lat.: 1.529ms, rate sampling interval: 10ms
  Thread calibration: mean lat.: 1.539ms, rate sampling interval: 10ms
  Thread Stats   Avg      Stdev     Max   +/- Stdev
    Latency     1.53ms  569.03us  25.57ms   71.57%
    Req/Sec     2.11k   150.70     5.22k    76.37%
  Latency Distribution (HdrHistogram - Recorded Latency)
 50.000%    1.45ms
 75.000%    1.87ms
 90.000%    2.26ms
 99.000%    2.85ms
 99.900%    4.77ms
 99.990%   14.38ms
 99.999%   21.34ms
100.000%   25.58ms

  Detailed Percentile spectrum:
       Value   Percentile   TotalCount 1/(1-Percentile)

       0.524     0.000000            1         1.00
       0.912     0.100000        88009         1.11
       1.057     0.200000       175994         1.25
       1.186     0.300000       263652         1.43
       1.313     0.400000       352111         1.67
       1.449     0.500000       439918         2.00
       1.522     0.550000       483756         2.22
       1.600     0.600000       527778         2.50
       1.683     0.650000       571488         2.86
       1.772     0.700000       615399         3.33
       1.871     0.750000       659415         4.00
       1.925     0.775000       681233         4.44
       1.981     0.800000       702986         5.00
       2.043     0.825000       725159         5.71
       2.109     0.850000       747365         6.67
       2.179     0.875000       769103         8.00
       2.219     0.887500       780400         8.89
       2.259     0.900000       791327        10.00
       2.303     0.912500       802138        11.43
       2.351     0.925000       813195        13.33
       2.403     0.937500       823978        16.00
       2.431     0.943750       829368        17.78
       2.463     0.950000       835061        20.00
       2.497     0.956250       840431        22.86
       2.535     0.962500       845844        26.67
       2.579     0.968750       851334        32.00
       2.603     0.971875       854075        35.56
       2.631     0.975000       856893        40.00
       2.659     0.978125       859586        45.71
       2.693     0.981250       862385        53.33
       2.733     0.984375       865063        64.00
       2.757     0.985938       866403        71.11
       2.785     0.987500       867761        80.00
       2.819     0.989062       869125        91.43
       2.865     0.990625       870510       106.67
       2.921     0.992188       871883       128.00
       2.961     0.992969       872581       142.22
       3.007     0.993750       873244       160.00
       3.067     0.994531       873915       182.86
       3.149     0.995313       874611       213.33
       3.283     0.996094       875290       256.00
       3.381     0.996484       875630       284.44
       3.513     0.996875       875975       320.00
       3.659     0.997266       876315       365.71
       3.843     0.997656       876658       426.67
       4.047     0.998047       877001       512.00
       4.171     0.998242       877174       568.89
       4.311     0.998437       877347       640.00
       4.443     0.998633       877517       731.43
       4.607     0.998828       877689       853.33
       4.799     0.999023       877860      1024.00
       4.903     0.999121       877945      1137.78
       5.063     0.999219       878032      1280.00
       5.207     0.999316       878118      1462.86
       5.391     0.999414       878205      1706.67
       5.631     0.999512       878288      2048.00
       5.827     0.999561       878333      2275.56
       6.031     0.999609       878374      2560.00
       6.275     0.999658       878417      2925.71
       6.887     0.999707       878460      3413.33
       8.187     0.999756       878503      4096.00
       9.151     0.999780       878524      4551.11
      10.055     0.999805       878546      5120.00
      11.071     0.999829       878567      5851.43
      12.199     0.999854       878590      6826.67
      13.127     0.999878       878610      8192.00
      13.775     0.999890       878621      9102.22
      14.671     0.999902       878632     10240.00
      15.151     0.999915       878643     11702.86
      15.551     0.999927       878653     13653.33
      16.559     0.999939       878664     16384.00
      16.879     0.999945       878669     18204.44
      17.615     0.999951       878675     20480.00
      18.143     0.999957       878680     23405.71
      18.399     0.999963       878685     27306.67
      19.023     0.999969       878691     32768.00
      19.343     0.999973       878693     36408.89
      19.871     0.999976       878696     40960.00
      20.463     0.999979       878699     46811.43
      20.495     0.999982       878701     54613.33
      20.639     0.999985       878704     65536.00
      20.879     0.999986       878705     72817.78
      21.199     0.999988       878707     81920.00
      21.343     0.999989       878708     93622.86
      21.727     0.999991       878709    109226.67
      22.783     0.999992       878711    131072.00
      22.783     0.999993       878711    145635.56
      23.631     0.999994       878712    163840.00
      23.775     0.999995       878713    187245.71
      23.775     0.999995       878713    218453.33
      24.351     0.999996       878714    262144.00
      24.351     0.999997       878714    291271.11
      24.479     0.999997       878715    327680.00
      24.479     0.999997       878715    374491.43
      24.479     0.999998       878715    436906.67
      24.943     0.999998       878716    524288.00
      24.943     0.999998       878716    582542.22
      24.943     0.999998       878716    655360.00
      24.943     0.999999       878716    748982.86
      24.943     0.999999       878716    873813.33
      25.583     0.999999       878717   1048576.00
      25.583     1.000000       878717          inf
#[Mean    =        1.532, StdDeviation   =        0.569]
#[Max     =       25.568, Total count    =       878717]
#[Buckets =           27, SubBuckets     =         2048]
----------------------------------------------------------
  959431 requests in 2.00m, 8.24GB read
Requests/sec:   7995.18
Transfer/sec:     70.29MB
