Running 2m test @ http://localhost:9003/api/v1/users
  4 threads and 128 connections
  Thread calibration: mean lat.: 1.450ms, rate sampling interval: 10ms
  Thread calibration: mean lat.: 1.451ms, rate sampling interval: 10ms
  Thread calibration: mean lat.: 1.458ms, rate sampling interval: 10ms
  Thread calibration: mean lat.: 1.459ms, rate sampling interval: 10ms
  Thread Stats   Avg      Stdev     Max   +/- Stdev
    Latency     1.45ms  725.18us  32.96ms   87.14%
    Req/Sec     1.58k   155.19     5.60k    70.45%
  Latency Distribution (HdrHistogram - Recorded Latency)
 50.000%    1.38ms
 75.000%    1.77ms
 90.000%    2.13ms
 99.000%    2.60ms
 99.900%    5.98ms
 99.990%   27.47ms
 99.999%   31.26ms
100.000%   32.99ms

  Detailed Percentile spectrum:
       Value   Percentile   TotalCount 1/(1-Percentile)

       0.506     0.000000            1         1.00
       0.839     0.100000        66274         1.11
       0.983     0.200000       132181         1.25
       1.114     0.300000       197722         1.43
       1.242     0.400000       263631         1.67
       1.377     0.500000       329777         2.00
       1.448     0.550000       362647         2.22
       1.520     0.600000       395450         2.50
       1.596     0.650000       428496         2.86
       1.677     0.700000       461671         3.33
       1.766     0.750000       494413         4.00
       1.815     0.775000       510997         4.44
       1.867     0.800000       527391         5.00
       1.926     0.825000       543823         5.71
       1.990     0.850000       560336         6.67
       2.059     0.875000       576910         8.00
       2.095     0.887500       585019         8.89
       2.133     0.900000       593293        10.00
       2.173     0.912500       601738        11.43
       2.213     0.925000       609627        13.33
       2.259     0.937500       617883        16.00
       2.285     0.943750       622172        17.78
       2.311     0.950000       626164        20.00
       2.339     0.956250       630263        22.86
       2.369     0.962500       634410        26.67
       2.403     0.968750       638491        32.00
       2.423     0.971875       640652        35.56
       2.443     0.975000       642651        40.00
       2.467     0.978125       644738        45.71
       2.493     0.981250       646707        53.33
       2.525     0.984375       648798        64.00
       2.543     0.985938       649822        71.11
       2.563     0.987500       650853        80.00
       2.587     0.989062       651904        91.43
       2.611     0.990625       652860       106.67
       2.645     0.992188       653894       128.00
       2.665     0.992969       654403       142.22
       2.689     0.993750       654933       160.00
       2.721     0.994531       655436       182.86
       2.767     0.995313       655941       213.33
       2.855     0.996094       656465       256.00
       2.931     0.996484       656716       284.44
       3.069     0.996875       656971       320.00
       3.295     0.997266       657230       365.71
       3.575     0.997656       657488       426.67
       3.903     0.998047       657743       512.00
       4.099     0.998242       657872       568.89
       4.331     0.998437       658003       640.00
       4.603     0.998633       658130       731.43
       5.111     0.998828       658259       853.33
       6.115     0.999023       658387      1024.00
       7.135     0.999121       658451      1137.78
       8.831     0.999219       658516      1280.00
      11.071     0.999316       658580      1462.86
      12.967     0.999414       658644      1706.67
      15.407     0.999512       658709      2048.00
      16.911     0.999561       658741      2275.56
      18.783     0.999609       658773      2560.00
      20.063     0.999658       658806      2925.71
      21.599     0.999707       658837      3413.33
      23.167     0.999756       658870      4096.00
      24.031     0.999780       658886      4551.11
      24.863     0.999805       658904      5120.00
      25.311     0.999829       658918      5851.43
      26.319     0.999854       658934      6826.67
      26.975     0.999878       658950      8192.00
      27.231     0.999890       658958      9102.22
      27.519     0.999902       658966     10240.00
      28.047     0.999915       658974     11702.86
      28.591     0.999927       658982     13653.33
      28.991     0.999939       658990     16384.00
      29.263     0.999945       658994     18204.44
      29.343     0.999951       658998     20480.00
      29.727     0.999957       659002     23405.71
      29.983     0.999963       659006     27306.67
      30.111     0.999969       659010     32768.00
      30.223     0.999973       659012     36408.89
      30.527     0.999976       659014     40960.00
      30.767     0.999979       659016     46811.43
      30.799     0.999982       659018     54613.33
      31.007     0.999985       659020     65536.00
      31.055     0.999986       659021     72817.78
      31.247     0.999988       659022     81920.00
      31.263     0.999989       659023     93622.86
      31.359     0.999991       659024    109226.67
      31.743     0.999992       659025    131072.00
      31.823     0.999993       659026    145635.56
      31.823     0.999994       659026    163840.00
      32.175     0.999995       659027    187245.71
      32.175     0.999995       659027    218453.33
      32.543     0.999996       659028    262144.00
      32.543     0.999997       659028    291271.11
      32.543     0.999997       659028    327680.00
      32.959     0.999997       659029    374491.43
      32.959     0.999998       659029    436906.67
      32.959     0.999998       659029    524288.00
      32.959     0.999998       659029    582542.22
      32.959     0.999998       659029    655360.00
      32.991     0.999999       659030    748982.86
      32.991     1.000000       659030          inf
#[Mean    =        1.450, StdDeviation   =        0.725]
#[Max     =       32.960, Total count    =       659030]
#[Buckets =           27, SubBuckets     =         2048]
----------------------------------------------------------
  719586 requests in 2.00m, 6.18GB read
Requests/sec:   5996.50
Transfer/sec:     52.72MB
