Running 2m test @ http://localhost:9002/api/v1/user?id=1
  4 threads and 128 connections
  Thread calibration: mean lat.: 0.961ms, rate sampling interval: 10ms
  Thread calibration: mean lat.: 0.965ms, rate sampling interval: 10ms
  Thread calibration: mean lat.: 0.952ms, rate sampling interval: 10ms
  Thread calibration: mean lat.: 0.960ms, rate sampling interval: 10ms
  Thread Stats   Avg      Stdev     Max   +/- Stdev
    Latency     0.96ms  445.66us   8.44ms   67.85%
    Req/Sec     2.61k   165.15     4.55k    65.80%
  Latency Distribution (HdrHistogram - Recorded Latency)
 50.000%    0.95ms
 75.000%    1.26ms
 90.000%    1.49ms
 99.000%    1.92ms
 99.900%    4.07ms
 99.990%    7.21ms
 99.999%    8.21ms
100.000%    8.45ms

  Detailed Percentile spectrum:
       Value   Percentile   TotalCount 1/(1-Percentile)

       0.123     0.000000            2         1.00
       0.390     0.100000       110228         1.11
       0.550     0.200000       219978         1.25
       0.691     0.300000       329671         1.43
       0.823     0.400000       440191         1.67
       0.948     0.500000       549845         2.00
       1.011     0.550000       604837         2.22
       1.073     0.600000       659155         2.50
       1.136     0.650000       714784         2.86
       1.199     0.700000       768888         3.33
       1.264     0.750000       824378         4.00
       1.297     0.775000       852037         4.44
       1.330     0.800000       879434         5.00
       1.364     0.825000       906729         5.71
       1.399     0.850000       934142         6.67
       1.437     0.875000       961288         8.00
       1.460     0.887500       975144         8.89
       1.486     0.900000       988788        10.00
       1.517     0.912500      1002655        11.43
       1.553     0.925000      1016334        13.33
       1.594     0.937500      1029804        16.00
       1.618     0.943750      1036861        17.78
       1.643     0.950000      1043653        20.00
       1.670     0.956250      1050371        22.86
       1.702     0.962500      1057368        26.67
       1.736     0.968750      1064108        32.00
       1.756     0.971875      1067572        35.56
       1.777     0.975000      1070990        40.00
       1.800     0.978125      1074478        45.71
       1.825     0.981250      1077913        53.33
       1.853     0.984375      1081319        64.00
       1.869     0.985938      1083049        71.11
       1.886     0.987500      1084720        80.00
       1.906     0.989062      1086467        91.43
       1.928     0.990625      1088173       106.67
       1.954     0.992188      1089856       128.00
       1.969     0.992969      1090685       142.22
       1.986     0.993750      1091581       160.00
       2.004     0.994531      1092403       182.86
       2.026     0.995313      1093254       213.33
       2.053     0.996094      1094166       256.00
       2.069     0.996484      1094604       284.44
       2.087     0.996875      1095012       320.00
       2.109     0.997266      1095418       365.71
       2.143     0.997656      1095841       426.67
       2.197     0.998047      1096258       512.00
       2.249     0.998242      1096472       568.89
       2.477     0.998437      1096686       640.00
       3.053     0.998633      1096901       731.43
       3.557     0.998828      1097115       853.33
       4.131     0.999023      1097330      1024.00
       4.451     0.999121      1097437      1137.78
       4.751     0.999219      1097545      1280.00
       5.095     0.999316      1097652      1462.86
       5.435     0.999414      1097761      1706.67
       5.763     0.999512      1097867      2048.00
       5.927     0.999561      1097922      2275.56
       6.111     0.999609      1097974      2560.00
       6.307     0.999658      1098028      2925.71
       6.471     0.999707      1098081      3413.33
       6.623     0.999756      1098135      4096.00
       6.695     0.999780      1098162      4551.11
       6.763     0.999805      1098188      5120.00
       6.871     0.999829      1098216      5851.43
       7.011     0.999854      1098242      6826.67
       7.083     0.999878      1098268      8192.00
       7.155     0.999890      1098282      9102.22
       7.231     0.999902      1098295     10240.00
       7.303     0.999915      1098310     11702.86
       7.371     0.999927      1098322     13653.33
       7.459     0.999939      1098336     16384.00
       7.491     0.999945      1098342     18204.44
       7.527     0.999951      1098349     20480.00
       7.615     0.999957      1098356     23405.71
       7.711     0.999963      1098362     27306.67
       7.739     0.999969      1098369     32768.00
       7.767     0.999973      1098372     36408.89
       7.915     0.999976      1098376     40960.00
       7.987     0.999979      1098379     46811.43
       8.035     0.999982      1098382     54613.33
       8.079     0.999985      1098386     65536.00
       8.147     0.999986      1098387     72817.78
       8.159     0.999988      1098389     81920.00
       8.207     0.999989      1098391     93622.86
       8.215     0.999991      1098393    109226.67
       8.231     0.999992      1098394    131072.00
       8.239     0.999993      1098395    145635.56
       8.287     0.999994      1098396    163840.00
       8.319     0.999995      1098397    187245.71
       8.319     0.999995      1098397    218453.33
       8.367     0.999996      1098399    262144.00
       8.367     0.999997      1098399    291271.11
       8.367     0.999997      1098399    327680.00
       8.391     0.999997      1098400    374491.43
       8.391     0.999998      1098400    436906.67
       8.391     0.999998      1098400    524288.00
       8.431     0.999998      1098401    582542.22
       8.431     0.999998      1098401    655360.00
       8.431     0.999999      1098401    748982.86
       8.431     0.999999      1098401    873813.33
       8.431     0.999999      1098401   1048576.00
       8.447     0.999999      1098402   1165084.44
       8.447     1.000000      1098402          inf
#[Mean    =        0.957, StdDeviation   =        0.446]
#[Max     =        8.440, Total count    =      1098402]
#[Buckets =           27, SubBuckets     =         2048]
----------------------------------------------------------
  1199279 requests in 2.00m, 131.53MB read
Requests/sec:   9993.96
Transfer/sec:      1.10MB
