Running 2m test @ http://localhost:9000/api/v1/user?id=1
  4 threads and 128 connections
  Thread calibration: mean lat.: 1.505ms, rate sampling interval: 10ms
  Thread calibration: mean lat.: 1.515ms, rate sampling interval: 10ms
  Thread calibration: mean lat.: 1.503ms, rate sampling interval: 10ms
  Thread calibration: mean lat.: 1.488ms, rate sampling interval: 10ms
  Thread Stats   Avg      Stdev     Max   +/- Stdev
    Latency     1.33ms  605.38us   7.08ms   66.24%
    Req/Sec    11.86k   733.01    15.44k    69.36%
  Latency Distribution (HdrHistogram - Recorded Latency)
 50.000%    1.25ms
 75.000%    1.73ms
 90.000%    2.19ms
 99.000%    2.83ms
 99.900%    3.33ms
 99.990%    4.51ms
 99.999%    5.67ms
100.000%    7.08ms

  Detailed Percentile spectrum:
       Value   Percentile   TotalCount 1/(1-Percentile)

       0.081     0.000000            1         1.00
       0.596     0.100000       495820         1.11
       0.785     0.200000       990789         1.25
       0.942     0.300000      1484276         1.43
       1.092     0.400000      1977784         1.67
       1.247     0.500000      2472574         2.00
       1.330     0.550000      2720489         2.22
       1.418     0.600000      2966586         2.50
       1.514     0.650000      3215106         2.86
       1.617     0.700000      3461013         3.33
       1.731     0.750000      3707362         4.00
       1.794     0.775000      3831834         4.44
       1.861     0.800000      3955784         5.00
       1.932     0.825000      4078065         5.71
       2.009     0.850000      4201358         6.67
       2.093     0.875000      4326162         8.00
       2.139     0.887500      4388107         8.89
       2.187     0.900000      4449010        10.00
       2.241     0.912500      4512491        11.43
       2.297     0.925000      4572675        13.33
       2.361     0.937500      4634851        16.00
       2.395     0.943750      4665131        17.78
       2.433     0.950000      4696638        20.00
       2.473     0.956250      4726771        22.86
       2.519     0.962500      4758373        26.67
       2.569     0.968750      4788789        32.00
       2.597     0.971875      4804182        35.56
       2.627     0.975000      4819541        40.00
       2.661     0.978125      4835438        45.71
       2.697     0.981250      4850660        53.33
       2.737     0.984375      4865542        64.00
       2.761     0.985938      4873733        71.11
       2.785     0.987500      4881180        80.00
       2.813     0.989062      4888805        91.43
       2.845     0.990625      4896701       106.67
       2.881     0.992188      4904372       128.00
       2.901     0.992969      4908196       142.22
       2.925     0.993750      4912146       160.00
       2.951     0.994531      4915949       182.86
       2.981     0.995313      4919761       213.33
       3.015     0.996094      4923482       256.00
       3.037     0.996484      4925548       284.44
       3.059     0.996875      4927460       320.00
       3.081     0.997266      4929274       365.71
       3.111     0.997656      4931251       426.67
       3.149     0.998047      4933127       512.00
       3.173     0.998242      4934115       568.89
       3.201     0.998437      4935049       640.00
       3.235     0.998633      4936035       731.43
       3.279     0.998828      4937011       853.33
       3.333     0.999023      4937972      1024.00
       3.365     0.999121      4938452      1137.78
       3.403     0.999219      4938918      1280.00
       3.451     0.999316      4939409      1462.86
       3.505     0.999414      4939883      1706.67
       3.573     0.999512      4940363      2048.00
       3.615     0.999561      4940610      2275.56
       3.667     0.999609      4940844      2560.00
       3.733     0.999658      4941088      2925.71
       3.821     0.999707      4941326      3413.33
       3.925     0.999756      4941569      4096.00
       3.989     0.999780      4941686      4551.11
       4.061     0.999805      4941810      5120.00
       4.139     0.999829      4941929      5851.43
       4.247     0.999854      4942049      6826.67
       4.383     0.999878      4942175      8192.00
       4.443     0.999890      4942229      9102.22
       4.519     0.999902      4942294     10240.00
       4.607     0.999915      4942350     11702.86
       4.699     0.999927      4942413     13653.33
       4.791     0.999939      4942471     16384.00
       4.843     0.999945      4942501     18204.44
       4.907     0.999951      4942531     20480.00
       4.975     0.999957      4942563     23405.71
       5.031     0.999963      4942592     27306.67
       5.127     0.999969      4942624     32768.00
       5.163     0.999973      4942637     36408.89
       5.243     0.999976      4942652     40960.00
       5.303     0.999979      4942667     46811.43
       5.391     0.999982      4942682     54613.33
       5.471     0.999985      4942697     65536.00
       5.539     0.999986      4942705     72817.78
       5.579     0.999988      4942712     81920.00
       5.627     0.999989      4942720     93622.86
       5.687     0.999991      4942727    109226.67
       5.831     0.999992      4942735    131072.00
       5.907     0.999993      4942739    145635.56
       5.967     0.999994      4942742    163840.00
       6.007     0.999995      4942746    187245.71
       6.059     0.999995      4942750    218453.33
       6.087     0.999996      4942754    262144.00
       6.091     0.999997      4942756    291271.11
       6.095     0.999997      4942757    327680.00
       6.227     0.999997      4942759    374491.43
       6.259     0.999998      4942761    436906.67
       6.407     0.999998      4942763    524288.00
       6.423     0.999998      4942765    582542.22
       6.423     0.999998      4942765    655360.00
       6.439     0.999999      4942766    748982.86
       6.447     0.999999      4942767    873813.33
       6.451     0.999999      4942768   1048576.00
       6.451     0.999999      4942768   1165084.44
       6.579     0.999999      4942769   1310720.00
       6.579     0.999999      4942769   1497965.71
       6.771     0.999999      4942770   1747626.67
       6.771     1.000000      4942770   2097152.00
       6.771     1.000000      4942770   2330168.89
       6.959     1.000000      4942771   2621440.00
       6.959     1.000000      4942771   2995931.43
       6.959     1.000000      4942771   3495253.33
       6.959     1.000000      4942771   4194304.00
       6.959     1.000000      4942771   4660337.78
       7.083     1.000000      4942772   5242880.00
       7.083     1.000000      4942772          inf
#[Mean    =        1.328, StdDeviation   =        0.605]
#[Max     =        7.080, Total count    =      4942772]
#[Buckets =           27, SubBuckets     =         2048]
----------------------------------------------------------
  5396487 requests in 2.00m, 643.31MB read
Requests/sec:  44969.94
Transfer/sec:      5.36MB
