Running 2m test @ http://localhost:9003/api/v1/users
  4 threads and 128 connections
  Thread calibration: mean lat.: 1.439ms, rate sampling interval: 10ms
  Thread calibration: mean lat.: 1.454ms, rate sampling interval: 10ms
  Thread calibration: mean lat.: 1.461ms, rate sampling interval: 10ms
  Thread calibration: mean lat.: 1.448ms, rate sampling interval: 10ms
  Thread Stats   Avg      Stdev     Max   +/- Stdev
    Latency     1.45ms  533.35us  24.40ms   70.46%
    Req/Sec     1.58k   136.53     4.55k    73.22%
  Latency Distribution (HdrHistogram - Recorded Latency)
 50.000%    1.38ms
 75.000%    1.77ms
 90.000%    2.13ms
 99.000%    2.59ms
 99.900%    4.00ms
 99.990%   15.99ms
 99.999%   22.82ms
100.000%   24.42ms

  Detailed Percentile spectrum:
       Value   Percentile   TotalCount 1/(1-Percentile)

       0.508     0.000000            1         1.00
       0.847     0.100000        65967         1.11
       0.994     0.200000       131929         1.25
       1.125     0.300000       197951         1.43
       1.251     0.400000       263741         1.67
       1.385     0.500000       330028         2.00
       1.454     0.550000       362552         2.22
       1.527     0.600000       395751         2.50
       1.604     0.650000       428755         2.86
       1.684     0.700000       461403         3.33
       1.772     0.750000       494350         4.00
       1.820     0.775000       510884         4.44
       1.872     0.800000       527421         5.00
       1.929     0.825000       543952         5.71
       1.991     0.850000       560409         6.67
       2.059     0.875000       576757         8.00
       2.095     0.887500       585059         8.89
       2.133     0.900000       593499        10.00
       2.171     0.912500       601544        11.43
       2.213     0.925000       609923        13.33
       2.259     0.937500       618182        16.00
       2.283     0.943750       622166        17.78
       2.309     0.950000       626215        20.00
       2.337     0.956250       630319        22.86
       2.367     0.962500       634394        26.67
       2.401     0.968750       638453        32.00
       2.421     0.971875       640659        35.56
       2.441     0.975000       642641        40.00
       2.463     0.978125       644716        45.71
       2.489     0.981250       646793        53.33
       2.519     0.984375       648800        64.00
       2.537     0.985938       649852        71.11
       2.555     0.987500       650828        80.00
       2.577     0.989062       651864        91.43
       2.603     0.990625       652938       106.67
       2.631     0.992188       653898       128.00
       2.649     0.992969       654425       142.22
       2.671     0.993750       654943       160.00
       2.697     0.994531       655448       182.86
       2.729     0.995313       655949       213.33
       2.777     0.996094       656464       256.00
       2.815     0.996484       656725       284.44
       2.867     0.996875       656980       320.00
       2.955     0.997266       657237       365.71
       3.113     0.997656       657494       426.67
       3.341     0.998047       657752       512.00
       3.459     0.998242       657879       568.89
       3.583     0.998437       658012       640.00
       3.697     0.998633       658138       731.43
       3.851     0.998828       658266       853.33
       4.031     0.999023       658394      1024.00
       4.127     0.999121       658460      1137.78
       4.239     0.999219       658523      1280.00
       4.359     0.999316       658588      1462.86
       4.507     0.999414       658653      1706.67
       4.671     0.999512       658716      2048.00
       4.787     0.999561       658748      2275.56
       4.919     0.999609       658780      2560.00
       5.059     0.999658       658812      2925.71
       5.327     0.999707       658844      3413.33
       5.983     0.999756       658877      4096.00
       6.215     0.999780       658893      4551.11
       6.683     0.999805       658909      5120.00
       8.163     0.999829       658925      5851.43
      10.703     0.999854       658941      6826.67
      12.991     0.999878       658957      8192.00
      14.711     0.999890       658965      9102.22
      16.071     0.999902       658973     10240.00
      17.167     0.999915       658981     11702.86
      17.599     0.999927       658989     13653.33
      18.463     0.999939       658998     16384.00
      19.167     0.999945       659001     18204.44
      19.615     0.999951       659005     20480.00
      20.367     0.999957       659009     23405.71
      20.943     0.999963       659013     27306.67
      21.471     0.999969       659017     32768.00
      21.775     0.999973       659019     36408.89
      22.111     0.999976       659021     40960.00
      22.287     0.999979       659023     46811.43
      22.383     0.999982       659025     54613.33
      22.607     0.999985       659027     65536.00
      22.623     0.999986       659028     72817.78
      22.719     0.999988       659029     81920.00
      22.815     0.999989       659030     93622.86
      22.863     0.999991       659031    109226.67
      23.087     0.999992       659032    131072.00
      23.359     0.999993       659033    145635.56
      23.359     0.999994       659033    163840.00
      23.471     0.999995       659034    187245.71
      23.471     0.999995       659034    218453.33
      23.711     0.999996       659035    262144.00
      23.711     0.999997       659035    291271.11
      23.711     0.999997       659035    327680.00
      23.967     0.999997       659036    374491.43
      23.967     0.999998       659036    436906.67
      23.967     0.999998       659036    524288.00
      23.967     0.999998       659036    582542.22
      23.967     0.999998       659036    655360.00
      24.415     0.999999       659037    748982.86
      24.415     1.000000       659037          inf
#[Mean    =        1.445, StdDeviation   =        0.533]
#[Max     =       24.400, Total count    =       659037]
#[Buckets =           27, SubBuckets     =         2048]
----------------------------------------------------------
  719589 requests in 2.00m, 6.18GB read
Requests/sec:   5996.55
Transfer/sec:     52.72MB
