Running 2m test @ http://localhost:9000/api/v1/users
  4 threads and 128 connections
  Thread calibration: mean lat.: 3.345ms, rate sampling interval: 11ms
  Thread calibration: mean lat.: 3.402ms, rate sampling interval: 11ms
  Thread calibration: mean lat.: 5.458ms, rate sampling interval: 15ms
  Thread calibration: mean lat.: 3.327ms, rate sampling interval: 11ms
  Thread Stats   Avg      Stdev     Max   +/- Stdev
    Latency     4.43ms    3.54ms  63.42ms   93.87%
    Req/Sec     2.62k   370.36     4.36k    69.40%
  Latency Distribution (HdrHistogram - Recorded Latency)
 50.000%    3.80ms
 75.000%    5.51ms
 90.000%    7.13ms
 99.000%   20.46ms
 99.900%   40.32ms
 99.990%   52.45ms
 99.999%   57.63ms
100.000%   63.46ms

  Detailed Percentile spectrum:
       Value   Percentile   TotalCount 1/(1-Percentile)

       0.685     0.000000            1         1.00
       1.750     0.100000       109849         1.11
       2.199     0.200000       219812         1.25
       2.657     0.300000       329545         1.43
       3.193     0.400000       439641         1.67
       3.799     0.500000       549509         2.00
       4.115     0.550000       604791         2.22
       4.435     0.600000       659108         2.50
       4.771     0.650000       714059         2.86
       5.127     0.700000       769451         3.33
       5.507     0.750000       824007         4.00
       5.715     0.775000       851666         4.44
       5.935     0.800000       879177         5.00
       6.175     0.825000       906281         5.71
       6.447     0.850000       933954         6.67
       6.755     0.875000       961250         8.00
       6.931     0.887500       974843         8.89
       7.127     0.900000       988578        10.00
       7.351     0.912500      1002384        11.43
       7.615     0.925000      1016163        13.33
       7.931     0.937500      1029861        16.00
       8.123     0.943750      1036718        17.78
       8.351     0.950000      1043600        20.00
       8.639     0.956250      1050401        22.86
       9.039     0.962500      1057248        26.67
       9.671     0.968750      1064152        32.00
      10.103     0.971875      1067555        35.56
      10.639     0.975000      1070978        40.00
      11.319     0.978125      1074386        45.71
      12.215     0.981250      1077827        53.33
      13.519     0.984375      1081264        64.00
      14.527     0.985938      1082970        71.11
      16.159     0.987500      1084684        80.00
      18.575     0.989062      1086407        91.43
      21.727     0.990625      1088116       106.67
      24.495     0.992188      1089838       128.00
      25.903     0.992969      1090700       142.22
      27.215     0.993750      1091553       160.00
      28.527     0.994531      1092408       182.86
      29.839     0.995313      1093266       213.33
      31.231     0.996094      1094125       256.00
      31.999     0.996484      1094556       284.44
      32.863     0.996875      1094983       320.00
      33.759     0.997266      1095415       365.71
      34.687     0.997656      1095848       426.67
      35.871     0.998047      1096275       512.00
      36.575     0.998242      1096486       568.89
      37.311     0.998437      1096703       640.00
      38.175     0.998633      1096914       731.43
      39.263     0.998828      1097128       853.33
      40.447     0.999023      1097343      1024.00
      41.215     0.999121      1097453      1137.78
      41.919     0.999219      1097553      1280.00
      42.815     0.999316      1097662      1462.86
      43.807     0.999414      1097770      1706.67
      44.863     0.999512      1097876      2048.00
      45.471     0.999561      1097934      2275.56
      46.143     0.999609      1097983      2560.00
      46.815     0.999658      1098036      2925.71
      47.487     0.999707      1098095      3413.33
      48.735     0.999756      1098145      4096.00
      49.247     0.999780      1098170      4551.11
      49.823     0.999805      1098198      5120.00
      50.335     0.999829      1098224      5851.43
      50.943     0.999854      1098251      6826.67
      51.807     0.999878      1098277      8192.00
      52.191     0.999890      1098291      9102.22
      52.735     0.999902      1098304     10240.00
      53.215     0.999915      1098318     11702.86
      53.695     0.999927      1098331     13653.33
      54.111     0.999939      1098344     16384.00
      54.399     0.999945      1098351     18204.44
      54.911     0.999951      1098358     20480.00
      55.199     0.999957      1098365     23405.71
      55.551     0.999963      1098371     27306.67
      55.775     0.999969      1098378     32768.00
      55.839     0.999973      1098381     36408.89
      56.095     0.999976      1098385     40960.00
      56.415     0.999979      1098388     46811.43
      56.543     0.999982      1098391     54613.33
      56.991     0.999985      1098395     65536.00
      57.055     0.999986      1098396     72817.78
      57.279     0.999988      1098399     81920.00
      57.631     0.999989      1098400     93622.86
      57.663     0.999991      1098401    109226.67
      58.079     0.999992      1098403    131072.00
      58.111     0.999993      1098404    145635.56
      58.879     0.999994      1098405    163840.00
      59.423     0.999995      1098406    187245.71
      59.423     0.999995      1098406    218453.33
      59.743     0.999996      1098407    262144.00
      60.031     0.999997      1098408    291271.11
      60.031     0.999997      1098408    327680.00
      60.255     0.999997      1098409    374491.43
      60.255     0.999998      1098409    436906.67
      60.255     0.999998      1098409    524288.00
      62.623     0.999998      1098410    582542.22
      62.623     0.999998      1098410    655360.00
      62.623     0.999999      1098410    748982.86
      62.623     0.999999      1098410    873813.33
      62.623     0.999999      1098410   1048576.00
      63.455     0.999999      1098411   1165084.44
      63.455     1.000000      1098411          inf
#[Mean    =        4.432, StdDeviation   =        3.541]
#[Max     =       63.424, Total count    =      1098411]
#[Buckets =           27, SubBuckets     =         2048]
----------------------------------------------------------
  1196944 requests in 2.00m, 10.26GB read
Requests/sec:   9974.33
Transfer/sec:     87.53MB
