Running 2m test @ http://localhost:9003/api/v1/user?id=1
  4 threads and 128 connections
  Thread calibration: mean lat.: 538.262ms, rate sampling interval: 2473ms
  Thread calibration: mean lat.: 534.635ms, rate sampling interval: 2355ms
  Thread calibration: mean lat.: 530.610ms, rate sampling interval: 2385ms
  Thread calibration: mean lat.: 522.358ms, rate sampling interval: 2355ms
  Thread Stats   Avg      Stdev     Max   +/- Stdev
    Latency    17.22s    11.83s   38.34s    55.43%
    Req/Sec     3.26k   782.15     8.48k    91.76%
  Latency Distribution (HdrHistogram - Recorded Latency)
 50.000%   16.89s 
 75.000%   27.57s 
 90.000%   34.01s 
 99.000%   37.78s 
 99.900%   38.17s 
 99.990%   38.31s 
 99.999%   38.37s 
100.000%   38.37s 

  Detailed Percentile spectrum:
       Value   Percentile   TotalCount 1/(1-Percentile)

       0.146     0.000000            1         1.00
    1263.615     0.100000       143339         1.11
    4020.223     0.200000       286665         1.25
    8376.319     0.300000       430051         1.43
   12730.367     0.400000       573510         1.67
   16891.903     0.500000       716841         2.00
   19005.439     0.550000       788839         2.22
   21118.975     0.600000       860188         2.50
   23281.663     0.650000       931731         2.86
   25493.503     0.700000      1003559         3.33
   27574.271     0.750000      1074957         4.00
   28606.463     0.775000      1110778         4.44
   29687.807     0.800000      1146644         5.00
   30752.767     0.825000      1182757         5.71
   31850.495     0.850000      1218475         6.67
   32948.223     0.875000      1254586         8.00
   33488.895     0.887500      1272534         8.89
   34013.183     0.900000      1291052        10.00
   34504.703     0.912500      1308329        11.43
   35028.991     0.925000      1326041        13.33
   35520.511     0.937500      1344313        16.00
   35749.887     0.943750      1352633        17.78
   36044.799     0.950000      1362418        20.00
   36306.943     0.956250      1370994        22.86
   36569.087     0.962500      1380001        26.67
   36831.231     0.968750      1388579        32.00
   36995.071     0.971875      1393381        35.56
   37126.143     0.975000      1397501        40.00
   37289.983     0.978125      1402367        45.71
   37421.055     0.981250      1406376        53.33
   37584.895     0.984375      1411875        64.00
   37617.663     0.985938      1413103        71.11
   37683.199     0.987500      1415570        80.00
   37748.735     0.989062      1418087        91.43
   37814.271     0.990625      1420587       106.67
   37879.807     0.992188      1422973       128.00
   37912.575     0.992969      1424144       142.22
   37945.343     0.993750      1425243       160.00
   37978.111     0.994531      1426327       182.86
   38010.879     0.995313      1427423       213.33
   38043.647     0.996094      1428542       256.00
   38043.647     0.996484      1428542       284.44
   38076.415     0.996875      1429616       320.00
   38076.415     0.997266      1429616       365.71
   38109.183     0.997656      1430499       426.67
   38109.183     0.998047      1430499       512.00
   38141.951     0.998242      1431287       568.89
   38141.951     0.998437      1431287       640.00
   38141.951     0.998633      1431287       731.43
   38174.719     0.998828      1431969       853.33
   38174.719     0.999023      1431969      1024.00
   38174.719     0.999121      1431969      1137.78
   38207.487     0.999219      1432545      1280.00
   38207.487     0.999316      1432545      1462.86
   38207.487     0.999414      1432545      1706.67
   38207.487     0.999512      1432545      2048.00
   38240.255     0.999561      1432856      2275.56
   38240.255     0.999609      1432856      2560.00
   38240.255     0.999658      1432856      2925.71
   38240.255     0.999707      1432856      3413.33
   38240.255     0.999756      1432856      4096.00
   38273.023     0.999780      1433006      4551.11
   38273.023     0.999805      1433006      5120.00
   38273.023     0.999829      1433006      5851.43
   38273.023     0.999854      1433006      6826.67
   38305.791     0.999878      1433115      8192.00
   38305.791     0.999890      1433115      9102.22
   38305.791     0.999902      1433115     10240.00
   38305.791     0.999915      1433115     11702.86
   38305.791     0.999927      1433115     13653.33
   38305.791     0.999939      1433115     16384.00
   38305.791     0.999945      1433115     18204.44
   38338.559     0.999951      1433175     20480.00
   38338.559     0.999957      1433175     23405.71
   38338.559     0.999963      1433175     27306.67
   38338.559     0.999969      1433175     32768.00
   38338.559     0.999973      1433175     36408.89
   38338.559     0.999976      1433175     40960.00
   38338.559     0.999979      1433175     46811.43
   38338.559     0.999982      1433175     54613.33
   38338.559     0.999985      1433175     65536.00
   38338.559     0.999986      1433175     72817.78
   38338.559     0.999988      1433175     81920.00
   38371.327     0.999989      1433191     93622.86
   38371.327     1.000000      1433191          inf
#[Mean    =    17223.499, StdDeviation   =    11830.824]
#[Max     =    38338.560, Total count    =      1433191]
#[Buckets =           27, SubBuckets     =         2048]
----------------------------------------------------------
  1634880 requests in 2.00m, 179.30MB read
  Non-2xx or 3xx responses: 1
Requests/sec:  13623.94
Transfer/sec:      1.49MB
