Running 2m test @ http://localhost:9003/api/v1/users
  4 threads and 128 connections
  Thread calibration: mean lat.: 1.339ms, rate sampling interval: 10ms
  Thread calibration: mean lat.: 1.346ms, rate sampling interval: 10ms
  Thread calibration: mean lat.: 2.836ms, rate sampling interval: 10ms
  Thread calibration: mean lat.: 1.346ms, rate sampling interval: 10ms
  Thread Stats   Avg      Stdev     Max   +/- Stdev
    Latency     1.68ms  843.59us  16.62ms   71.76%
    Req/Sec   525.28    582.74     3.56k    95.76%
  Latency Distribution (HdrHistogram - Recorded Latency)
 50.000%    1.48ms
 75.000%    2.06ms
 90.000%    3.00ms
 99.000%    4.18ms
 99.900%    4.82ms
 99.990%    6.93ms
 99.999%   15.46ms
100.000%   16.64ms

  Detailed Percentile spectrum:
       Value   Percentile   TotalCount 1/(1-Percentile)

       0.512     0.000000            1         1.00
       0.799     0.100000        22060         1.11
       0.984     0.200000        44032         1.25
       1.152     0.300000        65928         1.43
       1.321     0.400000        87903         1.67
       1.481     0.500000       109877         2.00
       1.558     0.550000       120851         2.22
       1.642     0.600000       131827         2.50
       1.758     0.650000       142823         2.86
       1.896     0.700000       153802         3.33
       2.061     0.750000       164792         4.00
       2.155     0.775000       170279         4.44
       2.271     0.800000       175753         5.00
       2.427     0.825000       181254         5.71
       2.619     0.850000       186771         6.67
       2.807     0.875000       192256         8.00
       2.901     0.887500       194954         8.89
       2.999     0.900000       197762        10.00
       3.097     0.912500       200501        11.43
       3.199     0.925000       203207        13.33
       3.311     0.937500       205952        16.00
       3.375     0.943750       207341        17.78
       3.441     0.950000       208697        20.00
       3.517     0.956250       210057        22.86
       3.595     0.962500       211439        26.67
       3.687     0.968750       212807        32.00
       3.741     0.971875       213489        35.56
       3.799     0.975000       214190        40.00
       3.859     0.978125       214880        45.71
       3.929     0.981250       215559        53.33
       4.007     0.984375       216244        64.00
       4.049     0.985938       216583        71.11
       4.095     0.987500       216929        80.00
       4.143     0.989062       217281        91.43
       4.199     0.990625       217620       106.67
       4.255     0.992188       217959       128.00
       4.291     0.992969       218131       142.22
       4.331     0.993750       218304       160.00
       4.371     0.994531       218476       182.86
       4.419     0.995313       218637       213.33
       4.471     0.996094       218814       256.00
       4.495     0.996484       218899       284.44
       4.531     0.996875       218991       320.00
       4.563     0.997266       219073       365.71
       4.607     0.997656       219154       426.67
       4.655     0.998047       219244       512.00
       4.675     0.998242       219282       568.89
       4.707     0.998437       219324       640.00
       4.739     0.998633       219368       731.43
       4.783     0.998828       219412       853.33
       4.835     0.999023       219454      1024.00
       4.871     0.999121       219473      1137.78
       4.911     0.999219       219498      1280.00
       4.943     0.999316       219516      1462.86
       4.991     0.999414       219538      1706.67
       5.039     0.999512       219559      2048.00
       5.067     0.999561       219570      2275.56
       5.111     0.999609       219582      2560.00
       5.179     0.999658       219591      2925.71
       5.219     0.999707       219602      3413.33
       5.455     0.999756       219614      4096.00
       5.531     0.999780       219618      4551.11
       5.603     0.999805       219624      5120.00
       5.723     0.999829       219629      5851.43
       5.975     0.999854       219634      6826.67
       6.723     0.999878       219640      8192.00
       6.803     0.999890       219642      9102.22
       6.947     0.999902       219645     10240.00
       7.031     0.999915       219648     11702.86
       7.051     0.999927       219650     13653.33
       7.147     0.999939       219653     16384.00
       7.151     0.999945       219654     18204.44
       7.195     0.999951       219656     20480.00
       7.515     0.999957       219657     23405.71
       7.887     0.999963       219658     27306.67
      10.847     0.999969       219660     32768.00
      10.847     0.999973       219660     36408.89
      10.903     0.999976       219661     40960.00
      12.135     0.999979       219662     46811.43
      12.135     0.999982       219662     54613.33
      12.663     0.999985       219663     65536.00
      12.663     0.999986       219663     72817.78
      15.463     0.999988       219664     81920.00
      15.463     0.999989       219664     93622.86
      15.463     0.999991       219664    109226.67
      16.559     0.999992       219665    131072.00
      16.559     0.999993       219665    145635.56
      16.559     0.999994       219665    163840.00
      16.559     0.999995       219665    187245.71
      16.559     0.999995       219665    218453.33
      16.639     0.999996       219666    262144.00
      16.639     1.000000       219666          inf
#[Mean    =        1.685, StdDeviation   =        0.844]
#[Max     =       16.624, Total count    =       219666]
#[Buckets =           27, SubBuckets     =         2048]
----------------------------------------------------------
  239449 requests in 2.00m, 2.06GB read
Requests/sec:   1994.74
Transfer/sec:     17.54MB
