1787821441 351989760
1787821446 352292864
1787821451 352313344
1787821456 353001472
1787821461 353046528
1787821466 353116160
1787821471 353128448
1787821476 353136640
1787821481 353148928
1787821486 353161216
1787821491 353169408
1787821496 353406976
1787821501 353419264
1787821506 353468416
1787821511 353632256
1787821516 353513472
1787821521 353529856
1787821526 353550336
1787821531 353558528
1787821536 353579008
1787821541 353615872
1787821546 353640448
1787821551 353652736
1787821556 353730560
1787821561 354136064
1787821566 354168832
1787821571 354189312
1787821576 354213888
1787821581 354226176
1787821586 354246656
1787821591 354258944
1787821596 354275328
1787821601 354336768
1787821606 354353152
1787821611 354361344
1787821616 354394112
1787821621 354406400
1787821626 354426880
1787821631 354451456
1787821636 354455552
1787821641 354500608
1787821646 354525184
1787821651 354541568
1787821656 354557952
1787821662 354586624
1787821667 354598912
1787821672 354611200
1787821677 354643968
1787821682 354672640
1787821687 354701312
1787821692 354717696
1787821697 354873344
1787821702 354758656
1787821707 354762752
1787821712 354934784
1787821717 354807808
1787821722 354824192
1787821727 354861056
1787821732 354877440
1787821737 354922496
1787821742 354934784
1787821747 355012608
1787821752 355045376
1787821757 355057664
1787821762 355139584
1787821767 355147776
1787821772 355184640
1787821777 355192832
1787821782 355221504
1787821787 355246080
1787821792 355266560
1787821797 355307520
1787821802 355319808
1787821807 355356672
1787821812 355381248
1787821817 355385344
1787821822 355405824
1787821827 355430400
1787821832 355454976
1787821837 355475456
1787821842 355487744
1787821847 355520512
1787821852 355540992
1787821857 355561472
1787821862 355577856
1787821867 356061184
1787821872 356093952
1787821877 356118528
1787821882 356143104
1787821887 356167680
1787821892 356323328
1787821897 356208640
1787821902 356216832
1787821907 356401152
1787821912 356278272
1787821917 356290560
1787821922 356331520
1787821927 356356096
1787821932 356515840
1787821937 356413440
1787821942 356499456
1787821947 356511744
1787821952 356560896
1787821957 356573184
1787821962 356655104
1787821967 356659200
1787821972 356691968
1787821977 356696064
1787821982 356782080
1787821987 356798464
1787821992 356818944
1787821997 356843520
1787822002 356855808
1787822007 356888576
1787822012 357400576
1787822017 357425152
1787822022 357433344
1787822027 357462016
1787822032 357478400
1787822037 357507072
1787822043 357515264
1787822048 357515264
1787822053 357515264
1787822058 357515264
1787822063 357515264
1787822068 357515264
1787822073 357515264
1787822078 356368384
1787822083 356368384
1787822088 356368384
1787822093 356368384
1787822098 356368384
1787822103 356368384
