Running 2m test @ http://localhost:9000/api/v1/user?id=1
  4 threads and 128 connections
  Thread calibration: mean lat.: 0.914ms, rate sampling interval: 10ms
  Thread calibration: mean lat.: 0.909ms, rate sampling interval: 10ms
  Thread calibration: mean lat.: 0.910ms, rate sampling interval: 10ms
  Thread calibration: mean lat.: 0.918ms, rate sampling interval: 10ms
  Thread Stats   Avg      Stdev     Max   +/- Stdev
    Latency     0.92ms  404.30us   5.19ms   65.21%
    Req/Sec     3.17k   162.47     3.89k    56.01%
  Latency Distribution (HdrHistogram - Recorded Latency)
 50.000%    0.91ms
 75.000%    1.21ms
 90.000%    1.47ms
 99.000%    1.75ms
 99.900%    1.96ms
 99.990%    2.18ms
 99.999%    3.48ms
100.000%    5.20ms

  Detailed Percentile spectrum:
       Value   Percentile   TotalCount 1/(1-Percentile)

       0.066     0.000000            1         1.00
       0.368     0.100000       131967         1.11
       0.551     0.200000       263713         1.25
       0.677     0.300000       395922         1.43
       0.795     0.400000       527271         1.67
       0.913     0.500000       659107         2.00
       0.970     0.550000       725342         2.22
       1.029     0.600000       791448         2.50
       1.089     0.650000       856824         2.86
       1.149     0.700000       923336         3.33
       1.211     0.750000       989534         4.00
       1.242     0.775000      1021892         4.44
       1.277     0.800000      1054552         5.00
       1.321     0.825000      1087425         5.71
       1.371     0.850000      1120444         6.67
       1.421     0.875000      1153427         8.00
       1.447     0.887500      1169953         8.89
       1.473     0.900000      1186398        10.00
       1.501     0.912500      1203286        11.43
       1.530     0.925000      1219606        13.33
       1.561     0.937500      1236232        16.00
       1.576     0.943750      1244395        17.78
       1.591     0.950000      1252201        20.00
       1.608     0.956250      1260550        22.86
       1.626     0.962500      1268860        26.67
       1.645     0.968750      1276998        32.00
       1.656     0.971875      1281200        35.56
       1.668     0.975000      1285406        40.00
       1.680     0.978125      1289292        45.71
       1.695     0.981250      1293500        53.33
       1.711     0.984375      1297561        64.00
       1.721     0.985938      1299774        71.11
       1.730     0.987500      1301625        80.00
       1.742     0.989062      1303805        91.43
       1.755     0.990625      1305745       106.67
       1.771     0.992188      1307813       128.00
       1.781     0.992969      1308847       142.22
       1.792     0.993750      1309860       160.00
       1.804     0.994531      1310863       182.86
       1.819     0.995313      1311950       213.33
       1.835     0.996094      1312929       256.00
       1.845     0.996484      1313469       284.44
       1.855     0.996875      1313976       320.00
       1.866     0.997266      1314474       365.71
       1.879     0.997656      1314985       426.67
       1.896     0.998047      1315508       512.00
       1.906     0.998242      1315763       568.89
       1.917     0.998437      1316024       640.00
       1.928     0.998633      1316276       731.43
       1.942     0.998828      1316532       853.33
       1.958     0.999023      1316784      1024.00
       1.967     0.999121      1316917      1137.78
       1.978     0.999219      1317045      1280.00
       1.990     0.999316      1317174      1462.86
       2.003     0.999414      1317299      1706.67
       2.022     0.999512      1317434      2048.00
       2.029     0.999561      1317495      2275.56
       2.040     0.999609      1317560      2560.00
       2.049     0.999658      1317625      2925.71
       2.063     0.999707      1317685      3413.33
       2.081     0.999756      1317755      4096.00
       2.089     0.999780      1317784      4551.11
       2.099     0.999805      1317819      5120.00
       2.113     0.999829      1317851      5851.43
       2.127     0.999854      1317879      6826.67
       2.153     0.999878      1317911      8192.00
       2.169     0.999890      1317927      9102.22
       2.195     0.999902      1317944     10240.00
       2.239     0.999915      1317959     11702.86
       2.283     0.999927      1317975     13653.33
       2.331     0.999939      1317991     16384.00
       2.367     0.999945      1317999     18204.44
       2.437     0.999951      1318007     20480.00
       2.497     0.999957      1318016     23405.71
       2.539     0.999963      1318023     27306.67
       2.589     0.999969      1318031     32768.00
       2.617     0.999973      1318035     36408.89
       2.667     0.999976      1318039     40960.00
       2.767     0.999979      1318043     46811.43
       2.785     0.999982      1318047     54613.33
       2.959     0.999985      1318051     65536.00
       3.047     0.999986      1318053     72817.78
       3.167     0.999988      1318055     81920.00
       3.385     0.999989      1318057     93622.86
       3.495     0.999991      1318059    109226.67
       3.653     0.999992      1318061    131072.00
       3.905     0.999993      1318062    145635.56
       3.921     0.999994      1318063    163840.00
       4.069     0.999995      1318064    187245.71
       4.183     0.999995      1318065    218453.33
       4.387     0.999996      1318066    262144.00
       4.803     0.999997      1318067    291271.11
       4.803     0.999997      1318067    327680.00
       4.923     0.999997      1318068    374491.43
       4.923     0.999998      1318068    436906.67
       4.991     0.999998      1318069    524288.00
       4.991     0.999998      1318069    582542.22
       4.991     0.999998      1318069    655360.00
       5.047     0.999999      1318070    748982.86
       5.047     0.999999      1318070    873813.33
       5.047     0.999999      1318070   1048576.00
       5.047     0.999999      1318070   1165084.44
       5.047     0.999999      1318070   1310720.00
       5.195     0.999999      1318071   1497965.71
       5.195     1.000000      1318071          inf
#[Mean    =        0.916, StdDeviation   =        0.404]
#[Max     =        5.192, Total count    =      1318071]
#[Buckets =           27, SubBuckets     =         2048]
----------------------------------------------------------
  1439117 requests in 2.00m, 171.56MB read
Requests/sec:  11992.59
Transfer/sec:      1.43MB
