Running 2m test @ http://localhost:9000/api/v1/users
  4 threads and 128 connections
  Thread calibration: mean lat.: 1.833ms, rate sampling interval: 10ms
  Thread calibration: mean lat.: 1.768ms, rate sampling interval: 10ms
  Thread calibration: mean lat.: 1.844ms, rate sampling interval: 10ms
  Thread calibration: mean lat.: 1.789ms, rate sampling interval: 10ms
  Thread Stats   Avg      Stdev     Max   +/- Stdev
    Latency     1.84ms    1.13ms  43.84ms   96.64%
    Req/Sec     2.11k   189.31     4.55k    70.80%
  Latency Distribution (HdrHistogram - Recorded Latency)
 50.000%    1.74ms
 75.000%    2.09ms
 90.000%    2.55ms
 99.000%    3.45ms
 99.900%   21.20ms
 99.990%   32.11ms
 99.999%   38.97ms
100.000%   43.87ms

  Detailed Percentile spectrum:
       Value   Percentile   TotalCount 1/(1-Percentile)

       0.667     0.000000            2         1.00
       1.137     0.100000        88190         1.11
       1.318     0.200000       175922         1.25
       1.469     0.300000       263823         1.43
       1.611     0.400000       351735         1.67
       1.737     0.500000       439513         2.00
       1.798     0.550000       483597         2.22
       1.860     0.600000       527425         2.50
       1.925     0.650000       571434         2.86
       1.998     0.700000       615612         3.33
       2.087     0.750000       659144         4.00
       2.141     0.775000       681109         4.44
       2.203     0.800000       703334         5.00
       2.273     0.825000       725540         5.71
       2.349     0.850000       747052         6.67
       2.439     0.875000       768924         8.00
       2.493     0.887500       779974         8.89
       2.553     0.900000       790875        10.00
       2.619     0.912500       802018        11.43
       2.689     0.925000       813080        13.33
       2.759     0.937500       823826        16.00
       2.799     0.943750       829405        17.78
       2.839     0.950000       834818        20.00
       2.883     0.956250       840344        22.86
       2.933     0.962500       845760        26.67
       2.993     0.968750       851394        32.00
       3.027     0.971875       854042        35.56
       3.069     0.975000       856744        40.00
       3.121     0.978125       859568        45.71
       3.179     0.981250       862305        53.33
       3.251     0.984375       865026        64.00
       3.295     0.985938       866373        71.11
       3.345     0.987500       867738        80.00
       3.407     0.989062       869102        91.43
       3.489     0.990625       870479       106.67
       3.611     0.992188       871855       128.00
       3.691     0.992969       872547       142.22
       3.793     0.993750       873224       160.00
       3.953     0.994531       873908       182.86
       4.187     0.995313       874597       213.33
       4.675     0.996094       875280       256.00
       5.299     0.996484       875622       284.44
       6.743     0.996875       875966       320.00
       9.319     0.997266       876310       365.71
      12.039     0.997656       876652       426.67
      14.399     0.998047       876995       512.00
      15.679     0.998242       877167       568.89
      17.167     0.998437       877340       640.00
      18.543     0.998633       877511       731.43
      19.919     0.998828       877682       853.33
      21.375     0.999023       877853      1024.00
      22.111     0.999121       877939      1137.78
      22.911     0.999219       878025      1280.00
      23.807     0.999316       878111      1462.86
      24.639     0.999414       878199      1706.67
      25.599     0.999512       878282      2048.00
      26.111     0.999561       878326      2275.56
      26.575     0.999609       878368      2560.00
      27.215     0.999658       878411      2925.71
      27.887     0.999707       878455      3413.33
      28.607     0.999756       878497      4096.00
      29.199     0.999780       878518      4551.11
      29.903     0.999805       878541      5120.00
      30.239     0.999829       878561      5851.43
      30.943     0.999854       878583      6826.67
      31.487     0.999878       878604      8192.00
      31.839     0.999890       878615      9102.22
      32.319     0.999902       878626     10240.00
      32.767     0.999915       878636     11702.86
      33.343     0.999927       878647     13653.33
      34.015     0.999939       878658     16384.00
      34.239     0.999945       878664     18204.44
      34.495     0.999951       878669     20480.00
      34.815     0.999957       878674     23405.71
      35.199     0.999963       878679     27306.67
      36.127     0.999969       878685     32768.00
      36.319     0.999973       878687     36408.89
      36.511     0.999976       878691     40960.00
      36.799     0.999979       878693     46811.43
      37.023     0.999982       878695     54613.33
      37.759     0.999985       878698     65536.00
      38.143     0.999986       878699     72817.78
      38.527     0.999988       878701     81920.00
      38.975     0.999989       878703     93622.86
      38.975     0.999991       878703    109226.67
      39.935     0.999992       878705    131072.00
      39.935     0.999993       878705    145635.56
      41.119     0.999994       878706    163840.00
      41.535     0.999995       878707    187245.71
      41.535     0.999995       878707    218453.33
      42.047     0.999996       878708    262144.00
      42.047     0.999997       878708    291271.11
      42.239     0.999997       878709    327680.00
      42.239     0.999997       878709    374491.43
      42.239     0.999998       878709    436906.67
      43.199     0.999998       878710    524288.00
      43.199     0.999998       878710    582542.22
      43.199     0.999998       878710    655360.00
      43.199     0.999999       878710    748982.86
      43.199     0.999999       878710    873813.33
      43.871     0.999999       878711   1048576.00
      43.871     1.000000       878711          inf
#[Mean    =        1.843, StdDeviation   =        1.125]
#[Max     =       43.840, Total count    =       878711]
#[Buckets =           27, SubBuckets     =         2048]
----------------------------------------------------------
  959426 requests in 2.00m, 8.22GB read
Requests/sec:   7995.18
Transfer/sec:     70.16MB
