Running 2m test @ http://localhost:9002/api/v1/user?id=1
  4 threads and 128 connections
  Thread calibration: mean lat.: 1.625ms, rate sampling interval: 10ms
  Thread calibration: mean lat.: 1.615ms, rate sampling interval: 10ms
  Thread calibration: mean lat.: 1.616ms, rate sampling interval: 10ms
  Thread calibration: mean lat.: 1.623ms, rate sampling interval: 10ms
  Thread Stats   Avg      Stdev     Max   +/- Stdev
    Latency     1.71ms    1.53ms  30.66ms   96.95%
    Req/Sec     7.91k     1.02k   16.44k    89.27%
  Latency Distribution (HdrHistogram - Recorded Latency)
 50.000%    1.47ms
 75.000%    1.99ms
 90.000%    2.56ms
 99.000%    8.72ms
 99.900%   21.18ms
 99.990%   26.67ms
 99.999%   29.63ms
100.000%   30.67ms

  Detailed Percentile spectrum:
       Value   Percentile   TotalCount 1/(1-Percentile)

       0.138     0.000000            1         1.00
       0.779     0.100000       329687         1.11
       0.975     0.200000       660192         1.25
       1.141     0.300000       990272         1.43
       1.300     0.400000      1318614         1.67
       1.466     0.500000      1648380         2.00
       1.555     0.550000      1813218         2.22
       1.650     0.600000      1978607         2.50
       1.752     0.650000      2143393         2.86
       1.864     0.700000      2307503         3.33
       1.993     0.750000      2471741         4.00
       2.065     0.775000      2554005         4.44
       2.145     0.800000      2637672         5.00
       2.229     0.825000      2719338         5.71
       2.323     0.850000      2801581         6.67
       2.429     0.875000      2883594         8.00
       2.489     0.887500      2925175         8.89
       2.555     0.900000      2966869        10.00
       2.625     0.912500      3007168        11.43
       2.705     0.925000      3048096        13.33
       2.801     0.937500      3089556        16.00
       2.857     0.943750      3110528        17.78
       2.919     0.950000      3130649        20.00
       2.997     0.956250      3151189        22.86
       3.095     0.962500      3171964        26.67
       3.227     0.968750      3192294        32.00
       3.317     0.971875      3202636        35.56
       3.443     0.975000      3212891        40.00
       3.705     0.978125      3223124        45.71
       4.827     0.981250      3233424        53.33
       6.331     0.984375      3243718        64.00
       7.015     0.985938      3248894        71.11
       7.647     0.987500      3254015        80.00
       8.303     0.989062      3259178        91.43
       9.015     0.990625      3264349       106.67
       9.791     0.992188      3269481       128.00
      10.231     0.992969      3272070       142.22
      10.743     0.993750      3274622       160.00
      11.383     0.994531      3277181       182.86
      12.231     0.995313      3279758       213.33
      13.439     0.996094      3282336       256.00
      14.223     0.996484      3283619       284.44
      15.079     0.996875      3284905       320.00
      15.999     0.997266      3286186       365.71
      17.007     0.997656      3287497       426.67
      18.111     0.998047      3288772       512.00
      18.655     0.998242      3289419       568.89
      19.231     0.998437      3290069       640.00
      19.823     0.998633      3290695       731.43
      20.511     0.998828      3291340       853.33
      21.263     0.999023      3291989      1024.00
      21.647     0.999121      3292307      1137.78
      22.127     0.999219      3292636      1280.00
      22.559     0.999316      3292945      1462.86
      23.039     0.999414      3293268      1706.67
      23.535     0.999512      3293595      2048.00
      23.775     0.999561      3293750      2275.56
      24.015     0.999609      3293912      2560.00
      24.303     0.999658      3294076      2925.71
      24.607     0.999707      3294236      3413.33
      24.927     0.999756      3294393      4096.00
      25.119     0.999780      3294472      4551.11
      25.375     0.999805      3294555      5120.00
      25.631     0.999829      3294638      5851.43
      25.903     0.999854      3294716      6826.67
      26.271     0.999878      3294795      8192.00
      26.559     0.999890      3294837      9102.22
      26.703     0.999902      3294876     10240.00
      26.975     0.999915      3294916     11702.86
      27.263     0.999927      3294955     13653.33
      27.519     0.999939      3294995     16384.00
      27.615     0.999945      3295017     18204.44
      27.759     0.999951      3295036     20480.00
      28.015     0.999957      3295056     23405.71
      28.159     0.999963      3295077     27306.67
      28.383     0.999969      3295096     32768.00
      28.511     0.999973      3295107     36408.89
      28.607     0.999976      3295116     40960.00
      28.831     0.999979      3295126     46811.43
      29.007     0.999982      3295137     54613.33
      29.103     0.999985      3295146     65536.00
      29.199     0.999986      3295152     72817.78
      29.311     0.999988      3295157     81920.00
      29.583     0.999989      3295161     93622.86
      29.647     0.999991      3295166    109226.67
      29.759     0.999992      3295172    131072.00
      29.791     0.999993      3295174    145635.56
      29.887     0.999994      3295176    163840.00
      29.919     0.999995      3295179    187245.71
      29.951     0.999995      3295181    218453.33
      30.031     0.999996      3295184    262144.00
      30.047     0.999997      3295185    291271.11
      30.063     0.999997      3295186    327680.00
      30.127     0.999997      3295188    374491.43
      30.143     0.999998      3295189    436906.67
      30.319     0.999998      3295190    524288.00
      30.335     0.999998      3295192    582542.22
      30.335     0.999998      3295192    655360.00
      30.335     0.999999      3295192    748982.86
      30.367     0.999999      3295193    873813.33
      30.367     0.999999      3295193   1048576.00
      30.399     0.999999      3295194   1165084.44
      30.399     0.999999      3295194   1310720.00
      30.399     0.999999      3295194   1497965.71
      30.431     0.999999      3295195   1747626.67
      30.431     1.000000      3295195   2097152.00
      30.431     1.000000      3295195   2330168.89
      30.431     1.000000      3295195   2621440.00
      30.431     1.000000      3295195   2995931.43
      30.671     1.000000      3295196   3495253.33
      30.671     1.000000      3295196          inf
#[Mean    =        1.714, StdDeviation   =        1.533]
#[Max     =       30.656, Total count    =      3295196]
#[Buckets =           27, SubBuckets     =         2048]
----------------------------------------------------------
  3597686 requests in 2.00m, 394.57MB read
Requests/sec:  29980.56
Transfer/sec:      3.29MB
