Running 2m test @ http://localhost:9000/api/v1/user?id=1
  4 threads and 128 connections
  Thread calibration: mean lat.: 0.913ms, rate sampling interval: 10ms
  Thread calibration: mean lat.: 0.907ms, rate sampling interval: 10ms
  Thread calibration: mean lat.: 0.907ms, rate sampling interval: 10ms
  Thread calibration: mean lat.: 0.910ms, rate sampling interval: 10ms
  Thread Stats   Avg      Stdev     Max   +/- Stdev
    Latency     0.91ms  402.25us   4.60ms   65.17%
    Req/Sec     3.17k   161.90     3.89k    55.59%
  Latency Distribution (HdrHistogram - Recorded Latency)
 50.000%    0.91ms
 75.000%    1.21ms
 90.000%    1.46ms
 99.000%    1.74ms
 99.900%    1.95ms
 99.990%    2.24ms
 99.999%    3.45ms
100.000%    4.60ms

  Detailed Percentile spectrum:
       Value   Percentile   TotalCount 1/(1-Percentile)

       0.071     0.000000            2         1.00
       0.370     0.100000       132019         1.11
       0.545     0.200000       263825         1.25
       0.672     0.300000       396057         1.43
       0.792     0.400000       527779         1.67
       0.911     0.500000       659610         2.00
       0.968     0.550000       724986         2.22
       1.027     0.600000       791659         2.50
       1.085     0.650000       857067         2.86
       1.146     0.700000       923455         3.33
       1.206     0.750000       988614         4.00
       1.237     0.775000      1022333         4.44
       1.271     0.800000      1054853         5.00
       1.314     0.825000      1087846         5.71
       1.363     0.850000      1120854         6.67
       1.413     0.875000      1153515         8.00
       1.438     0.887500      1169968         8.89
       1.464     0.900000      1186286        10.00
       1.491     0.912500      1202947        11.43
       1.519     0.925000      1219496        13.33
       1.551     0.937500      1236219        16.00
       1.566     0.943750      1243960        17.78
       1.583     0.950000      1252613        20.00
       1.600     0.956250      1260846        22.86
       1.618     0.962500      1268686        26.67
       1.638     0.968750      1277027        32.00
       1.649     0.971875      1281381        35.56
       1.660     0.975000      1285361        40.00
       1.672     0.978125      1289330        45.71
       1.686     0.981250      1293394        53.33
       1.703     0.984375      1297641        64.00
       1.712     0.985938      1299539        71.11
       1.723     0.987500      1301649        80.00
       1.735     0.989062      1303713        91.43
       1.749     0.990625      1305811       106.67
       1.764     0.992188      1307823       128.00
       1.773     0.992969      1308827       142.22
       1.784     0.993750      1309903       160.00
       1.795     0.994531      1310871       182.86
       1.809     0.995313      1311910       213.33
       1.824     0.996094      1312929       256.00
       1.834     0.996484      1313463       284.44
       1.844     0.996875      1313990       320.00
       1.855     0.997266      1314483       365.71
       1.869     0.997656      1315010       426.67
       1.884     0.998047      1315498       512.00
       1.894     0.998242      1315780       568.89
       1.905     0.998437      1316033       640.00
       1.915     0.998633      1316273       731.43
       1.929     0.998828      1316531       853.33
       1.947     0.999023      1316793      1024.00
       1.956     0.999121      1316914      1137.78
       1.968     0.999219      1317054      1280.00
       1.979     0.999316      1317179      1462.86
       1.993     0.999414      1317304      1706.67
       2.011     0.999512      1317431      2048.00
       2.021     0.999561      1317496      2275.56
       2.033     0.999609      1317559      2560.00
       2.047     0.999658      1317623      2925.71
       2.061     0.999707      1317686      3413.33
       2.083     0.999756      1317754      4096.00
       2.095     0.999780      1317784      4551.11
       2.111     0.999805      1317818      5120.00
       2.135     0.999829      1317849      5851.43
       2.157     0.999854      1317879      6826.67
       2.191     0.999878      1317914      8192.00
       2.211     0.999890      1317928      9102.22
       2.251     0.999902      1317945     10240.00
       2.283     0.999915      1317962     11702.86
       2.339     0.999927      1317978     13653.33
       2.395     0.999939      1317992     16384.00
       2.443     0.999945      1318000     18204.44
       2.481     0.999951      1318008     20480.00
       2.543     0.999957      1318016     23405.71
       2.621     0.999963      1318024     27306.67
       2.793     0.999969      1318033     32768.00
       2.805     0.999973      1318036     36408.89
       2.849     0.999976      1318040     40960.00
       2.917     0.999979      1318044     46811.43
       3.035     0.999982      1318048     54613.33
       3.161     0.999985      1318052     65536.00
       3.255     0.999986      1318054     72817.78
       3.303     0.999988      1318056     81920.00
       3.405     0.999989      1318058     93622.86
       3.459     0.999991      1318060    109226.67
       3.627     0.999992      1318062    131072.00
       3.663     0.999993      1318063    145635.56
       3.693     0.999994      1318064    163840.00
       3.723     0.999995      1318065    187245.71
       3.745     0.999995      1318066    218453.33
       3.865     0.999996      1318067    262144.00
       4.155     0.999997      1318068    291271.11
       4.155     0.999997      1318068    327680.00
       4.259     0.999997      1318069    374491.43
       4.259     0.999998      1318069    436906.67
       4.439     0.999998      1318070    524288.00
       4.439     0.999998      1318070    582542.22
       4.439     0.999998      1318070    655360.00
       4.511     0.999999      1318071    748982.86
       4.511     0.999999      1318071    873813.33
       4.511     0.999999      1318071   1048576.00
       4.511     0.999999      1318071   1165084.44
       4.511     0.999999      1318071   1310720.00
       4.599     0.999999      1318072   1497965.71
       4.599     1.000000      1318072          inf
#[Mean    =        0.912, StdDeviation   =        0.402]
#[Max     =        4.596, Total count    =      1318072]
#[Buckets =           27, SubBuckets     =         2048]
----------------------------------------------------------
  1439116 requests in 2.00m, 171.56MB read
Requests/sec:  11992.53
Transfer/sec:      1.43MB
