Running 2m test @ http://localhost:9008/api/v1/user?id=1
  4 threads and 128 connections
  Thread calibration: mean lat.: 1.057ms, rate sampling interval: 10ms
  Thread calibration: mean lat.: 1.064ms, rate sampling interval: 10ms
  Thread calibration: mean lat.: 1.067ms, rate sampling interval: 10ms
  Thread calibration: mean lat.: 1.066ms, rate sampling interval: 10ms
  Thread Stats   Avg      Stdev     Max   +/- Stdev
    Latency     1.05ms  492.22us  22.16ms   70.26%
    Req/Sec     3.17k   190.34     9.78k    78.12%
  Latency Distribution (HdrHistogram - Recorded Latency)
 50.000%    1.03ms
 75.000%    1.37ms
 90.000%    1.63ms
 99.000%    2.07ms
 99.900%    2.64ms
 99.990%   13.49ms
 99.999%   20.59ms
100.000%   22.17ms

  Detailed Percentile spectrum:
       Value   Percentile   TotalCount 1/(1-Percentile)

       0.158     0.000000            1         1.00
       0.462     0.100000       132274         1.11
       0.620     0.200000       263703         1.25
       0.763     0.300000       395426         1.43
       0.896     0.400000       527323         1.67
       1.029     0.500000       659823         2.00
       1.095     0.550000       725044         2.22
       1.162     0.600000       791638         2.50
       1.228     0.650000       857119         2.86
       1.297     0.700000       922666         3.33
       1.371     0.750000       988921         4.00
       1.408     0.775000      1021836         4.44
       1.445     0.800000      1054502         5.00
       1.484     0.825000      1088034         5.71
       1.525     0.850000      1120561         6.67
       1.572     0.875000      1153373         8.00
       1.599     0.887500      1169977         8.89
       1.628     0.900000      1186462        10.00
       1.661     0.912500      1203189        11.43
       1.697     0.925000      1219505        13.33
       1.738     0.937500      1235999        16.00
       1.760     0.943750      1244035        17.78
       1.785     0.950000      1252349        20.00
       1.812     0.956250      1260586        22.86
       1.842     0.962500      1268683        26.67
       1.877     0.968750      1276991        32.00
       1.896     0.971875      1281088        35.56
       1.918     0.975000      1285265        40.00
       1.941     0.978125      1289291        45.71
       1.968     0.981250      1293397        53.33
       1.999     0.984375      1297524        64.00
       2.016     0.985938      1299562        71.11
       2.035     0.987500      1301630        80.00
       2.059     0.989062      1303821        91.43
       2.085     0.990625      1305880       106.67
       2.113     0.992188      1307833       128.00
       2.129     0.992969      1308860       142.22
       2.147     0.993750      1309863       160.00
       2.169     0.994531      1310905       182.86
       2.195     0.995313      1311922       213.33
       2.227     0.996094      1312967       256.00
       2.245     0.996484      1313482       284.44
       2.265     0.996875      1313991       320.00
       2.291     0.997266      1314511       365.71
       2.323     0.997656      1315002       426.67
       2.363     0.998047      1315507       512.00
       2.389     0.998242      1315769       568.89
       2.419     0.998437      1316020       640.00
       2.465     0.998633      1316279       731.43
       2.533     0.998828      1316538       853.33
       2.663     0.999023      1316791      1024.00
       2.769     0.999121      1316920      1137.78
       2.919     0.999219      1317048      1280.00
       3.091     0.999316      1317177      1462.86
       3.349     0.999414      1317308      1706.67
       3.803     0.999512      1317434      2048.00
       4.275     0.999561      1317498      2275.56
       4.935     0.999609      1317563      2560.00
       5.911     0.999658      1317627      2925.71
       7.159     0.999707      1317692      3413.33
       8.175     0.999756      1317756      4096.00
       8.879     0.999780      1317788      4551.11
       9.535     0.999805      1317820      5120.00
      10.623     0.999829      1317852      5851.43
      11.375     0.999854      1317884      6826.67
      12.399     0.999878      1317917      8192.00
      13.055     0.999890      1317933      9102.22
      13.775     0.999902      1317949     10240.00
      14.551     0.999915      1317965     11702.86
      15.599     0.999927      1317981     13653.33
      16.607     0.999939      1317997     16384.00
      17.359     0.999945      1318005     18204.44
      18.111     0.999951      1318013     20480.00
      18.511     0.999957      1318021     23405.71
      19.055     0.999963      1318030     27306.67
      19.295     0.999969      1318037     32768.00
      19.631     0.999973      1318042     36408.89
      19.663     0.999976      1318045     40960.00
      19.823     0.999979      1318049     46811.43
      20.175     0.999982      1318053     54613.33
      20.351     0.999985      1318057     65536.00
      20.383     0.999986      1318059     72817.78
      20.479     0.999988      1318061     81920.00
      20.543     0.999989      1318063     93622.86
      20.751     0.999991      1318065    109226.67
      20.911     0.999992      1318067    131072.00
      20.927     0.999993      1318068    145635.56
      21.087     0.999994      1318069    163840.00
      21.135     0.999995      1318070    187245.71
      21.151     0.999995      1318071    218453.33
      21.231     0.999996      1318072    262144.00
      21.423     0.999997      1318073    291271.11
      21.423     0.999997      1318073    327680.00
      21.503     0.999997      1318074    374491.43
      21.503     0.999998      1318074    436906.67
      21.855     0.999998      1318075    524288.00
      21.855     0.999998      1318075    582542.22
      21.855     0.999998      1318075    655360.00
      22.047     0.999999      1318076    748982.86
      22.047     0.999999      1318076    873813.33
      22.047     0.999999      1318076   1048576.00
      22.047     0.999999      1318076   1165084.44
      22.047     0.999999      1318076   1310720.00
      22.175     0.999999      1318077   1497965.71
      22.175     1.000000      1318077          inf
#[Mean    =        1.048, StdDeviation   =        0.492]
#[Max     =       22.160, Total count    =      1318077]
#[Buckets =           27, SubBuckets     =         2048]
----------------------------------------------------------
  1439118 requests in 2.00m, 446.31MB read
Requests/sec:  11992.60
Transfer/sec:      3.72MB
