Running 2m test @ http://localhost:9003/api/v1/users
  4 threads and 128 connections
  Thread calibration: mean lat.: 1.452ms, rate sampling interval: 10ms
  Thread calibration: mean lat.: 1.442ms, rate sampling interval: 10ms
  Thread calibration: mean lat.: 1.438ms, rate sampling interval: 10ms
  Thread calibration: mean lat.: 1.451ms, rate sampling interval: 10ms
  Thread Stats   Avg      Stdev     Max   +/- Stdev
    Latency     1.45ms  608.07us  31.04ms   78.43%
    Req/Sec     1.58k   143.11     4.80k    73.45%
  Latency Distribution (HdrHistogram - Recorded Latency)
 50.000%    1.40ms
 75.000%    1.77ms
 90.000%    2.12ms
 99.000%    2.59ms
 99.900%    4.33ms
 99.990%   21.31ms
 99.999%   26.90ms
100.000%   31.06ms

  Detailed Percentile spectrum:
       Value   Percentile   TotalCount 1/(1-Percentile)

       0.512     0.000000            1         1.00
       0.850     0.100000        66085         1.11
       1.001     0.200000       132150         1.25
       1.135     0.300000       197897         1.43
       1.264     0.400000       263799         1.67
       1.396     0.500000       329795         2.00
       1.464     0.550000       362917         2.22
       1.534     0.600000       395845         2.50
       1.605     0.650000       428412         2.86
       1.683     0.700000       461645         3.33
       1.767     0.750000       494319         4.00
       1.814     0.775000       510916         4.44
       1.864     0.800000       527339         5.00
       1.919     0.825000       543782         5.71
       1.980     0.850000       560312         6.67
       2.046     0.875000       576748         8.00
       2.083     0.887500       585371         8.89
       2.119     0.900000       593319        10.00
       2.159     0.912500       601697        11.43
       2.201     0.925000       609970        13.33
       2.247     0.937500       618124        16.00
       2.271     0.943750       621984        17.78
       2.299     0.950000       626345        20.00
       2.327     0.956250       630403        22.86
       2.359     0.962500       634585        26.67
       2.391     0.968750       638505        32.00
       2.409     0.971875       640526        35.56
       2.431     0.975000       642645        40.00
       2.455     0.978125       644702        45.71
       2.481     0.981250       646781        53.33
       2.511     0.984375       648749        64.00
       2.529     0.985938       649782        71.11
       2.549     0.987500       650823        80.00
       2.573     0.989062       651855        91.43
       2.601     0.990625       652915       106.67
       2.633     0.992188       653930       128.00
       2.651     0.992969       654444       142.22
       2.673     0.993750       654958       160.00
       2.699     0.994531       655464       182.86
       2.733     0.995313       655968       213.33
       2.783     0.996094       656466       256.00
       2.825     0.996484       656729       284.44
       2.885     0.996875       656985       320.00
       2.979     0.997266       657238       365.71
       3.151     0.997656       657495       426.67
       3.391     0.998047       657753       512.00
       3.525     0.998242       657882       568.89
       3.709     0.998437       658010       640.00
       3.885     0.998633       658138       731.43
       4.115     0.998828       658267       853.33
       4.383     0.999023       658396      1024.00
       4.579     0.999121       658461      1137.78
       4.915     0.999219       658524      1280.00
       5.743     0.999316       658588      1462.86
       8.503     0.999414       658652      1706.67
      10.391     0.999512       658717      2048.00
      11.319     0.999561       658749      2275.56
      12.519     0.999609       658781      2560.00
      13.623     0.999658       658813      2925.71
      14.975     0.999707       658845      3413.33
      16.399     0.999756       658878      4096.00
      17.023     0.999780       658894      4551.11
      17.951     0.999805       658910      5120.00
      18.719     0.999829       658926      5851.43
      19.471     0.999854       658942      6826.67
      20.687     0.999878       658958      8192.00
      20.959     0.999890       658966      9102.22
      21.487     0.999902       658974     10240.00
      21.823     0.999915       658982     11702.86
      22.271     0.999927       658990     13653.33
      22.479     0.999939       658998     16384.00
      22.895     0.999945       659002     18204.44
      23.071     0.999951       659006     20480.00
      23.487     0.999957       659010     23405.71
      23.775     0.999963       659015     27306.67
      24.207     0.999969       659018     32768.00
      24.223     0.999973       659020     36408.89
      24.479     0.999976       659022     40960.00
      24.863     0.999979       659024     46811.43
      25.055     0.999982       659026     54613.33
      26.351     0.999985       659028     65536.00
      26.623     0.999986       659029     72817.78
      26.719     0.999988       659030     81920.00
      26.895     0.999989       659031     93622.86
      27.391     0.999991       659032    109226.67
      27.487     0.999992       659033    131072.00
      27.519     0.999993       659034    145635.56
      27.519     0.999994       659034    163840.00
      28.351     0.999995       659035    187245.71
      28.351     0.999995       659035    218453.33
      29.055     0.999996       659036    262144.00
      29.055     0.999997       659036    291271.11
      29.055     0.999997       659036    327680.00
      29.151     0.999997       659037    374491.43
      29.151     0.999998       659037    436906.67
      29.151     0.999998       659037    524288.00
      29.151     0.999998       659037    582542.22
      29.151     0.999998       659037    655360.00
      31.055     0.999999       659038    748982.86
      31.055     1.000000       659038          inf
#[Mean    =        1.452, StdDeviation   =        0.608]
#[Max     =       31.040, Total count    =       659038]
#[Buckets =           27, SubBuckets     =         2048]
----------------------------------------------------------
  719592 requests in 2.00m, 6.18GB read
Requests/sec:   5996.55
Transfer/sec:     52.72MB
