Running 2m test @ http://localhost:9000/api/v1/users
  4 threads and 128 connections
  Thread calibration: mean lat.: 1.547ms, rate sampling interval: 10ms
  Thread calibration: mean lat.: 1.548ms, rate sampling interval: 10ms
  Thread calibration: mean lat.: 1.566ms, rate sampling interval: 10ms
  Thread calibration: mean lat.: 1.559ms, rate sampling interval: 10ms
  Thread Stats   Avg      Stdev     Max   +/- Stdev
    Latency     1.67ms    1.04ms  45.41ms   96.80%
    Req/Sec     1.58k   165.85     4.55k    71.53%
  Latency Distribution (HdrHistogram - Recorded Latency)
 50.000%    1.55ms
 75.000%    1.95ms
 90.000%    2.38ms
 99.000%    2.97ms
 99.900%   18.22ms
 99.990%   34.65ms
 99.999%   40.99ms
100.000%   45.44ms

  Detailed Percentile spectrum:
       Value   Percentile   TotalCount 1/(1-Percentile)

       0.591     0.000000            1         1.00
       1.011     0.100000        66027         1.11
       1.164     0.200000       132259         1.25
       1.298     0.300000       197787         1.43
       1.426     0.400000       263883         1.67
       1.554     0.500000       329675         2.00
       1.621     0.550000       362860         2.22
       1.691     0.600000       395832         2.50
       1.767     0.650000       428711         2.86
       1.851     0.700000       461418         3.33
       1.948     0.750000       494537         4.00
       2.002     0.775000       511004         4.44
       2.063     0.800000       527539         5.00
       2.131     0.825000       544004         5.71
       2.205     0.850000       560296         6.67
       2.287     0.875000       576813         8.00
       2.331     0.887500       585013         8.89
       2.379     0.900000       593436        10.00
       2.427     0.912500       601499        11.43
       2.479     0.925000       609638        13.33
       2.535     0.937500       617903        16.00
       2.565     0.943750       621982        17.78
       2.597     0.950000       626107        20.00
       2.631     0.956250       630309        22.86
       2.667     0.962500       634323        26.67
       2.709     0.968750       638585        32.00
       2.731     0.971875       640499        35.56
       2.757     0.975000       642613        40.00
       2.785     0.978125       644632        45.71
       2.819     0.981250       646722        53.33
       2.859     0.984375       648751        64.00
       2.883     0.985938       649807        71.11
       2.911     0.987500       650872        80.00
       2.943     0.989062       651855        91.43
       2.987     0.990625       652869       106.67
       3.053     0.992188       653891       128.00
       3.099     0.992969       654416       142.22
       3.165     0.993750       654918       160.00
       3.253     0.994531       655430       182.86
       3.387     0.995313       655945       213.33
       3.683     0.996094       656463       256.00
       3.977     0.996484       656718       284.44
       4.707     0.996875       656975       320.00
       6.315     0.997266       657232       365.71
       8.407     0.997656       657490       426.67
      10.823     0.998047       657748       512.00
      12.223     0.998242       657876       568.89
      13.887     0.998437       658005       640.00
      15.231     0.998633       658133       731.43
      16.767     0.998828       658262       853.33
      18.431     0.999023       658391      1024.00
      19.247     0.999121       658455      1137.78
      20.335     0.999219       658520      1280.00
      21.455     0.999316       658585      1462.86
      22.559     0.999414       658648      1706.67
      24.127     0.999512       658713      2048.00
      24.943     0.999561       658745      2275.56
      25.919     0.999609       658777      2560.00
      26.863     0.999658       658809      2925.71
      27.999     0.999707       658841      3413.33
      29.407     0.999756       658874      4096.00
      30.319     0.999780       658891      4551.11
      31.039     0.999805       658907      5120.00
      31.487     0.999829       658922      5851.43
      32.351     0.999854       658938      6826.67
      33.471     0.999878       658954      8192.00
      34.239     0.999890       658962      9102.22
      34.719     0.999902       658970     10240.00
      35.551     0.999915       658978     11702.86
      37.087     0.999927       658986     13653.33
      37.631     0.999939       658996     16384.00
      37.663     0.999945       658998     18204.44
      38.207     0.999951       659002     20480.00
      38.559     0.999957       659006     23405.71
      38.943     0.999963       659010     27306.67
      39.167     0.999969       659014     32768.00
      39.679     0.999973       659016     36408.89
      39.903     0.999976       659018     40960.00
      40.095     0.999979       659020     46811.43
      40.287     0.999982       659022     54613.33
      40.511     0.999985       659024     65536.00
      40.543     0.999986       659025     72817.78
      40.959     0.999988       659026     81920.00
      40.991     0.999989       659027     93622.86
      41.151     0.999991       659028    109226.67
      41.183     0.999992       659029    131072.00
      41.343     0.999993       659030    145635.56
      41.343     0.999994       659030    163840.00
      41.535     0.999995       659031    187245.71
      41.535     0.999995       659031    218453.33
      42.687     0.999996       659032    262144.00
      42.687     0.999997       659032    291271.11
      42.687     0.999997       659032    327680.00
      43.935     0.999997       659033    374491.43
      43.935     0.999998       659033    436906.67
      43.935     0.999998       659033    524288.00
      43.935     0.999998       659033    582542.22
      43.935     0.999998       659033    655360.00
      45.439     0.999999       659034    748982.86
      45.439     1.000000       659034          inf
#[Mean    =        1.666, StdDeviation   =        1.035]
#[Max     =       45.408, Total count    =       659034]
#[Buckets =           27, SubBuckets     =         2048]
----------------------------------------------------------
  719587 requests in 2.00m, 6.17GB read
Requests/sec:   5996.52
Transfer/sec:     52.62MB
