Running 2m test @ http://localhost:9000/api/v1/user?id=1
  4 threads and 128 connections
  Thread calibration: mean lat.: 0.859ms, rate sampling interval: 10ms
  Thread calibration: mean lat.: 0.869ms, rate sampling interval: 10ms
  Thread calibration: mean lat.: 1.051ms, rate sampling interval: 10ms
  Thread calibration: mean lat.: 0.868ms, rate sampling interval: 10ms
  Thread Stats   Avg      Stdev     Max   +/- Stdev
    Latency     0.92ms  535.99us  21.07ms   75.06%
    Req/Sec     6.32k   550.68    17.78k    79.88%
  Latency Distribution (HdrHistogram - Recorded Latency)
 50.000%    0.90ms
 75.000%    1.24ms
 90.000%    1.50ms
 99.000%    1.97ms
 99.900%    2.63ms
 99.990%   16.93ms
 99.999%   19.74ms
100.000%   21.09ms

  Detailed Percentile spectrum:
       Value   Percentile   TotalCount 1/(1-Percentile)

       0.068     0.000000            1         1.00
       0.332     0.100000       264248         1.11
       0.486     0.200000       528971         1.25
       0.624     0.300000       791406         1.43
       0.761     0.400000      1055603         1.67
       0.898     0.500000      1318296         2.00
       0.967     0.550000      1450329         2.22
       1.035     0.600000      1582166         2.50
       1.104     0.650000      1714827         2.86
       1.172     0.700000      1845700         3.33
       1.242     0.750000      1978669         4.00
       1.277     0.775000      2044755         4.44
       1.312     0.800000      2108944         5.00
       1.350     0.825000      2175387         5.71
       1.392     0.850000      2241176         6.67
       1.441     0.875000      2306942         8.00
       1.469     0.887500      2340252         8.89
       1.499     0.900000      2373265        10.00
       1.531     0.912500      2405637        11.43
       1.567     0.925000      2438633        13.33
       1.608     0.937500      2471793        16.00
       1.631     0.943750      2488401        17.78
       1.656     0.950000      2504767        20.00
       1.684     0.956250      2521124        22.86
       1.716     0.962500      2537661        26.67
       1.753     0.968750      2553984        32.00
       1.774     0.971875      2562115        35.56
       1.797     0.975000      2570272        40.00
       1.824     0.978125      2578796        45.71
       1.854     0.981250      2586929        53.33
       1.888     0.984375      2594962        64.00
       1.908     0.985938      2599084        71.11
       1.930     0.987500      2603324        80.00
       1.954     0.989062      2607346        91.43
       1.982     0.990625      2611558       106.67
       2.012     0.992188      2615619       128.00
       2.029     0.992969      2617672       142.22
       2.049     0.993750      2619824       160.00
       2.069     0.994531      2621801       182.86
       2.093     0.995313      2623847       213.33
       2.123     0.996094      2625960       256.00
       2.139     0.996484      2626922       284.44
       2.159     0.996875      2627983       320.00
       2.181     0.997266      2628996       365.71
       2.209     0.997656      2630028       426.67
       2.247     0.998047      2631014       512.00
       2.275     0.998242      2631540       568.89
       2.311     0.998437      2632046       640.00
       2.361     0.998633      2632544       731.43
       2.453     0.998828      2633072       853.33
       2.673     0.999023      2633573      1024.00
       2.907     0.999121      2633832      1137.78
       3.367     0.999219      2634089      1280.00
       4.487     0.999316      2634345      1462.86
       6.643     0.999414      2634603      1706.67
       8.719     0.999512      2634860      2048.00
       9.695     0.999561      2634989      2275.56
      10.591     0.999609      2635119      2560.00
      11.495     0.999658      2635246      2925.71
      12.583     0.999707      2635375      3413.33
      13.671     0.999756      2635507      4096.00
      14.175     0.999780      2635569      4551.11
      14.671     0.999805      2635633      5120.00
      15.175     0.999829      2635697      5851.43
      15.775     0.999854      2635765      6826.67
      16.359     0.999878      2635826      8192.00
      16.751     0.999890      2635860      9102.22
      16.975     0.999902      2635892     10240.00
      17.199     0.999915      2635923     11702.86
      17.407     0.999927      2635955     13653.33
      17.647     0.999939      2635988     16384.00
      17.775     0.999945      2636004     18204.44
      17.919     0.999951      2636019     20480.00
      18.079     0.999957      2636035     23405.71
      18.335     0.999963      2636051     27306.67
      18.511     0.999969      2636071     32768.00
      18.559     0.999973      2636076     36408.89
      18.639     0.999976      2636083     40960.00
      18.767     0.999979      2636091     46811.43
      19.071     0.999982      2636099     54613.33
      19.263     0.999985      2636107     65536.00
      19.439     0.999986      2636111     72817.78
      19.599     0.999988      2636115     81920.00
      19.663     0.999989      2636119     93622.86
      19.775     0.999991      2636123    109226.67
      19.855     0.999992      2636127    131072.00
      19.967     0.999993      2636130    145635.56
      19.999     0.999994      2636131    163840.00
      20.127     0.999995      2636133    187245.71
      20.191     0.999995      2636135    218453.33
      20.319     0.999996      2636137    262144.00
      20.335     0.999997      2636138    291271.11
      20.399     0.999997      2636139    327680.00
      20.431     0.999997      2636140    374491.43
      20.447     0.999998      2636141    436906.67
      20.639     0.999998      2636142    524288.00
      20.671     0.999998      2636143    582542.22
      20.671     0.999998      2636143    655360.00
      20.719     0.999999      2636144    748982.86
      20.719     0.999999      2636144    873813.33
      20.831     0.999999      2636145   1048576.00
      20.831     0.999999      2636145   1165084.44
      20.831     0.999999      2636145   1310720.00
      20.943     0.999999      2636146   1497965.71
      20.943     0.999999      2636146   1747626.67
      20.943     1.000000      2636146   2097152.00
      20.943     1.000000      2636146   2330168.89
      20.943     1.000000      2636146   2621440.00
      21.087     1.000000      2636147   2995931.43
      21.087     1.000000      2636147          inf
#[Mean    =        0.921, StdDeviation   =        0.536]
#[Max     =       21.072, Total count    =      2636147]
#[Buckets =           27, SubBuckets     =         2048]
----------------------------------------------------------
  2872629 requests in 2.00m, 342.44MB read
Requests/sec:  23938.55
Transfer/sec:      2.85MB
