Running 5m test @ http://localhost:8080/api/v1/user?id=1
  4 threads and 32 connections
  Thread calibration: mean lat.: 0.725ms, rate sampling interval: 10ms
  Thread calibration: mean lat.: 0.720ms, rate sampling interval: 10ms
  Thread calibration: mean lat.: 0.713ms, rate sampling interval: 10ms
  Thread calibration: mean lat.: 0.716ms, rate sampling interval: 10ms
  Thread Stats   Avg      Stdev     Max   +/- Stdev
    Latency   828.67us  340.73us  14.17ms   66.06%
    Req/Sec   262.97     78.19   666.00     87.07%
  Latency Distribution (HdrHistogram - Recorded Latency)
 50.000%  835.00us
 75.000%    1.07ms
 90.000%    1.27ms
 99.000%    1.57ms
 99.900%    1.77ms
 99.990%    1.95ms
 99.999%    9.21ms
100.000%   14.18ms

  Detailed Percentile spectrum:
       Value   Percentile   TotalCount 1/(1-Percentile)

       0.072     0.000000            1         1.00
       0.372     0.100000        29019         1.11
       0.512     0.200000        58031         1.25
       0.631     0.300000        87214         1.43
       0.731     0.400000       116024         1.67
       0.835     0.500000       145023         2.00
       0.883     0.550000       159639         2.22
       0.931     0.600000       174221         2.50
       0.976     0.650000       188493         2.86
       1.025     0.700000       203163         3.33
       1.074     0.750000       217587         4.00
       1.099     0.775000       224844         4.44
       1.125     0.800000       232199         5.00
       1.153     0.825000       239412         5.71
       1.184     0.850000       246478         6.67
       1.225     0.875000       253896         8.00
       1.246     0.887500       257348         8.89
       1.270     0.900000       260999        10.00
       1.296     0.912500       264683        11.43
       1.324     0.925000       268268        13.33
       1.356     0.937500       271886        16.00
       1.373     0.943750       273668        17.78
       1.392     0.950000       275538        20.00
       1.411     0.956250       277357        22.86
       1.431     0.962500       279124        26.67
       1.454     0.968750       280965        32.00
       1.465     0.971875       281806        35.56
       1.478     0.975000       282721        40.00
       1.491     0.978125       283621        45.71
       1.507     0.981250       284537        53.33
       1.525     0.984375       285469        64.00
       1.534     0.985938       285898        71.11
       1.545     0.987500       286356        80.00
       1.557     0.989062       286791        91.43
       1.571     0.990625       287240       106.67
       1.589     0.992188       287717       128.00
       1.598     0.992969       287918       142.22
       1.609     0.993750       288158       160.00
       1.620     0.994531       288380       182.86
       1.634     0.995313       288614       213.33
       1.650     0.996094       288832       256.00
       1.660     0.996484       288944       284.44
       1.671     0.996875       289056       320.00
       1.684     0.997266       289170       365.71
       1.699     0.997656       289278       426.67
       1.717     0.998047       289397       512.00
       1.725     0.998242       289452       568.89
       1.735     0.998437       289505       640.00
       1.744     0.998633       289562       731.43
       1.758     0.998828       289622       853.33
       1.771     0.999023       289673      1024.00
       1.779     0.999121       289702      1137.78
       1.794     0.999219       289730      1280.00
       1.802     0.999316       289761      1462.86
       1.814     0.999414       289788      1706.67
       1.830     0.999512       289815      2048.00
       1.835     0.999561       289829      2275.56
       1.845     0.999609       289843      2560.00
       1.853     0.999658       289858      2925.71
       1.868     0.999707       289873      3413.33
       1.887     0.999756       289886      4096.00
       1.895     0.999780       289893      4551.11
       1.902     0.999805       289900      5120.00
       1.922     0.999829       289907      5851.43
       1.935     0.999854       289915      6826.67
       1.940     0.999878       289922      8192.00
       1.947     0.999890       289925      9102.22
       1.956     0.999902       289928     10240.00
       1.962     0.999915       289932     11702.86
       1.974     0.999927       289935     13653.33
       2.012     0.999939       289939     16384.00
       2.025     0.999945       289941     18204.44
       2.063     0.999951       289942     20480.00
       2.075     0.999957       289944     23405.71
       2.085     0.999963       289946     27306.67
       3.997     0.999969       289948     32768.00
       4.655     0.999973       289949     36408.89
       4.655     0.999976       289949     40960.00
       5.163     0.999979       289950     46811.43
       5.339     0.999982       289951     54613.33
       9.151     0.999985       289952     65536.00
       9.207     0.999986       289953     72817.78
       9.207     0.999988       289953     81920.00
       9.207     0.999989       289953     93622.86
      10.183     0.999991       289954    109226.67
      10.183     0.999992       289954    131072.00
      10.439     0.999993       289955    145635.56
      10.439     0.999994       289955    163840.00
      10.439     0.999995       289955    187245.71
      10.439     0.999995       289955    218453.33
      10.439     0.999996       289955    262144.00
      14.175     0.999997       289956    291271.11
      14.175     1.000000       289956          inf
#[Mean    =        0.829, StdDeviation   =        0.341]
#[Max     =       14.168, Total count    =       289956]
#[Buckets =           27, SubBuckets     =         2048]
----------------------------------------------------------
  299996 requests in 5.00m, 35.76MB read
Requests/sec:    999.99
Transfer/sec:    122.07KB
