Running 2m test @ http://localhost:9000/api/v1/user?id=1
  4 threads and 128 connections
  Thread calibration: mean lat.: 0.819ms, rate sampling interval: 10ms
  Thread calibration: mean lat.: 0.817ms, rate sampling interval: 10ms
  Thread calibration: mean lat.: 0.831ms, rate sampling interval: 10ms
  Thread calibration: mean lat.: 0.833ms, rate sampling interval: 10ms
  Thread Stats   Avg      Stdev     Max   +/- Stdev
    Latency   827.77us  439.99us  21.65ms   68.00%
    Req/Sec     6.52k   365.94    16.80k    69.28%
  Latency Distribution (HdrHistogram - Recorded Latency)
 50.000%  819.00us
 75.000%    1.14ms
 90.000%    1.34ms
 99.000%    1.78ms
 99.900%    2.23ms
 99.990%   12.70ms
 99.999%   19.66ms
100.000%   21.66ms

  Detailed Percentile spectrum:
       Value   Percentile   TotalCount 1/(1-Percentile)

       0.072     0.000000            1         1.00
       0.291     0.100000       276111         1.11
       0.425     0.200000       550697         1.25
       0.556     0.300000       824376         1.43
       0.687     0.400000      1098727         1.67
       0.819     0.500000      1373354         2.00
       0.885     0.550000      1511676         2.22
       0.949     0.600000      1648004         2.50
       1.013     0.650000      1786582         2.86
       1.074     0.700000      1922642         3.33
       1.136     0.750000      2061347         4.00
       1.167     0.775000      2129185         4.44
       1.199     0.800000      2197665         5.00
       1.232     0.825000      2265635         5.71
       1.267     0.850000      2335023         6.67
       1.303     0.875000      2403461         8.00
       1.322     0.887500      2437768         8.89
       1.342     0.900000      2472116        10.00
       1.363     0.912500      2505964        11.43
       1.387     0.925000      2540795        13.33
       1.414     0.937500      2575185        16.00
       1.429     0.943750      2591843        17.78
       1.447     0.950000      2609470        20.00
       1.467     0.956250      2626394        22.86
       1.491     0.962500      2643295        26.67
       1.521     0.968750      2660323        32.00
       1.540     0.971875      2668912        35.56
       1.562     0.975000      2677351        40.00
       1.589     0.978125      2686077        45.71
       1.623     0.981250      2694645        53.33
       1.666     0.984375      2703152        64.00
       1.693     0.985938      2707502        71.11
       1.725     0.987500      2711802        80.00
       1.761     0.989062      2716063        91.43
       1.802     0.990625      2720269       106.67
       1.851     0.992188      2724561       128.00
       1.879     0.992969      2726765       142.22
       1.908     0.993750      2728839       160.00
       1.941     0.994531      2731028       182.86
       1.977     0.995313      2733152       213.33
       2.016     0.996094      2735268       256.00
       2.037     0.996484      2736371       284.44
       2.059     0.996875      2737430       320.00
       2.083     0.997266      2738536       365.71
       2.109     0.997656      2739617       426.67
       2.137     0.998047      2740678       512.00
       2.153     0.998242      2741233       568.89
       2.169     0.998437      2741724       640.00
       2.187     0.998633      2742289       731.43
       2.205     0.998828      2742787       853.33
       2.231     0.999023      2743316      1024.00
       2.245     0.999121      2743581      1137.78
       2.265     0.999219      2743872      1280.00
       2.283     0.999316      2744125      1462.86
       2.311     0.999414      2744395      1706.67
       2.361     0.999512      2744660      2048.00
       2.433     0.999561      2744788      2275.56
       2.641     0.999609      2744922      2560.00
       2.955     0.999658      2745056      2925.71
       3.369     0.999707      2745191      3413.33
       3.829     0.999756      2745324      4096.00
       4.131     0.999780      2745391      4551.11
       4.783     0.999805      2745458      5120.00
       6.919     0.999829      2745525      5851.43
       8.687     0.999854      2745592      6826.67
      11.031     0.999878      2745659      8192.00
      11.983     0.999890      2745693      9102.22
      12.959     0.999902      2745726     10240.00
      14.095     0.999915      2745760     11702.86
      14.879     0.999927      2745793     13653.33
      15.927     0.999939      2745827     16384.00
      16.367     0.999945      2745844     18204.44
      17.039     0.999951      2745861     20480.00
      17.487     0.999957      2745877     23405.71
      17.967     0.999963      2745894     27306.67
      18.191     0.999969      2745911     32768.00
      18.255     0.999973      2745919     36408.89
      18.479     0.999976      2745928     40960.00
      18.671     0.999979      2745936     46811.43
      18.815     0.999982      2745944     54613.33
      19.087     0.999985      2745953     65536.00
      19.183     0.999986      2745958     72817.78
      19.231     0.999988      2745961     81920.00
      19.615     0.999989      2745966     93622.86
      19.727     0.999991      2745969    109226.67
      19.871     0.999992      2745974    131072.00
      19.887     0.999993      2745976    145635.56
      20.015     0.999994      2745979    163840.00
      20.031     0.999995      2745980    187245.71
      20.159     0.999995      2745982    218453.33
      20.223     0.999996      2745984    262144.00
      20.319     0.999997      2745987    291271.11
      20.319     0.999997      2745987    327680.00
      20.319     0.999997      2745987    374491.43
      20.383     0.999998      2745988    436906.67
      20.447     0.999998      2745989    524288.00
      20.847     0.999998      2745990    582542.22
      20.847     0.999998      2745990    655360.00
      21.007     0.999999      2745991    748982.86
      21.007     0.999999      2745991    873813.33
      21.119     0.999999      2745992   1048576.00
      21.119     0.999999      2745992   1165084.44
      21.119     0.999999      2745992   1310720.00
      21.231     0.999999      2745993   1497965.71
      21.231     0.999999      2745993   1747626.67
      21.231     1.000000      2745993   2097152.00
      21.231     1.000000      2745993   2330168.89
      21.231     1.000000      2745993   2621440.00
      21.663     1.000000      2745994   2995931.43
      21.663     1.000000      2745994          inf
#[Mean    =        0.828, StdDeviation   =        0.440]
#[Max     =       21.648, Total count    =      2745994]
#[Buckets =           27, SubBuckets     =         2048]
----------------------------------------------------------
  2998098 requests in 2.00m, 357.40MB read
Requests/sec:  24983.97
Transfer/sec:      2.98MB
